-1.932539802173849353e-02
-8.177634300103875375e-04
-3.502773245198653740e-04
-5.667438177791694898e-03
3.547255686591199719e-04
1.529062012772897106e-02
3.291556313381960308e-03
-1.463310671822881659e-02
-9.427515823920984417e-03
7.415606299460364426e-03
7.497050289916984411e-03
-2.346179753020649628e-03
6.511179326286864466e-03
6.435093639039379809e-03
-9.566429438766732574e-03
-1.114063022541245118e-03
2.376700247179286407e-03
-2.578730933073813958e-04
-1.635295087322674590e-02
9.057128068667097409e-03
2.724441152122558663e-02
8.622092626278998750e-03
-2.378492155482803128e-03
-4.352119859980518868e-03
2.694834259440170854e-03
-3.235958119507387210e-03
-4.289270093716268661e-03
5.452135305011118760e-02
-3.655954837727293238e-03
-5.909877351035319748e-03
-2.534881425150459222e-03
1.123611270293700670e-02
5.798932953403834745e-03
-3.349919794864320011e-03
1.093254138137211839e-03
-1.018369185258372056e-02
3.684839680692775232e-03
1.387809210332591192e-02
6.650236731437608739e-03
2.838070198798448018e-04
-8.246359056800045551e-03
2.813444952733945570e-02
-2.477761379658716123e-02
8.030297864110025330e-04
-1.454040399737088762e-02
4.847350121702831416e-02
-1.360569796002764065e-02
5.592859594688803782e-03
1.443496553635981172e-02
-4.343553540577360650e-03
5.164305400498392373e-03
-2.921666377808662673e-04
1.500332513777458132e-02
-7.293566659804184837e-03
-1.613845496418875314e-02
2.013876664297153951e-02
-8.293233800705124281e-03
-3.111281311786839865e-03
-1.619249731965943795e-02
1.437007087493569202e-02
1.660097064802990019e-02
-1.157812198375296475e-03
-2.087106510142078264e-02
5.578470426392811987e-03
2.248216197322516763e-02
2.110780528697731029e-03
1.807230309724161543e-02
1.253113329284794020e-02
-7.564312673656203856e-03
6.494235332061748522e-02
-9.250366238600093993e-04
5.830986875750454601e-03
4.750210853091019203e-03
1.755404148552486276e-02
4.008919155213064300e-03
-9.968195909054955450e-03
-4.471443114333339963e-04
1.322181320350779288e-03
-1.888515450865213552e-05
-2.047273719120212832e-02
-4.506804430437938436e-03
2.046150822513403966e-02
-6.936579550195887123e-03
-6.421061910430125863e-03
3.517965364121522498e-03
5.770801267601655127e-05
2.063700610662522195e-02
1.246135491513733484e-02
-3.132422589787964284e-03
2.998101834436361912e-02
6.300187438434079468e-03
1.782978282310665463e-03
3.852229310095900416e-02
-1.660982288733237056e-03
9.554658704896468180e-03
-1.767168573238109275e-03
-7.648364326025003379e-03
-4.520351559143342968e-02
2.727031972504789792e-05
4.695761626139827172e-03
-1.765023558706513285e-02
-2.209479657021695687e-02
-1.365945326424267137e-02
-1.947056992525730834e-03
1.541371381971856636e-03
-3.016966401478526905e-03
-2.132580580319398678e-03
-5.154207953154354982e-03
-1.022256107426500193e-02
3.430701757842768984e-04
2.168020468045739335e-02
6.914565635618430406e-04
-2.834814991530620887e-02
1.307296262798729458e-02
-2.333364820037431286e-04
2.755847291180835157e-02
5.615244736880242726e-03
3.834112364041608600e-02
2.275120219353610196e-03
2.052365622628116171e-03
-2.736656854789742965e-03
-2.986125386591709230e-03
-9.513400379649539218e-03
9.845635519010187409e-03
6.079878377477143658e-03
-2.656118367734450203e-02
4.005908925550194510e-03
-3.812613199752235005e-03
-3.483487331278567467e-03
-1.721551072070148791e-02
-2.370768618783536397e-02
2.685641101976443679e-02
6.206944592751284517e-03
1.258491183618204445e-03
-1.425146942643529258e-02
1.193349330712578649e-04
1.573287374502285729e-02
-6.545400786599486764e-04
1.694515165140053625e-02
2.506400509602713100e-03
-1.371815461047276585e-02
6.042204543870610678e-03
-6.867918230579306282e-03
-1.436431984330610589e-02
4.188130794933186962e-04
-2.761423349380009995e-04
-7.476500958915721640e-03
-1.977365085323867788e-03
-1.861756376486667364e-03
2.268128745988917672e-03
5.375162926814169850e-03
5.699238267318662565e-03
-2.665414319463366155e-02
-1.200829029437855411e-02
-4.931022580185739912e-03
-1.109423998811998047e-02
-1.400283987732819924e-02
2.286304712662001748e-02
-3.136014813804877122e-04
3.396411670536281235e-03
2.354597806585800868e-02
-1.951264950654874042e-02
2.300131862955900885e-02
-4.392125705621197085e-04
-1.421416010904508198e-03
4.132151842384246265e-03
-8.806807273193939523e-03
6.290443818492974515e-04
1.604481653934008989e-02
-7.409607717967503504e-03
-5.328514107233672803e-03
-1.344236106760199334e-02
-1.085447769250613703e-02
-7.581953203308344769e-02
2.798336918588439914e-02
-6.368116624768660472e-03
2.544287173034120997e-04
-1.076859445074518362e-03
-7.762868195440475461e-03
-7.387624688003668894e-02
-1.486227746150881046e-02
4.252640161471354929e-02
5.372393718575452226e-03
-7.385846053518108079e-03
-1.044615089849543210e-03
4.922382734946495475e-04
-1.441895831771233816e-02
-1.117388744816594226e-03
-1.579281841095792061e-03
-3.560834088132125430e-04
-1.161234455044279912e-02
4.690533075372371741e-03
2.919914600070683264e-03
-5.564826429575120414e-03
5.553448692440454693e-03
9.209524734860252693e-03
2.332490308571344428e-02
-5.218643896931496329e-04
-8.761869401766375631e-03
8.451684249996205267e-03
2.426395666853764510e-03
-1.848171222548167236e-02
-7.693905500259390351e-03
-2.504826689071038004e-03
-5.361302931692257800e-02
1.796864307518575288e-03
-5.916792324898167976e-03
-4.337856808790618857e-03
4.037189292084519820e-03
-8.148775280876208171e-04
6.765249109790261173e-03
-3.977454843209216051e-04
-1.736302006546353027e-02
1.814080903839609960e-02
-2.241150991734386366e-03
4.838868813919461331e-02
1.432175040743999261e-03
-1.929672521789882467e-03
2.219473451360798322e-02
5.029842784265881050e-03
-1.698060219986530228e-03
1.926376923857731072e-02
5.392112577045082844e-04
1.247898278298009700e-02
-5.179793605964988501e-03
-1.310304436304399189e-02
-6.287434461782481776e-05
3.441542555531640346e-03
7.796083083334792718e-03
-1.400979988000372600e-03
-1.393097074069871155e-03
-1.916815081224498840e-02
7.561679932138432036e-02
-5.982483429742657677e-02
-5.988165833075598243e-03
-3.771837487718698867e-03
-1.775420320391773998e-02
1.766717014440999378e-02
8.026983536666421060e-04
8.978172242594339991e-03
3.800339613514047699e-02
2.490959399725767298e-03
-2.087137454518028790e-02
1.947719009174235794e-01
4.368997426227139158e-02
-5.940721165416107397e-04
-6.751814538308309466e-04
-2.031063438732161330e-03
-5.216177783841757787e-03
2.242315382513382360e-02
1.586037385462546467e-02
-1.415794601310693679e-02
2.220899341480198075e-02
-4.481835963792590860e-03
-3.643137511062377598e-04
-8.280712753078844912e-03
1.612708081882630040e-03
3.264786778412442914e-02
1.702740261126933774e-04
2.866318251953714480e-03
-6.768305422951925721e-03
-1.044444954011680693e-03
2.391079113110627929e-02
1.151166977098938560e-03
1.821802158624308277e-02
-1.039875388739908146e-02
6.350363046404794432e-03
-4.799809003678490171e-03
-4.196610363464969851e-04
2.828877137290675137e-02
-2.316403599841976302e-03
-6.470119680255237427e-03
2.287725976869303679e-02
-2.683264775022564663e-03
-3.884977160296898546e-03
-4.210070203711779868e-04
-9.165680743574711187e-04
6.014557059650371684e-04
5.853443840823757682e-03
-3.195537480440435729e-04
1.781720557332278077e-04
-3.183456602626932863e-02
-7.009511923182998316e-03
1.126225459104546189e-02
-5.239334633586167911e-03
-4.487037748621247601e-03
3.108113304371329377e-03
-3.214216413953252527e-03
4.766566804475402819e-03
-3.745205290234920881e-03
-1.753509521977392183e-03
5.893994264463131572e-03
1.841429454005449884e-03
-2.481273614158396867e-03
-1.956126218701115249e-03
2.659213227302004157e-03
-2.024748862294600826e-02
1.908261407482569894e-03
-1.542102475669615558e-02
-2.404623206478717634e-03
4.896799272721352736e-03
-5.392621603130365315e-03
-1.843668521837926733e-03
-5.867755788813155959e-04
1.231047327454604101e-04
-5.585169159896707924e-03
2.865304446915573067e-03
-3.055027723091541247e-02
1.457142733503502541e-03
2.459746010188723631e-03
7.260559629873597487e-03
1.838069549137344438e-03
-8.821898769699743070e-04
5.111601002089471990e-02
-5.816043458255037990e-03
-1.352519003282637300e-02
2.028684606613850860e-02
3.984833114163421897e-04
-7.312351779187764578e-03
-1.606640915172263817e-03
1.189513056649715850e-03
-7.392834408381787625e-04
1.267847677418920682e-02
4.907254260819726710e-04
5.643735476638767068e-03
2.678640663816622691e-03
4.161428975823611154e-03
-5.105507493592398305e-04
1.865911704600620169e-02
-3.599995781360831870e-03
3.934694302063945770e-03
-9.914923531260555478e-03
-5.696343092821365417e-02
7.423896468857549280e-03
-1.200501096968764614e-02
5.360280445422915818e-03
-1.908203503566241466e-03
3.319256707938933459e-02
-1.373658104938613178e-03
-1.178012219230417656e-02
1.150033574264597291e-02
-4.134347692138717889e-03
-2.247465194050057846e-03
2.419126023083251198e-02
3.239729777673616695e-03
6.716118939255721898e-03
-5.714735188147912481e-03
-7.646892911026270667e-04
1.202486153142601211e-02
4.685740686495520890e-03
9.285517552372724026e-03
-2.212068793436827718e-03
-5.661701436956434463e-04
5.301093856704142127e-02
6.322619241386107092e-03
-5.329642519350308305e-02
9.757517371485135982e-02
-1.512952917118113305e-01
-2.153790994086079991e-04
-5.924446042953945835e-03
1.270845867367143001e-04
5.420883946891663641e-03
-5.644826370119204739e-04
-5.828153845499173258e-03
-1.116349133217653389e-02
6.686633704209299367e-04
-1.672361189705995344e-02
4.038407560763346282e-03
2.525735437929199634e-02
2.137915546889246343e-04
4.502983335141763632e-03
-1.279283404839404170e-03
5.386637652183168257e-03
-3.750697552749926444e-03
-7.865798435993553994e-03
9.171465935170708406e-02
-3.804276141375240172e-03
-6.471998271971379779e-02
2.633745499498019171e-03
8.674179187259767332e-03
5.072574543540042669e-03
-2.360514300857374792e-03
9.194329923625232937e-03
2.818897803123832091e-03
-6.052488730055927135e-03
1.250884315193800944e-02
1.584338121730866078e-03
5.815316947204607345e-03
-2.992968628898751149e-03
2.937028541049713226e-03
-4.955791642558438070e-03
-3.343487735957495488e-03
-5.509702470249067119e-03
-7.354324754745888981e-02
2.467131465468952456e-03
1.674549055798379982e-02
3.391838893688614576e-02
-1.565928382831494048e-02
6.208134896720451934e-03
4.830872614132175613e-03
-3.345042257816288611e-04
1.629053253800272216e-02
3.619928313893794325e-02
-9.031002313736991027e-03
1.734181484176389176e-02
1.275587245981668616e-02
-3.598903290141919342e-02
-6.510427520677097846e-03
-5.987853072010551614e-03
-6.033223165692547241e-03
-9.122419999272324276e-04
-2.033513934662778411e-04
-2.481021700887708903e-03
-3.710342019637202782e-02
7.309209714314590656e-04
3.903086013092860185e-03
-1.543489884436510806e-02
-5.017171982395041141e-03
-2.810998152897425939e-03
1.325730866657437446e-03
1.398022515278540823e-02
1.658886459599884233e-03
2.702485371743890141e-03
3.135073511202790542e-03
4.355699010728741882e-03
2.967397585891262679e-04
6.566253753662820714e-03
-6.019999260047370626e-04
2.400135476463916007e-02
-2.271331471145998648e-03
1.108596103243542075e-03
6.360619485795027117e-03
-1.061201564267477693e-03
-1.163592183152317716e-02
-8.908505347243078631e-03
-3.993166590046115516e-03
5.763738052001698975e-03
-8.801371873019547820e-04
2.065762714928531807e-03
-7.733970368040132826e-04
2.034636590758509556e-02
9.430879696008531710e-04
-2.822617855724018909e-03
-4.964127137121465694e-03
-1.766243149429413961e-03
-9.557136277216216058e-04
7.326906752213702134e-03
2.178013196125760942e-04
-2.555593884980034147e-02
3.021077345673361947e-03
-5.033298192635982105e-04
-1.502997166085151548e-03
2.872396877506844248e-04
-6.388143888523600822e-03
-5.420080963581597189e-03
-2.295487040518295885e-02
9.661079784615722588e-03
1.786973438893113553e-04
8.249981480190626826e-05
6.092561945656882472e-03
3.089335949222160593e-02
8.501071710398377945e-05
-1.307428202570370956e-02
-2.152974975592947260e-02
-2.660587851540441306e-03
-1.455309033781482242e-02
2.264011117461883771e-03
-6.497408776484192572e-03
2.507539789618817849e-03
5.566156677941691555e-03
3.050644188757445363e-03
1.770339856452807226e-03
6.499527078173983341e-02
1.065224249717644511e-02
-8.093937667926098811e-03
3.760241325851509941e-03
-1.682764470517561506e-02
-2.530765280134517070e-03
-2.512165265708077300e-03
8.494471793850877361e-03
3.420776738984443455e-03
6.440797043442358927e-03
-1.256611922098826994e-02
-2.131368354337581650e-03
-6.181183303016979380e-03
-1.956769938438895906e-02
7.087138992202923760e-03
2.704039325904084023e-02
2.273944585844134281e-02
-3.741629908729393605e-03
6.021565034863840538e-04
-6.959282827111579195e-02
4.336939861523170237e-02
3.967383349733566433e-03
-3.512270593481581216e-03
3.268901434635118619e-02
9.326331494250439391e-04
-2.969714483892182955e-02
1.911700862963527925e-02
-1.261946518904366599e-02
2.050069769872386871e-02
2.333397284111526915e-03
-3.793367831779193011e-03
-1.913250345641159811e-03
4.433719545019698671e-03
6.659272579021546790e-04
8.506427652061887557e-04
-5.787501276435236264e-03
-1.629278032873848758e-02
-8.315564958058629941e-03
-4.242136393362017088e-04
-1.712871053799247534e-03
-1.678251855826395911e-02
3.318423257994140840e-03
1.473144345528254462e-03
-3.549983432726833144e-05
4.298516742391456091e-04
1.557859719934384657e-03
-1.462109203249006839e-02
-2.149284848246146851e-02
9.540805600895652105e-03
1.753486168258078237e-02
5.396921365043994001e-03
-1.938058541575671256e-02
-2.385457800890833369e-04
-1.061503258203266853e-02
-1.829959765745847733e-02
-2.246780514430746223e-02
1.980099980137595139e-03
-3.263942850612266966e-03
3.301706054500641585e-03
2.428402989216138508e-02
-1.863498891527370915e-03
-1.390280465161097823e-03
3.303037050258694762e-03
5.666703800285333159e-03
-6.101876282507134874e-04
6.431603143806086109e-04
3.532948552681602905e-03
1.399376250529549282e-02
1.266867476234079248e-02
3.599107630728948237e-02
-1.689865422221004110e-02
-1.081665627203420854e-02
2.490420862718778494e-03
-5.788602529555930687e-03
5.247334465316555452e-03
-1.544641800174773039e-03
-1.322929913330384011e-03
-1.529024010149804269e-02
-3.404623487275770799e-03
-1.331738202519971992e-03
2.048937555334973126e-03
4.245277966674620984e-05
1.657259728585103176e-02
-2.162324564771722635e-04
-4.165637068703986756e-03
-1.336392093523386393e-02
3.142781935693506057e-03
-1.937584552669235904e-03
1.386132072954460170e-02
-7.945867119151017732e-03
-5.039474070643734649e-02
-1.951845555566933399e-03
-1.764746952494178345e-03
-4.423320516924178492e-04
-1.141180465708657721e-03
2.177739744180229309e-04
-2.333848620865808243e-02
-8.672900150836326816e-03
-6.023857837480051103e-03
1.349594387800578943e-04
-2.502889785081841012e-02
5.070988379261009982e-03
-3.563331515170631292e-03
-9.084219847563801409e-03
5.107480511448159177e-04
2.719129738053993606e-03
4.705740082387244172e-02
-1.284269794311398982e-03
-2.423945652978432008e-04
-5.316723402938094978e-03
1.882761333639848544e-03
-3.748261785140805102e-02
-1.508061494144286030e-03
-2.029163732270333753e-02
6.015184888704894206e-03
3.040695780407887128e-03
-1.951310371808290256e-03
1.563450512897723854e-02
-8.510157228585057965e-04
-2.840342085068670031e-04
1.161834521825078070e-02
1.007869747517986525e-03
5.142102910660639736e-03
2.376122395183521974e-02
-1.690796764091118121e-03
4.439899583912776393e-03
-8.213063798377717717e-03
-5.166768646713393309e-03
-3.844254483240661102e-04
1.208190385124652266e-03
-4.263715624327701903e-03
-7.554232567034802059e-03
-5.045502960395964465e-03
-1.490545693226152935e-03
5.759213436675736375e-03
1.169861442310349275e-03
-7.379058759173773296e-04
-5.165598937228566001e-03
1.461632803873413877e-02
7.100114495557363625e-03
4.053887420404578279e-03
-3.920167092731574598e-03
2.073462098611145166e-03
-3.188559938074320144e-03
1.002407250641823566e-03
-1.160161047241636822e-02
-1.947333471457923793e-02
9.542296754453616359e-03
-1.144425446547003844e-02
1.293405661163049558e-02
-1.790202112360717024e-02
-4.334315924021225896e-03
2.029081316985426042e-03
-5.888832049429026938e-03
-3.208331500649919121e-03
2.769533900504939083e-03
-9.911096182300127566e-04
1.523884924633467364e-02
-7.504101387867834205e-03
5.179804998325820975e-03
-1.897983916197176768e-02
-8.303270258803507886e-03
7.089543773975748309e-03
-1.447079836420783749e-04
-9.560709056769312042e-03
-2.275366117304500335e-03
1.580103363060736399e-02
-9.577577927910141398e-03
3.001105627702571610e-02
3.186412149284834072e-03
2.427357257742457364e-03
-1.424054020320753011e-02
-3.690667634677957665e-03
-2.451635242437077977e-03
-1.814678326809371356e-03
1.451460070236620936e-02
-7.220821178073322244e-04
-8.851652504375806529e-03
1.577645559924789609e-03
-7.172189143390728105e-02
-2.559135701802262020e-02
-2.861744585835879207e-04
5.994943011454978432e-03
-4.295074780662488934e-03
3.014154143178515710e-03
-7.746930535976304100e-03
5.616085397406322954e-04
-2.105095975250215190e-03
-2.391138547095827960e-03
-2.067468137042283161e-03
-1.191486674282238312e-02
9.271417392195502316e-03
-1.594679757227268624e-03
-5.656845691730083558e-03
1.800664760217074445e-02
1.924237976743370382e-02
-1.279079250945613921e-03
-1.513351206014235117e-02
8.656103834605133329e-03
-2.830976742102464527e-02
2.582629115104140283e-02
-8.383806039065078153e-04
2.965987286444260462e-02
2.803786771305105674e-03
3.853345199122060194e-03
-1.217854733789280886e-02
-2.344258378901287188e-03
-3.068942896291559919e-04
2.311225303270703080e-02
-1.828285038914856386e-03
3.692097017541584592e-03
-5.056546636234671155e-03
3.720671214647808256e-03
3.414578465175566180e-03
1.535183682378260528e-03
-1.055498268026688891e-02
4.558285299735231888e-02
-1.324676710934369339e-02
-8.052061586152348127e-03
1.043613165360923745e-02
1.042472799171534348e-02
5.323530327146386298e-03
-1.064704330519106179e-02
-1.034702657892694333e-02
-8.990517537597497721e-03
1.883956390717855811e-02
-3.702781371565322388e-03
-2.993846481974848928e-02
4.627682877256233951e-05
1.279557797217734105e-02
-4.386983811013323020e-03
-1.824685150220872742e-02
2.891979689760404426e-03
-4.932591663184382469e-03
4.265652068923486695e-03
-2.097804890652987808e-02
-3.150893090065665092e-03
-1.553987907326614959e-02
6.705896975127245696e-03
-1.542676464660708291e-02
-4.038755087195866622e-03
4.461468596424822408e-03
7.514029488390860934e-03
-1.826974697303640482e-03
-6.106718376781117286e-03
-5.258314804311936541e-03
1.478309851735204461e-02
9.972955652422399453e-03
2.912654010330584242e-03
-1.039151047512731907e-02
-2.261195741290578098e-03
4.484475812873078837e-02
-1.844971625757807487e-03
-2.779342467613687973e-03
7.360707098405860904e-03
-7.109437681970476319e-03
-1.632569836987229905e-03
-1.702668067132151464e-03
2.357689410557028964e-03
1.106107191031213688e-04
3.345565417452789347e-03
-3.384486420403121087e-03
-8.041720517280026570e-04
6.449594550824500061e-03
-8.998836311135960386e-04
-1.644945061133817887e-02
-2.404979060269596403e-03
-1.901536510804646696e-02
-1.828519235589354253e-03
-2.447155014952073770e-03
1.545038374166551876e-02
-2.307229843490077315e-04
-1.001376575486467857e-02
-1.718498184041727939e-02
-5.718549382056181685e-03
5.542491715068820213e-03
-3.981322757019789549e-02
9.634612146971477387e-04
4.497546049954337377e-03
1.419404150567515899e-03
-1.887574478815956525e-02
-1.060794854322111291e-02
-4.821872932623705310e-03
6.623803805030803460e-03
4.032847552533525004e-03
-2.408731176659983930e-02
-6.981673796094156614e-03
-1.135193868969253117e-02
3.712951664573083121e-03
-1.840538625707210940e-03
-5.603172981833992594e-03
-2.508268996338713919e-03
-3.220130487250116857e-03
-8.246390577948403688e-04
-6.626301219641916873e-03
-5.475706322256357339e-03
-1.728847973613056865e-03
-8.712312026553092892e-04
-2.657141653834571571e-04
4.993274972736827522e-03
3.001594803286877777e-05
-3.953611596735129297e-03
-2.237601713247272528e-02
1.729029403474413584e-04
4.492463339206054229e-03
1.084817326469789123e-02
1.824035578822602588e-03
7.187365507981269275e-03
5.943658760289238785e-03
4.146421041755843362e-02
-5.325490299561863594e-03
1.313624328349405346e-02
9.925764355749322476e-04
1.070849836125375987e-03
-8.022833350374014572e-05
-6.552641208283915830e-04
1.269371198547553092e-02
-3.863532777064193624e-04
1.790938903495131740e-03
1.241478927596517678e-03
-1.089763723539860507e-03
-2.516077833934815544e-03
1.119831057708342570e-02
1.136759128169906319e-02
1.195118987913801334e-03
-1.483510289259726278e-02
-1.072093552980390996e-02
4.866389603556342536e-03
2.551627965672764731e-03
-6.555055771180207103e-04
2.243559190223010091e-03
7.635337586702206636e-04
-3.469701321916929260e-03
-7.456822666988216497e-03
-4.100750604491310014e-02
1.822495058249806732e-02
3.031648077330473257e-03
-2.947617540131908243e-02
-1.899985553452054887e-03
-8.453156704479880545e-04
3.118263465932358258e-03
2.184683509796059298e-04
1.593351889597727222e-02
1.210958875550360858e-02
-3.034844797047853149e-03
9.690427706726012502e-03
-6.593675849000391054e-04
3.149443625456882501e-03
-2.836163378709954941e-03
-5.101574040073941774e-03
-6.479554251983543622e-03
2.197724104064491257e-03
2.150940316571592348e-03
-3.061266756919422960e-03
3.146056360360915960e-03
-2.530882627373998162e-03
1.336788858045068196e-02
1.903974817835774047e-03
-7.048619598792882357e-03
5.901406806668063609e-03
-1.019116006103715222e-02
-3.586126412524315299e-03
6.578865356217988847e-03
-1.670973698999489443e-04
-3.822242524870844704e-03
-3.488672595377551033e-04
-2.721507012672397252e-02
-7.357867487328917377e-03
-2.092422069425836639e-03
2.897270770305304666e-02
-3.504183892863110827e-03
2.378647394346700139e-02
-5.387005450931425798e-02
2.215692058626927974e-03
2.119685643624080740e-03
-2.168386319467252576e-02
5.335452163706122519e-03
-9.278751895962500384e-04
-2.098200508795500241e-04
1.976423485746359177e-02
3.043940567367897643e-03
-1.114609146312339760e-02
2.675543767595200961e-02
-4.410535123216874354e-03
3.377271162150918826e-03
3.796315339439360059e-02
1.340511537934574449e-03
-3.180082360032088218e-03
3.350733278324469211e-04
5.385375029771211075e-03
-3.353675051851467970e-04
5.677762119224993853e-03
-5.196621180836302756e-04
3.040290329421324600e-02
-6.233339396394299570e-02
1.136273163703904743e-02
6.731868410129848712e-03
-3.249697177510668666e-03
-3.907601912334968119e-03
5.277820744140626630e-04
2.165230956195607348e-02
5.431885793939272844e-03
-8.689868367282471695e-03
-2.989778620337446569e-03
2.202137444432317182e-02
-1.189553821177469217e-03
2.748143044115636258e-04
3.021107723914795429e-02
2.458375783140098747e-02
2.865371077769296448e-03
-1.202710646105433767e-01
-4.784825930445535391e-02
-2.126713818856984517e-03
-5.167385224000398125e-03
-1.114599170260888172e-02
4.593818126602755569e-03
2.731444438936847519e-02
-3.850349116087059542e-03
4.757812615631351605e-03
-3.875704419680658930e-03
-9.452254278812688426e-03
-1.871157928034961060e-02
-4.821453133278197356e-03
1.287132278108060746e-03
5.869335513127182935e-03
2.969966925162736970e-02
-3.514412307396241886e-03
3.391361792673741604e-02
2.552166375599185244e-03
-1.190323051715402869e-02
-4.899300470858847234e-03
3.770152870473175710e-02
-5.191894116446604812e-03
1.855272621581072201e-02
-1.513922511960075212e-02
-2.141864376646651635e-03
4.549544464678589861e-03
5.415237911369885637e-03
9.779330791932494549e-04
3.242319759165290805e-02
-1.242171336493669287e-02
-3.489270368271135681e-02
3.537463184580147413e-03
2.736977485076863559e-02
1.023147926417777853e-04
-8.817785167412495184e-03
5.949763313360278971e-03
-7.248266274251236041e-03
2.048639469921553768e-02
-1.676543728828860935e-03
1.720943782002848366e-02
4.672701265711509677e-03
-6.569204596441835520e-03
3.170127790816934521e-03
8.673803906660282337e-04
-6.023902480478682264e-04
-6.169231108541950448e-03
7.667039149877652449e-03
4.983169490614614006e-03
-5.802474732474749430e-03
-4.843186282261768838e-04
2.299391080137880294e-03
5.720767532384485321e-04
4.518795191872904127e-02
-1.819508198718011727e-02
-7.540244070652235564e-03
-4.506317163419737426e-02
1.453883134166211732e-02
4.906950429447221040e-03
-8.012109589856208913e-03
-1.607834799628449218e-03
3.011895700797850850e-03
3.947986380032020293e-03
-7.886526991436326739e-03
4.040945228978465309e-03
-4.083684759692118860e-03
-2.237775912180062221e-02
-1.061017192158786315e-03
6.892349844926926039e-03
5.885427546470367588e-03
3.200945149259837308e-03
-1.046577059237918661e-02
-2.266411778133203825e-02
-9.413007816682750217e-03
-8.508826526362334164e-02
2.756949207041614613e-03
-3.157742724795298273e-03
-4.619833731110389863e-02
6.757732286038375946e-03
9.622359800030011456e-04
3.462349393245212070e-02
1.646845771600702335e-02
8.956952102185056219e-03
1.353877925817492667e-02
5.775930407775575759e-03
-2.443179123632788219e-02
7.969682657755328137e-03
9.275649203885905081e-04
1.840676115941519697e-03
-1.301436097216601695e-02
4.435918452185916294e-02
2.921027119569430397e-03
3.878800550370620215e-02
5.491347074610075651e-03
3.406837375036708693e-02
-3.830467651370561555e-02
1.157567179278728986e-03
2.487844246276793569e-03
5.541249066704168058e-03
1.597028254222365717e-03
6.777234422504108124e-03
2.278787312056529402e-02
1.724537830429362373e-03
7.862073574216310590e-05
-4.061787594125121359e-03
-2.040137810527475892e-02
-2.530112010709117953e-02
-2.682671876348408091e-03
-2.190427493831315076e-02
5.711319900116862414e-03
1.851783480852020602e-03
-8.243706777584236534e-03
-1.594560412550016792e-02
8.251323503710494833e-03
5.472907434219465017e-03
-5.785336269481078375e-02
-1.839516720544231987e-02
1.592225707595922302e-01
1.238266804141296973e-02
2.499109315598655456e-01
4.061044785867551354e-03
6.728018715280725814e-03
2.096965930217038476e-01
3.997340378695923846e-03
1.278232243812382762e-02
6.498920763336357709e-03
1.517596464907455811e-03
-5.330084118206457333e-03
3.127946390330649251e-03
5.583256713393147663e-02
-9.401603049841611437e-03
3.227708868200451775e-03
-1.158802589224094959e-02
4.456403466193137319e-04
9.251931577480831947e-05
1.150802917004156711e-02
-4.823000770507235302e-03
7.357749608889463389e-03
2.360923861143504610e-03
2.363715824589718295e-03
-1.153049464833699744e-02
5.779875071133133702e-02
3.059015695255240530e-03
-6.935195491640122611e-02
6.791392239350102500e-03
4.096522406618063883e-03
2.613141188970047324e-03
7.601870952969491668e-03
-4.987899034656351205e-03
-3.207483907630148678e-04
1.377998064032226466e-02
-8.689759578341949009e-04
3.946346780291598577e-03
1.871226068793419017e-03
9.370363526807423682e-03
-1.654925294133136049e-03
1.857436961852698687e-03
5.094041501507717840e-06
-1.391914190133292095e-03
2.250677378656362748e-03
3.769770400376692976e-02
-1.350674193799861200e-03
-5.641342942483973388e-03
1.909104708338205114e-02
6.224609152571503046e-03
-1.929667503544507667e-03
-2.322028784885077357e-03
6.735869449972398115e-03
-1.382798617173719435e-02
-3.128742608060264274e-02
-4.292682047554308156e-02
-1.399710167065748578e-03
-4.106504283427625523e-04
-4.718588010257818155e-03
8.877996589470527056e-03
-3.778329181368178524e-02
-4.043168210522196659e-03
1.414280770825460110e-02
-1.273714509894219304e-02
-2.476466457063253301e-02
6.827526366350866738e-04
-3.040254280523058128e-02
5.424882854864421233e-03
-6.883124393463369017e-02
-1.624908462189189606e-02
2.056163453009496322e-02
9.672329117485389816e-03
-4.373569605938598670e-03
-3.601301534672529669e-05
3.648607255752267520e-02
-8.985168910824015143e-02
-1.595613569802978304e-02
3.018154002667472469e-04
2.109268189302682117e-03
-3.147874994731125753e-04
2.943265059421662500e-02
-2.977999826510924208e-03
-3.486423651736458851e-03
1.184319148199719507e-02
1.165825418912014300e-02
-1.840588694407507830e-02
9.965931396198612902e-04
6.296077347158757220e-04
9.184430374931551455e-03
4.225576270100006582e-03
6.069455949187840815e-03
-1.619289527962308739e-03
-1.027969449207688513e-03
-7.348623752861271896e-03
-1.007404304642633974e-03
7.602235641210874917e-03
-3.962328699525841103e-03
4.291028647797290319e-03
-2.308385196720053045e-03
3.260295857242390127e-02
-1.232077455560975920e-02
2.479561185431577996e-03
2.095865172932498410e-02
-7.612849502132590374e-03
-4.697776909408091228e-03
3.067738459105129323e-02
-5.341713957342619779e-03
1.810092905802918040e-03
7.358093844811008921e-03
-1.006436301313939907e-02
2.749424598269634146e-02
-2.923303808051613828e-03
-1.205114805786955401e-02
-7.095589541799895983e-03
-6.130676606332485790e-03
-3.971192022490299678e-03
-1.132513174928639899e-02
-7.040316832311432904e-03
-1.556049605850020612e-01
-7.142833099216261417e-04
-8.510202277793865733e-04
4.966243854346430453e-02
-4.811511072162488745e-03
-1.050365807054021161e-02
2.198577065270157505e-03
4.468046242817003133e-02
-1.697986201948076257e-02
5.475977779574847659e-02
-2.342847083608390335e-02
-1.558887914532292029e-02
1.653818888663138864e-02
4.524921601161580043e-03
-2.806209155025030100e-02
8.564971945392407804e-03
8.012257303271042019e-03
-1.528301797409525875e-02
8.511622403279517357e-03
-9.680782843176416463e-03
-2.960859925046221974e-02
-1.864712315082783789e-03
1.321453918461301669e-02
1.856895099071564914e-02
-5.647952831203895130e-03
-4.956530623116961465e-03
5.019861438492867478e-03
3.258759938041677628e-02
1.798430913134296816e-02
-1.872604399263622099e-03
2.477011806280238204e-02
2.934510307424531561e-03
-8.997228375289267888e-04
3.290906019004502525e-03
-2.184073029748745398e-02
5.945885408426221375e-03
-1.792198852760407135e-02
7.720278065153962643e-03
5.044996561416326131e-04
-2.550665011458619347e-03
5.155007105953401947e-03
2.711132401311289186e-02
2.558453548535055688e-02
-1.918230330117509652e-03
-3.364691460893709518e-02
-1.126706740959448894e-02
-1.477868135253856963e-03
2.641909744745873923e-03
4.289064412041909691e-03
2.103614897466243860e-03
-9.553479123582953036e-03
-1.531790161267032602e-02
-1.117641574537131532e-02
3.824980214876738671e-02
-1.355112709602579457e-02
-2.990772681851261439e-02
-3.597024410923665982e-02
3.871797343037464145e-02
-9.253522008506820384e-03
-5.334717277619915876e-03
-4.095799414727707699e-02
5.042768829965993405e-02
-2.954096716326404248e-03
7.234654867680490042e-03
1.614377411411638263e-02
-4.704634817205644026e-02
-1.256504741279229620e-02
-1.017847628939172466e-02
4.309436786710918454e-03
3.226897995814326237e-03
9.274961347646559773e-02
3.692793252689341443e-03
-6.619957117420582904e-03
-6.945969695944853584e-03
-7.470818170496329458e-05
-2.902660882684315879e-03
9.746437266588969806e-04
-6.540412180979338075e-03
-1.394302685552517573e-02
-5.942180667418028861e-03
3.302421810930766810e-03
9.298197019688814180e-03
-8.180681336931172609e-04
-2.061563881863293091e-04
-1.540439652537095583e-02
-1.281456411116543848e-02
1.478584661048110149e-02
6.313445364026293305e-02
2.195730701665610241e-02
-1.287260348157559520e-02
5.656286503590735038e-03
-2.215072110356430812e-03
1.202365762177954878e-01
-1.715790338633560452e-02
-7.897935749337392508e-03
-2.459363270865821960e-03
-4.586957704271554803e-02
3.411734104442842863e-03
-1.578190555508918180e-02
1.312804297242031737e-02
6.776913417063212819e-03
2.848931817977629066e-03
7.832481772833688183e-03
5.745781863396537403e-02
9.908257702623046725e-03
-3.274093332926497624e-03
-1.249801933195016090e-03
-1.770906737470667736e-02
9.137016814664278286e-03
-7.198742384378320480e-02
1.263560342245462209e-02
9.646365309260218623e-03
-4.560760739238389760e-04
-8.018150695763281988e-03
-2.246023833670562908e-03
-5.445694254984090321e-04
3.423131850261995623e-03
7.844285524782890207e-04
8.243928898583163800e-03
-5.899670388921585129e-03
1.888121008114929111e-02
-5.579957231214294211e-03
3.080865160077550513e-03
-1.667058450465397357e-02
6.269444781274557954e-03
6.416876479420707824e-02
-2.503829581090855072e-03
2.548886887883838881e-02
-7.533555305354155962e-03
-1.085126379496426097e-02
-1.866361286399609298e-03
-8.329193298429515835e-03
3.666711081389184557e-02
1.161567392745865845e-03
-1.978666198779066576e-03
-3.325087533404769147e-03
-1.349856315309594379e-03
4.445702828094866277e-03
1.076810047944221083e-02
-2.093391542129729999e-03
2.233156671988645314e-02
-2.191081116155935149e-02
-1.867432045194128420e-02
1.782615475640625391e-03
7.548171059982067277e-03
5.518639666917124487e-04
-4.389922420368286282e-02
-1.318474883099440831e-03
9.340376507069692025e-02
-3.867198727558474047e-03
-1.139117813476886454e-02
4.427286240101580006e-03
-5.692141853540277907e-03
-1.718422287265042314e-03
5.325967246418983336e-03
-1.261882991729024184e-03
1.743707284223461329e-03
8.400230372924255562e-03
-1.384741396581468109e-02
4.981261369451317478e-03
3.335931392827617969e-03
7.488755485027809300e-03
-3.727903314405978108e-03
2.185639459408861285e-02
-2.094853670895524544e-02
-2.364088353632354256e-02
2.597470922300004759e-03
-6.199595553113113056e-03
-6.990037001678217621e-02
1.559209527288629715e-02
1.296893683381838969e-02
-2.789906726690105643e-04
-6.619066257715644497e-02
3.421958816179682117e-03
1.624124950389420619e-01
-3.594045027137937609e-02
-6.343121416783503719e-03
1.901390530113467037e-02
-1.774880878750195734e-02
-4.942875270828039902e-04
-6.828785235944323517e-03
3.878616816429314440e-03
9.911111456677446085e-04
8.252757689515277661e-03
-1.730154961064833685e-02
4.033698946343022840e-02
2.860783716498360718e-02
3.591722378826300854e-02
-7.673855343954016917e-02
-4.333430865102450014e-02
2.356395924931220520e-02
-4.463317664516353034e-03
-2.318299698343295745e-03
-9.052146266562743904e-02
3.234634393194824042e-02
-9.098981492181579256e-04
1.721099413328275318e-02
-5.131488144097673398e-02
9.252764239917610212e-04
6.282414252302359614e-03
1.597663585366504435e-03
-2.073032332929081178e-02
3.292940191041004994e-02
1.721289844137885439e-03
1.234733572696988801e-02
8.692068725443036215e-03
-4.564976039549861753e-03
1.372176025386195874e-02
-1.313349993154133699e-03
3.368268213501757202e-02
-1.539156913725747700e-03
-5.169985377708741225e-04
-4.384934988886435292e-02
3.685483620675000793e-03
-2.578076598280176768e-02
1.763476808286768005e-02
2.621570818691054683e-02
2.948999044054545493e-03
-1.006772088597784887e-03
9.882107156082398092e-03
4.229408617160146378e-04
2.568479512438059942e-02
-1.790992614630582125e-02
-1.826526051966759212e-02
5.890158888045426977e-02
-4.871759581892121105e-03
2.712451858977615871e-03
1.361884610046892874e-02
2.128155135345100035e-02
-6.127543288825343382e-02
-1.237265143139154588e-03
2.017510504259689696e-05
7.683988301380395569e-03
-7.717947115610357400e-03
1.333982257321331133e-02
3.839202209505288010e-03
-1.747621680595479177e-02
-5.816498282198878655e-03
-2.578997865429144554e-03
-4.213448249234730270e-02
6.654047341204183397e-02
-3.456044843100514186e-02
-5.518496838171316199e-02
-9.342376560091736337e-03
-1.015115512844033674e-02
1.314154923719001999e-03
1.862296650189776415e-02
-1.196530214891566857e-02
-1.415092972733233978e-03
-1.579443854832618399e-02
-2.467117313022626490e-01
-1.491510982040367139e-03
-2.856902556800378079e-03
-7.545792762531533526e-03
-2.610230078863828851e-02
1.763333197631844484e-02
4.827233521940144101e-03
-1.052923873344724370e-02
-1.184083187607143373e-02
1.676562916929569269e-02
-2.142527877362354616e-03
4.449119387636280010e-02
-1.077739156347945482e-02
-7.169635423171172306e-03
3.242684622861702337e-05
-4.827516867269565637e-04
4.513697490498813636e-02
-1.668782582426509009e-02
-1.179368051585072408e-02
-2.409533594395085743e-02
-7.917061000561886885e-04
3.070264287600821262e-03
-1.115087387143809394e-02
-1.765614302194329355e-02
1.285282702726497917e-02
-1.601791844618993821e-02
1.930676217485327584e-02
1.763276211186592946e-02
-7.601230733033048637e-02
-2.066833035703652399e-03
3.418618317571286980e-03
-2.033448230268604107e-01
1.001726740714303787e-03
-1.114538789194519097e-02
-9.480882345101804276e-03
3.239156351021676983e-02
8.105922321126612928e-03
-1.087059388065014787e-02
-1.792408046236992902e-02
1.218008267519365972e-02
8.743704434360566324e-03
1.683750845135278951e-02
8.779878312319411293e-03
-1.178952657131659976e-02
-9.736168414928414450e-03
-1.873131972026342851e-02
2.312888269552892950e-03
-2.848790778148924119e-03
-6.705892989115724845e-03
1.801952815661245211e-02
-6.354203915579503814e-03
2.868075858755148033e-03
-1.825957281354817496e-03
5.561616443387151776e-03
2.336447542825581536e-02
-5.842623385715839390e-03
-8.666977636337414026e-02
-7.193245251322366585e-04
-3.270348218773477811e-04
2.610896363304249235e-03
1.543879711219808826e-02
-1.246641824828031986e-02
-1.367685289896947154e-02
-2.372974919722992126e-03
-3.271186048410257285e-03
5.501343635589961423e-03
2.920393138218990714e-02
2.066856467623878757e-02
-1.097878056459400398e-02
-3.826885244960109844e-03
-8.499291699607169903e-02
-1.814230924991555582e-02
-3.264840147064163034e-02
2.288594666088883400e-03
-2.298320490956129447e-03
1.814477614878740042e-04
-1.276387624073826998e-02
-6.102733177790753416e-04
4.901246238126866217e-02
1.835292263012178182e-02
-3.476554677494192447e-03
9.522876918833134141e-03
-2.012701973780028908e-02
2.471411879218621266e-02
-8.168060761956752458e-03
-2.553947983592763649e-03
-7.118347197298646734e-03
-4.653356925398810517e-03
-4.339227775313503344e-02
6.739381940564115325e-03
1.297668183032563149e-03
-4.401686010648830916e-04
-7.269630396493198532e-03
-1.608272775156116552e-02
-9.377102094312306235e-04
7.478724162342409443e-02
-1.486285787110830370e-02
-6.811160332740584522e-02
1.977901191208886189e-03
-9.056372626526254521e-03
2.115729981965230877e-02
-2.730876871957121921e-02
-5.904441270203619752e-03
-1.663329912824451640e-02
-7.775516705089913216e-03
-3.034121763608510491e-03
2.327444842244652534e-02
2.804165907548750170e-02
1.255335147190503875e-01
-3.244421826388332875e-02
-5.175964720491776916e-02
-4.753219007865183698e-03
-7.138570945782518606e-03
-8.604482775465882582e-03
-1.568773890303809537e-02
6.720019704791369008e-02
6.051845629515284486e-02
-3.203322937346442245e-02
1.886720758673199327e-02
8.855395073550376139e-03
-4.295536224964813243e-02
2.235124336113969434e-02
-1.009679729254919778e-02
-7.175045941725244347e-04
-3.859414269062000358e-03
2.849294239744892820e-03
-8.017401237408350312e-03
-3.072998661786030539e-02
1.843093921188199147e-03
-3.232320231125918042e-02
1.782940953463274525e-02
-4.166230920382929526e-03
-2.994851389868102842e-03
-1.615650795596756950e-02
2.532031400198029303e-01
1.314189029203660652e-03
-1.311103018176673629e-02
4.087379025037840563e-02
-1.989759250840350546e-02
2.853051651372773279e-02
1.866268382777036550e-03
-6.640965347127547602e-03
-1.060954643850919865e-03
-8.767832548443266205e-03
3.094677266481937750e-04
1.344378467853957204e-03
-1.000237146983451453e-02
1.821229213885722231e-03
2.308566589472071939e-02
-1.052851045071747649e-01
2.857323791003452129e-03
-4.636569562435965963e-03
6.194782767029849424e-02
2.357102877141059594e-02
1.138175071642777425e-02
7.967845361953607153e-04
8.216370739512868226e-03
-3.544348260504648351e-03
9.719181218226680130e-03
-1.255644142197809288e-03
5.324776578495615809e-03
5.571913996639921152e-03
-8.418061641284779739e-03
4.677338559679000696e-03
-2.454767491352427555e-03
1.104102424493724754e-02
1.013185428818985656e-02
-1.782045905188844870e-02
2.643699728429105278e-02
-1.048557458478267534e-01
-1.346722505561004368e-03
-3.102469393486018134e-03
-3.569264897876678333e-03
-1.506772085447138920e-03
8.490152161244424178e-02
-2.754639381645773710e-03
3.807133085905078929e-02
2.051593974865539849e-04
-3.985822308569986205e-02
-2.710104028487236860e-02
-3.538045420430790955e-03
1.065983256339109175e-02
8.629362672110119092e-04
-2.485490611170249053e-02
2.968839825608249328e-03
-8.861907276717317927e-03
-4.954074035214972582e-04
2.886214233651429595e-03
1.383877604139449602e-02
3.231614769472201942e-03
-5.650218044253918492e-03
-6.004987508569925581e-03
7.174467036758613858e-03
1.064894391120247974e-01
-1.672423748682660971e-02
1.688833912009357618e-03
-3.255080213934391509e-03
-4.532226124664973099e-03
1.078399541959207397e-02
-1.248720919345913671e-03
-9.313595553077647082e-04
-1.698564490833298635e-02
-5.940739282530671517e-02
1.011903205850650522e-02
-2.158485241977103897e-02
2.493880426247940818e-02
2.006520231173425373e-02
6.800982201532690397e-03
-2.397905502022013025e-03
8.960726685788955592e-03
1.355089106006701627e-02
-1.336164285163476961e-03
-7.201389813021563668e-02
-1.104842646628512171e-02
-1.166871646280025487e-01
-1.660532531045788573e-02
2.822108757474239837e-03
-1.021345191139388930e-03
-3.862148648984131682e-02
1.509453487013701078e-03
3.317149458062473855e-02
6.586065934763851715e-04
-7.791140316404820965e-03
-4.093463162760713203e-03
-3.128994422333697401e-02
6.882671552391528280e-03
-6.178958739145024026e-02
-2.838443289103764755e-03
-2.913216258443540596e-03
1.183049573395678067e-02
1.796152737013390066e-01
-2.012145245734231480e-03
-1.266476642527436525e-04
-3.175499255123170883e-03
1.616835152063345049e-03
3.167344530826454729e-03
2.406509932924016937e-03
-9.090714469355276606e-04
-7.637959762353929705e-03
1.422744299536127244e-02
5.752928524789524545e-02
-4.305126183023588737e-03
-2.532551373366054293e-02
-5.917921723641583753e-04
-1.692034771904538104e-02
7.511342268034937319e-02
-7.551899136032602655e-03
3.810602086351622120e-02
4.035085153750372911e-02
2.797431490601098858e-02
1.930023475996200943e-02
2.439937533769409583e-02
-2.249920652539927346e-03
1.803651281964135933e-04
-4.427813083913179071e-02
-9.467159350894149838e-03
-1.204088534986169634e-02
-2.346113015462947260e-03
-6.513812777527050457e-03
-6.489830752867575825e-03
8.584266499167370057e-02
-1.396477954799024701e-03
-4.276860493646417183e-02
-3.698140718134013127e-03
-1.419509624087389454e-02
-4.693817716113279914e-02
1.089389694788778229e-03
-1.429503305384827172e-03
3.149361022832586343e-03
3.749109276931505974e-04
4.910589615940708086e-03
2.293717675705408965e-04
-2.372436024742796690e-03
-1.605788906273986072e-02
1.073008862359614568e-03
8.006477949376034076e-03
2.947690408653969030e-02
1.848000116390835501e-02
1.225338437365053323e-03
-1.816023393550914022e-02
1.662762577920062768e-02
2.094833195037892892e-03
-2.412137143750214818e-04
-9.158492209235546966e-02
5.156476192045289508e-04
6.609162392962986132e-02
-3.002987414015834133e-02
-4.053384227564293951e-03
-4.174026267399710832e-03
-3.595406704576298296e-02
-5.330547929922602179e-04
-9.655608430094275718e-03
5.872474932393956237e-03
-5.334844174551989227e-03
-2.132308535388105497e-02
-1.314840796092386910e-01
-1.091096793454227054e-02
-5.517603837878581885e-03
-1.641684104095926244e-01
-9.503727370498005200e-02
-5.515634016527215522e-03
-4.032490941757593816e-02
-2.107053026099592330e-03
-1.382156640429776928e-02
1.204458748136794100e-01
1.559289327049562246e-02
3.802722870397623467e-02
-3.030795169234323794e-03
-7.240202939087225786e-04
-8.125261991379417736e-03
4.574438823896187500e-03
4.549822519273050148e-05
2.153885870534288927e-02
-2.461719788060445779e-02
2.969069295119197704e-03
1.222308706932295763e-03
9.063793366969719045e-03
-7.387789826996282727e-03
2.926550907549341218e-02
-4.073911641887306700e-03
-9.259929900185248641e-02
-1.243564521624485053e-01
-6.919269149145534925e-03
5.950312439881599857e-02
-7.078838179271684794e-03
-1.083393469986759783e-01
2.994449717945713019e-04
7.175962938363156240e-02
1.721950060445376351e-02
2.270889060453740171e-02
3.924485684079748182e-02
-1.994443268183765383e-02
-5.854780912020629557e-03
7.687725888239071992e-05
8.576909754658856855e-03
-5.839673369492537347e-03
6.444913395581508553e-02
-9.173670269837153057e-02
1.241961256873835850e-02
1.040363697042678837e-02
2.526577681662089958e-02
2.962876120158774995e-02
-2.753263462677146833e-02
-6.254109653422545989e-03
8.149436350490191217e-02
-3.276978354097792590e-03
-1.365361032111245265e-02
-1.735838151901702986e-03
1.940125170235873497e-02
-2.773811082638744097e-03
-3.849279129930494037e-04
4.376259775286328590e-03
-2.305016599192910576e-03
9.115694823149667059e-02
6.300798089586834294e-04
-8.339965192604381627e-03
9.543636178527492575e-03
-5.718574006548848843e-03
-1.304562042931873833e-01
1.121650675016141463e-01
7.861085479505192097e-02
1.710530480963257105e-03
-3.216233375791688331e-03
-4.987098600530259773e-03
-1.243659365339766509e-04
3.647904649017164047e-02
4.393607665022258857e-02
-8.363741603981011963e-03
4.326795763578417109e-03
-1.002992191340386086e-01
-1.042277924909740250e-04
6.538624056595665479e-05
3.484786132145423210e-02
-1.700183783075992494e-02
-1.178448070868753916e-03
1.318830514592050918e-02
1.938988188768320242e-02
-1.831460777714255528e-02
-5.249610858477620212e-01
1.127540237701705195e-01
-9.295669053042132646e-04
-1.157713649088698560e-02
6.798830190692939368e-04
8.668257304666582286e-03
1.180993465395818731e-01
-2.889658607735157148e-03
3.019065246630869837e-01
-4.597056872526295024e-02
-1.065760779719759910e-02
-2.210791953741519933e-03
-1.567852140548708917e-02
2.944080911563062841e-02
1.826066135319237560e-02
9.496418891183289190e-02
5.687834188172757877e-05
4.622497763090649414e-02
-2.901466781256623051e-02
-1.964372573275063871e-01
-3.519973273853338469e-03
-3.374873736010641778e-04
-1.391160911050448590e-02
1.161703008610892596e-02
1.014221664334513662e-03
4.585280888927201204e-02
6.597721655919031036e-02
1.548445852437296821e-03
-9.457754162060183489e-03
6.879587558472621822e-05
6.509118232749244726e-04
-1.042664682771032858e-02
6.457240682504306051e-03
5.620518889276837626e-03
-2.448729344592948109e-03
-2.110786651440932360e-03
7.139847300880575176e-03
-1.512276707764570460e-02
1.089792389853627697e-03
-2.732551244513103939e-03
1.568031244226375520e-02
-2.144578948534103802e-02
-8.634829978809932527e-02
-1.172955379225015804e-03
-7.448411180471126158e-03
-1.104783090560879089e-02
8.314683476670126083e-02
1.374944691543387165e-01
2.325724941134588164e-02
1.504960756566475766e-03
-3.002587777094589683e-02
2.263675359235950424e-01
-6.356082688153463778e-03
-1.600498509036256678e-01
-2.349784212767858094e-02
-6.041824139817464356e-04
6.231803423210102721e-02
8.998102361395865501e-03
-2.513101347828694543e-02
7.291509601229240189e-02
-6.769977828984252710e-03
1.230905172499916489e-01
5.555076548475312848e-03
-6.080196993718089971e-03
-1.193088636091133026e-02
2.728580372194144843e-03
1.872769055562883977e-02
4.386923999290459619e-02
8.866981717090993698e-03
2.301870706396336175e-02
2.705779879496361673e-02
-4.750176774818370973e-03
-2.111563348151435093e-02
-2.666485407443630606e-03
8.956142643512521317e-04
-1.474140275502300312e-02
-3.109778697147902449e-03
-4.034670204580770303e-02
1.605945222871074662e-01
-1.209562300468949303e-01
-1.266743069003872790e-02
4.076801171281729808e-03
-7.107553879492911619e-03
4.600358714883512334e-03
1.337457945801645565e-02
-2.520674022909474843e-02
3.166689845357595345e-02
1.342082794804966284e-02
-9.843618301863088504e-03
3.300565237021046983e-04
1.877095075542811742e-02
5.187896967011162985e-02
2.172905233823207993e-02
-7.576716766582336504e-03
4.146875821248841021e-03
2.010182258903476793e-01
1.465410097160422254e-01
-1.172242300371646451e-01
-7.753637629410903287e-02
-3.105397612227278614e-03
1.123260442030549200e-02
4.338796245239606719e-02
1.217050871357727715e-02
-9.021063014626840015e-02
-1.407894943656238240e-01
7.238635248576485992e-03
-1.264600930125858724e-02
0.000000000000000000e+00
4.831530687960139403e-02
1.157381034009219434e-02
-2.427527828845299496e-01
-1.945244123679401582e-02
-1.448320882458897785e-01
-2.331761044662528093e-02
-3.660434963648082629e-01
1.921494184094818536e-02
6.590525302708627464e-02
1.300085240196260372e-01
-3.544139783098643193e-03
3.663953749473591870e-03
2.175186024279796015e-03
-1.012645577338666669e-01
-1.490308685415975276e-02
-2.259436243562440438e-02
6.809557667914845069e-02
7.852646157554765693e-02
5.829539699893082627e-02
3.166478989717269599e-02
1.228311340801813145e-01
-5.978994627778178028e-03
-1.886502374250920155e-01
7.777954468402725752e-02
-3.224587453779292900e-03
-2.469685427612944295e-03
7.617258940291904423e-02
-3.787583714117914724e-03
-4.066188113497837264e-02
-1.807869060156797048e-02
-1.550369491294567581e-02
-1.867704652098822748e-02
-9.456744345399670237e-04
-1.008728143472357175e-01
1.094183810002480328e-01
-1.547458916999921996e-02
1.954940737265680184e-01
-5.586765773133350876e-02
-8.858401651307801217e-03
-2.121786903011013692e-04
-8.454414905886054044e-03
-2.783135056260732654e-02
5.802532074350708058e-02
-1.434871864358413518e-01
-2.754123000221042616e-02
-3.499687088216418829e-02
-7.793165582008043657e-03
-4.925235506453518042e-03
1.374148216696404745e-01
7.235041231338712464e-02
1.255521523496483383e-02
1.511406553192635727e-01
-8.648695276669471355e-02
1.713748639998868839e-02
2.068962436665167104e-02
2.558318951434319644e-01
-2.131044128528714054e-03
-5.686363699691554530e-02
-6.704279397767809456e-01
1.859023308467211422e-01
-4.267493814467115953e-04
1.123432693709780494e-02
3.797923150384896473e-02
1.418087882672836031e-03
7.137980172435121062e-02
-4.747233384292925962e-02
2.318013736122761514e-01
6.041017966161632557e-03
4.201404553803911313e-03
2.361802330467988043e-02
-6.409931145686087461e-02
1.191747530202214023e-02
4.661310363477255692e-02
-2.437095084160727509e-01
2.061351968859170825e-02
-1.220934532055650834e-02
1.671378363254127919e-02
1.628068742566775029e-01
2.573871534587190979e-01
-2.632018640648681185e-02
-3.181221275548651306e-03
4.330438879080489301e-02
7.312616218747614028e-02
-8.476271522494194244e-02
4.628316151489286767e-05
-1.144730724437224012e-01
-5.391857351071394078e-03
-1.849521597373566806e-01
1.880495895512801496e-01
-2.454068775117335122e-02
-8.669966376105975314e-02
-1.506980882043151837e-03
-3.745700433412935126e-03
1.530772865440788166e-02
1.213749197435731730e-02
-4.721537970544531504e-03
-4.022782865057550339e-02
2.673228056036158762e-02
3.008850558665976394e-02
-3.421632706464450280e-03
-6.057013907927455421e-03
3.487317188390726130e-02
-1.119526854790002801e-01
-9.344662680403992283e-02
9.527318218519909010e-02
-1.115159009271682322e-01
1.605932505817975198e-01
1.676776591805761996e-02
2.395337247759190547e-01
-1.346252900523037255e-01
9.163924279313562238e-03
8.659810649986710018e-02
-2.654397146071012514e-01
-1.494951368564159111e-01
5.119971577653892325e-02
6.616303651782651229e-01
2.344239213000776090e-02
5.922114923453847268e-03
-5.725952734199069027e-02
4.823405885481335531e-02
1.749718314956894005e-02
7.822014056609205568e-03
-3.877006240884384169e-02
1.269313642777714080e-01
-7.519445267060831384e-03
3.548117006749507141e-02
-1.170333933254141812e-02
1.001345459165570162e-02
-5.395808024364256994e-02
2.655516483543145512e-01
-2.295734115290066768e-01
1.372934236180913814e-01
-9.590218079225110159e-06
9.246466066237246650e-04
6.824115342523917604e-02
2.156384663159016668e-02
1.091898255385359562e-03
-3.657891674266604554e-01
1.885275170952382950e-02
3.100514174236916887e-01
8.058993146018167408e-02
-1.014327516838164911e-03
1.996690772144837922e-02
2.347474147023866919e-01
-9.016372197628719221e-02
2.386652129769510466e+00
4.167265604226226827e-01
-3.166472067533128154e-01
3.978816063837374628e+00
