-1.653871058621803058e-03
2.695810284505739673e-02
-2.545977438671798154e-03
-5.500111371623717105e-02
-1.164157741591580475e-01
1.453012758018488171e-01
-2.003485080224720605e-02
-1.562060948702992391e-02
-7.876604049122448714e-02
8.931338937443911163e-03
-4.860754732760597108e-05
6.246132781728874761e-02
4.489912827573050436e-02
6.286880809227568534e-03
9.206297660146844919e-02
-7.821167503304593538e-02
2.692255646744001751e-02
2.761448371032315663e-03
3.481108591076775838e-02
2.453826576440576446e-02
-3.206279064726658135e-02
1.142460353987004851e-01
-6.711844758569895930e-03
7.189243060949479514e-03
1.282247033952899073e-02
2.563845814947285362e-03
2.352548422006606188e-02
3.972022535847941072e-03
3.965131619239059546e-04
-3.045538681224257971e-02
1.935778130585674717e-02
1.187324741058972677e-01
-2.103513854082450507e-02
4.008279886882348819e-03
-2.311432951297831551e-02
4.271363547282192030e-03
-1.189468083915556917e-01
-1.752860015384527514e-02
5.488693848363368488e-04
8.654676731694621594e-03
-1.746580225496785488e-02
2.721751019232243607e-02
2.935321072875751724e-03
-6.461322306400063553e-03
9.242402569650920441e-02
-1.124750595259627062e-03
-1.190915995482626499e-01
2.655243924866823590e-02
-1.446907333663460804e-02
3.576735026241806281e-02
2.224685350582689125e-02
-3.095526449318697360e-02
-2.728338271387542591e-02
-1.963220865147263794e-02
-7.614329710772693716e-02
1.759724016414310199e-02
9.578488094774684214e-04
2.030826082674508370e-02
-6.280108116584415257e-03
-3.684133413180745720e-03
3.018856129469327243e-02
1.674460430187707516e-02
4.260199333104708330e-02
-3.115551199208255184e-03
-6.666172554623983615e-03
3.663989238397391546e-03
-1.435209953211824541e-02
2.622836106122150568e-02
1.856831683554105439e-03
5.254655377825656615e-03
5.500251238515829755e-03
8.951401816446491466e-03
3.003054329667520506e-03
2.596121130072504002e-02
4.733651272907479779e-02
2.974693332146927105e-02
1.851307779389799180e-03
5.277199698923595861e-03
4.552127641922254497e-03
-2.925244654741305794e-01
-4.957327768555330749e-02
-3.669492284070230426e-02
1.143801296024093972e-03
4.262456819046178680e-02
5.105753646468258466e-02
7.305282115055433678e-03
-3.944814458868961538e-03
-1.377984772575757688e-02
-3.262239421950141605e-03
2.848202383518128045e-03
1.003986160873466815e-01
-5.038178149291638874e-03
1.258098023434683910e-03
1.065470997988882118e-02
3.023354443447345830e-02
5.134467811302556584e-03
8.609169256175164264e-04
-3.529161723250240357e-02
-5.003427047540753847e-04
3.846879044876061471e-02
-7.897846767630056775e-03
3.241099348585407824e-04
-6.968086179228549781e-02
2.350756206098481016e-03
4.114349891922586266e-02
-3.496851627090791226e-03
-5.670801551389104134e-02
-1.429539300646354150e-02
2.795717217589555048e-02
-6.965534557805597160e-02
-1.468167252618002294e-03
4.224060821947261957e-03
-5.546729040787568010e-03
-2.011366299917938250e-03
-7.729465965411463912e-04
1.714162817947340045e-04
-1.825237294298176494e-03
-6.409001264925251462e-02
-8.848920577457874970e-02
-1.142063788087455123e-03
8.051884074882309505e-02
1.429011078399611279e-02
-8.316137060607076137e-02
-2.149690070751830717e-05
-5.950333920452521852e-04
-9.043782064388494746e-03
-2.489364745716216021e-02
-1.339282192910431490e-01
8.648601766054753170e-04
-6.793603615804499896e-03
6.850786124964258761e-03
2.004213800923082545e-02
7.654400009755590872e-04
-3.692388105697830269e-03
-1.235411141957598602e-02
-1.828140067489414378e-02
2.990960881298576624e-02
-2.062880275882861270e-02
2.945036578965698482e-02
5.303025993391941029e-03
-1.317956839505285416e-02
-1.308648161376169128e-02
-1.804173521633600785e-02
-6.665194348251191059e-03
-1.547546439241287430e-01
2.122717148007779997e-02
-9.505491738542559688e-02
1.789531062443217024e-02
9.147426103677247511e-02
5.549382756413479001e-04
4.688074506340456082e-03
1.208882928468568707e-02
-5.742331041943771197e-02
-7.803968536282468449e-02
-1.363994458954920219e-02
-1.175879387965039768e-02
2.956359281341747192e-03
5.535813833793667982e-02
2.248075716465791629e-03
-2.641721574050848176e-03
9.173397121758597450e-02
1.524703742617816715e-03
7.305649440695560770e-03
2.305541224174589843e-04
7.085086423131770061e-03
-1.229916266905917155e-02
-2.506143197436472292e-03
-1.861640986582813184e-03
-5.798428179502934654e-03
-1.995648598646937444e-02
-3.462880313239935504e-02
4.948904335769555018e-03
-1.201412274208024655e-02
8.681833348381218229e-02
7.607791187061252458e-02
4.214654803931239258e-04
1.004243791555197163e-01
3.944329256583500865e-03
5.126054001777902158e-03
7.300285523756855355e-02
-7.439373987004671562e-03
1.001091137841925161e-01
-2.850024663882777531e-02
8.952382381863799310e-04
2.621906487915026673e-02
3.962515651030429353e-02
-1.120013318275425718e-02
-2.475981710325925178e-02
-1.001426176809303570e-01
-9.472418891384393191e-03
-1.019142758992188647e-01
5.283444310109075559e-04
-9.714938914569870576e-03
3.868009777676206795e-03
-5.200503992305982592e-03
1.501813275200447606e-02
1.160833690510045813e-01
4.675773400371951993e-03
-1.902893542924033454e-02
6.414894825525152555e-03
1.088357413934204487e-04
-3.330639686942760136e-02
1.026211870680526772e-03
-1.724130368453558049e-02
-2.204888758406298166e-03
2.179270519116727201e-02
1.127114747254154281e-02
2.773640017966272353e-02
-7.601878285120022838e-02
-7.635130822762903335e-04
-9.324722482375591426e-04
4.499046269934581233e-03
-1.373968985688023281e-01
5.214284921018474961e-02
6.298246599968138071e-03
7.019815694882680646e-02
5.097515878446756687e-03
-1.066072010857510577e-03
-7.204445514030055620e-02
1.926683909252346893e-02
2.681524759431397342e-03
5.146355747990583041e-02
-4.761328594710789730e-02
3.460452776112532547e-02
3.476042748800978188e-03
-2.425450854701693970e-04
-3.543693836803640806e-03
3.561280370831809705e-04
4.668185788264622715e-02
-6.201047468934461904e-03
2.918916212534128363e-02
-8.470989077997614913e-02
7.711516864055312226e-02
3.378537403925463423e-03
1.242923760800493937e-01
-6.819265147584019360e-05
-1.146480031269447863e-02
7.055093966030767660e-04
-6.181333157563528857e-02
-2.557844468648085012e-02
9.757519144043413917e-02
2.956737994084335241e-02
-1.434185746248317628e-03
-2.513626158614243877e-01
2.263537713920271699e-02
3.567630609424554677e-04
4.331965719686081684e-03
3.355064963912468556e-04
3.345049195387161944e-02
2.126645196085519274e-03
6.591599238987555509e-04
-3.397744108904987570e-02
4.505418155016371884e-02
-3.186068576404466057e-03
1.847837346950598203e-03
-2.067111636730345481e-02
2.146008209315652948e-02
-1.119678481350661059e-02
-1.495011395277856536e-03
-1.595229435508400684e-01
-8.208015802102863745e-02
7.569178940528331623e-03
-9.440060832229590915e-02
-2.956950545325298663e-04
4.381433067720763574e-03
1.019162764420826761e-01
3.446236075050279624e-02
-1.971764844206802536e-02
9.812500447225147582e-03
-2.489008794606206720e-02
3.958145568468296460e-03
-4.246987585439399027e-03
-4.017701981926791177e-02
4.123473311388181628e-03
1.053195989645416830e-02
-3.300431062342568111e-03
2.100395898452234178e-03
2.847734292430459391e-04
-6.416261620536545252e-03
-3.521231733692786747e-03
-4.429529358688455432e-03
-1.314961237073433153e-01
-1.080172911471777297e-03
-1.727875981865878430e-02
1.202088608188489616e-03
-7.026026383078942672e-02
4.567687069695125501e-03
-2.606142681258916127e-03
-3.157274909892038295e-02
-8.450466734914385825e-02
8.506343043279684935e-05
-5.039777822922530959e-03
6.542939164980055011e-03
-3.652380265902621659e-02
1.475868294484428134e-03
9.614309968952738927e-05
3.136695043038173480e-02
-7.688159847202058472e-02
-1.097561943643796667e-01
-1.545901193828314035e-02
-3.378520750291613695e-02
7.754409610370771588e-03
-5.864218811538535192e-03
-3.735933280538006329e-03
-1.354378432279190747e-02
-4.533751113143580369e-03
1.884522743046801452e-02
-1.152827882082618771e-02
3.171181125345867713e-02
-1.565068709349759501e-02
-2.371889994668663348e-02
3.199897438264542870e-03
1.810891956679938630e-03
3.018810218550527225e-02
1.085386861547021908e-02
1.453287555209215043e-02
1.021326136003040119e-01
-2.160570924090166045e-02
2.497811770065538894e-02
-3.428523061779031877e-02
-1.591079290489005871e-02
1.516669189895480940e-02
-4.830236422563416454e-03
1.162928711789845693e-02
4.937306833362242742e-03
2.644913489945110996e-03
3.594174392489435377e-03
4.672926795308285364e-04
2.903206842546524058e-02
8.299550113022746700e-03
-1.114531753114533785e-02
1.133170632024871338e-02
-3.868664321378645354e-02
-3.191992012304467607e-03
5.394400236149010652e-02
-1.866569640483817238e-03
1.646476800891605308e-02
4.241105551706425558e-02
1.276573997625263246e-02
-1.285165945996880055e-02
5.617007241045257615e-02
-5.664720180512716752e-02
-5.843331265652551565e-02
2.414043791181086362e-02
-3.309361699872681584e-02
4.870620987303198035e-02
-6.180868401301609083e-03
-1.153602957148649466e-01
3.333925229767942255e-03
-1.475656567848204759e-03
-1.068972528388201226e-02
2.121059159790661397e-02
-7.124275680624236884e-03
1.470014691461187795e-01
-3.451142962176589890e-02
1.339596899967574473e-01
1.752932341076274270e-02
1.541034076158354083e-02
-4.237348468535628854e-03
7.729971505752075700e-02
-7.280810662763315122e-03
-2.045526915668460788e-02
-2.590036291657327183e-02
-5.990828448034335452e-02
1.342325117948206525e-01
1.175261187029263965e-03
-1.620159396367171212e-02
1.501157282470444443e-02
1.070860032118048366e-02
1.137723570053594813e-03
3.816801938781111403e-02
5.538789399963661708e-04
1.122630766019483417e-03
1.694111061226521997e-03
-3.917886400425629745e-02
2.801889738399125918e-01
-1.336233337251258035e-02
-1.597572474030926060e-01
1.351753461230487119e-02
2.143827792878028049e-03
2.325908779342000798e-02
7.040529383601779045e-04
3.409038350343962520e-02
-3.013554591362321844e-03
-1.756427813447203334e-03
1.758258569159920626e-02
3.716640404469728765e-02
-1.022324791581752379e-02
4.399259139518107986e-03
3.074036155113901714e-02
5.146742222677858081e-03
-7.028563902231610427e-03
-1.900185787729924414e-02
-1.141488275719382273e-01
-5.157856559890205972e-03
2.556218972617330110e-02
2.885587458607119515e-02
-1.594978212280295793e-02
2.049522917897661500e-02
-4.154941064484773960e-04
-6.642863469295434697e-03
7.556483447402229103e-03
1.750852706791761193e-03
-2.684865757906607087e-02
-1.097416642460302683e-01
-3.463112060651951651e-02
1.215981016733280740e-02
1.000871072734810241e-02
-1.086289920369694073e-01
3.921738587584400193e-02
-2.989480023003920905e-03
4.657569601263844561e-03
-6.663391084828163002e-03
-1.117992842616502003e-01
4.736267971296115320e-03
-4.694666010934156475e-03
-9.315954217939292903e-03
9.600811189400815238e-03
-5.105862386173498635e-03
7.068570424735298730e-04
3.060014227239093998e-02
-2.564150468127479598e-02
4.639901595434992032e-02
-4.796547443048382320e-02
5.415170832634430553e-03
-9.854212877371537616e-04
-5.090374765487126751e-02
-9.928230197431275883e-04
-9.411706904110417327e-02
7.362804988645166304e-03
2.187498664085296696e-02
-1.219147473389341485e-01
5.380237825818312558e-03
-2.329909781057892815e-02
-3.652031956761447873e-03
-2.459430818296937105e-02
-7.238195368312005940e-02
4.722910716452588531e-04
-7.953341453799112060e-04
1.840283184718316534e-02
2.488028437601030873e-02
3.708777598674828369e-03
-4.388370948618103284e-03
-8.019958401774829326e-04
-2.072500535888366358e-02
5.953637632089225917e-03
9.117239528265486115e-03
1.066888525939191368e-02
-2.003867645271384390e-03
2.295941606331552975e-02
9.042059678705527404e-04
-2.293965953866461405e-02
4.887102481205829463e-04
7.369692771845848256e-04
-2.974560799982839399e-02
7.771672468555834712e-02
3.227726233646421861e-03
-4.514263976375332277e-03
-1.241058209789969169e-02
1.131072670858657148e-03
1.098308081013499304e-01
-4.520105595896950490e-02
-2.030172942779984169e-02
1.037151681491366162e-02
-9.236061815869334168e-03
-3.105905640670414414e-02
-5.469329270937350884e-03
-4.472729533475217067e-03
-1.937393916819019068e-03
5.072835621038507270e-02
1.358378347838140598e-02
-3.074207538784889948e-02
1.066370299251673259e-01
-2.021937555021224853e-02
-1.203052650514280231e-02
1.907668954838470654e-02
6.366135789505733555e-02
-8.153635722166541200e-03
1.661191895905744786e-03
3.638876251613964996e-03
8.888849941229182150e-03
-4.818820007081114909e-02
-4.215391813959001865e-02
-4.816721918136579461e-02
-2.498704529756423653e-02
1.639631525874563067e-02
-4.358764946938720186e-02
-3.594042368575856017e-03
1.139728273044227080e-02
-6.467205487012961385e-03
5.715230289098371941e-04
-1.955348369790499419e-03
1.177484749297263988e-02
5.689635613748578180e-03
-1.146488810263690539e-03
5.726712582756476877e-03
-7.107486568600052124e-03
-1.260194149094928662e-01
2.836044771044043955e-03
9.850734622261825280e-03
2.505468926167964128e-02
-2.561700267932565112e-03
6.183424579205620830e-03
1.758659120383754271e-03
-2.419820776093217773e-02
5.274031462491279854e-03
9.145114083096927970e-03
-4.933061777535385772e-03
2.764274394701260462e-02
-2.630900042996131560e-02
-1.894248719906954648e-04
7.078267853870556792e-04
-4.073501345305885479e-02
3.923317141783400075e-03
6.989049516192835654e-03
3.537583743593586405e-04
-1.042735679193640408e-02
-2.818517269375320211e-03
-1.123760115378757973e-01
5.994675879695421372e-02
5.924400142447439066e-04
3.418950020471811513e-02
-1.384562215723406098e-02
-1.333290736695857959e-03
8.441263427329204205e-03
-1.560490050074747614e-02
-1.714081500844599759e-02
-2.968957726520216056e-02
-1.016369978458442347e-03
9.321252851870553968e-02
2.954702259738439807e-02
5.578497603428900220e-02
-3.528948764994765952e-04
1.024595469900191347e-03
-2.845162005655765824e-04
2.883314542619075382e-02
4.707302622222186983e-04
3.781442504987353459e-03
-6.846517568121157638e-03
6.397635514811383928e-02
-9.620147569260950604e-02
1.047796432439156433e-01
1.213115519669827336e-02
-6.376569859548908425e-02
4.044536028770551184e-02
3.907252569931074504e-03
-6.239713064090324224e-03
-9.637637472081905798e-03
-1.760258030306260935e-02
-5.087602381878753022e-02
-3.958420995036249224e-02
5.122157363715018619e-03
2.748513564446852797e-02
1.808308795020252546e-03
1.330792518287182702e-02
-2.979896014977612140e-03
-2.027362472034610619e-03
-1.321916461878913651e-02
-8.056431492121873816e-03
8.095241956596055388e-05
-3.827182309608190280e-02
-4.087603872305578534e-02
-1.806290591948993551e-01
-2.036832854443559881e-03
-5.879221643567689171e-04
-5.268637950671006820e-02
-8.215719490566186778e-02
-1.968127330840729883e-03
-1.309112851176337244e-01
-3.262001618192300612e-02
2.213852966646356890e-02
-3.696359046841735108e-03
-1.584384390623938543e-02
-2.574570889996152800e-02
-7.000249442700123836e-02
-8.240198050941671681e-04
6.407485983856986422e-03
-3.746332423304465920e-05
1.223096910037213547e-02
-2.061763408079286819e-03
2.282789472999979807e-03
-2.581162970275840962e-02
1.308850617833456909e-02
-7.301990871108898773e-02
6.510193968921385022e-03
-1.820738123149112653e-02
2.688241713980232817e-02
-2.619904819596285961e-02
2.456327824432946727e-03
8.008364902902087579e-02
-1.850582690948954223e-02
5.760815286109277622e-03
-2.576128229776486478e-04
5.683662799881972205e-03
-4.807999215060476672e-03
-5.328833966296997460e-02
-5.615939417893400787e-03
3.730347093735986164e-03
2.240125845982277042e-02
-3.795325626199996805e-03
-2.216761998460015093e-02
1.227973680234129006e-02
1.538736218536485012e-02
-3.545063407753445972e-02
-1.364905748353351100e-02
-7.546388553151928136e-03
7.487512223858061589e-02
-7.725743195408085739e-05
-9.245044134729596408e-03
-6.991490595964933163e-03
-1.438375579330397613e-02
1.297397004644551544e-02
-4.450959728970360629e-03
-2.819393211979104308e-04
-5.675252733851721132e-03
3.292397030833171812e-03
-2.895924704404251315e-03
-3.603438972774597460e-02
6.554124963116692015e-03
2.853371040103525047e-03
-3.002429602371137207e-02
-1.848218972745030442e-02
-8.271532884886312331e-02
6.477226358015286678e-03
-2.916295303521110327e-02
-1.087627900408278947e-01
-1.714503085005958383e-02
-1.374205318796839492e-03
-6.446500451446013358e-03
1.488347577768678320e-01
-3.255633723320272566e-02
3.944071249733838158e-03
-8.652457755999876099e-04
8.565911413039373201e-02
-4.735641048493732796e-02
-1.184296815192453778e-02
4.116405602871964220e-03
2.885464182668329158e-03
1.438224293217160721e-02
4.244284386966512557e-02
3.012390162643896474e-02
2.294491540557430653e-02
1.600668602861787804e-03
5.199641340183802640e-03
5.822581611862176487e-02
6.688639757416581233e-02
-2.870815971111539966e-02
8.429495608197612455e-06
9.266904938129982838e-04
1.974116688236904338e-02
-8.350401060667422826e-03
8.015071282680708009e-02
-2.316815825207640955e-02
-1.952566469016403516e-02
-1.192265464780462025e-03
-8.094206437149864541e-03
-1.495205860980775014e-02
7.220962107652439954e-04
6.058243701436083484e-02
3.251278048466588189e-03
1.173803377173499030e-02
6.460779465271571098e-04
-7.764140007783737474e-02
4.080743482327875427e-02
1.650983665797411959e-04
-1.239715867200175126e-02
7.025004402480305998e-02
-7.807265332388624302e-03
-1.148494394183785516e-02
1.475857232864541402e-02
1.195089275176997035e-02
4.060881964363716179e-02
1.152737563060668435e-03
-3.845291463477451543e-03
-1.680567369632512964e-03
-9.204025856732300781e-03
3.996006913197902577e-03
-8.849367471503910565e-02
6.608245051396011149e-03
-1.427457494642681013e-03
-1.370732911622951633e-02
-1.085962924946670682e-02
-2.882294522864015107e-02
6.666403445538549022e-02
1.904975900686167734e-03
-1.216379795062039193e-02
6.376101431726510782e-04
-3.212355908942754468e-03
-2.066546624630518636e-01
-2.479769471079862342e-03
-2.057099841542253671e-02
1.134374472439958481e-02
1.602274557076555084e-02
-2.545330473694207285e-03
-6.747277304964427458e-02
-3.300557691783012615e-02
-7.878345235511119427e-03
8.759057618874521722e-04
-1.176647691646337535e-02
-2.932876630821112940e-02
-4.471805853580690382e-02
8.364737325440785298e-02
7.211582799072857597e-03
1.988513479274445217e-02
-3.130458337523123191e-03
-2.068178516437058079e-02
-5.531705397473274388e-03
4.905795132425794236e-02
-1.907002718070316405e-03
7.161495457054911640e-03
-5.438569906573320623e-03
1.375546336532806890e-03
-3.087483385968425864e-04
1.254257880466980168e-02
-2.062865014863746183e-03
-3.081960052909948899e-03
-8.515808350051656817e-02
-2.285932556470982036e-02
2.068446294209991265e-02
1.171614047308366935e-03
3.982230943086051411e-02
-5.110458895272529389e-02
-2.648295037766956739e-02
4.218188176835724335e-02
-3.048675473836226502e-02
5.537821976618317876e-02
-2.271081336141378415e-02
7.957730921972938631e-03
-1.547456606360242404e-03
3.630798809126645210e-04
-3.270367542342000888e-03
1.842512625165682039e-02
3.168255001824604733e-03
-3.494406832942331675e-04
9.363265985982138773e-03
-2.461307210123209188e-02
-1.067921668945359670e-02
-2.990617941590301143e-02
1.853283096679092523e-03
3.107949527171172122e-02
8.555982933472705554e-03
-4.261415542202939832e-03
3.094212237641613683e-02
-3.052251810706252400e-02
-2.457170177008549672e-02
1.547035653439365888e-02
7.613143477684047866e-03
1.533627417421712380e-02
-1.459609567041297851e-02
-4.166685407393799778e-02
1.143163526330681634e-02
9.497463059834387877e-02
7.711462446457062470e-02
-1.971792058171217832e-03
1.700851959284932491e-03
1.946019585346903114e-03
8.201450052068537389e-02
-5.208291987058544237e-02
-6.060547603055965737e-03
-2.409490884143394851e-02
1.019866274873493239e-03
3.855046840428144606e-03
1.370444361676419476e-01
-5.189666176619311955e-03
7.554695140640887985e-03
-5.041784798720527760e-05
-6.943429168615011804e-03
-1.226029945253515052e-02
-4.983554169372439446e-02
9.101580414011323228e-03
1.001026339727673076e-02
9.602875215435346945e-03
2.906171053936645876e-03
-2.623238579786857372e-03
-5.733103049993815148e-02
5.475702919568448124e-04
4.375632215726454888e-03
6.594003558291205991e-05
1.476067467370967279e-02
-1.230370184913454068e-03
1.087667096230404695e-02
1.587237645759387306e-02
4.105416555745478036e-03
4.362151069092590205e-02
-3.286414423655514838e-03
1.342666693176397530e-03
4.523175305001814195e-02
-4.279255785888835817e-03
1.022492668836463281e-01
2.972217866394544217e-02
5.789331089488314319e-03
7.438347936130185190e-02
-4.695670777972793530e-02
1.048534730752237465e-02
3.505472896605965616e-02
-4.970332024214485500e-04
9.554150965925600758e-03
3.005254407240443015e-02
-5.276284669406550165e-04
2.468438185213983616e-02
-2.854716439078686108e-02
2.447145552437746119e-03
-8.550499783339660098e-03
-9.859202422461521564e-03
-3.294054138085300565e-02
2.685379880796290308e-02
-1.108116401280199170e-01
-2.371608426150828564e-02
9.047269185060713426e-04
-7.463824013571240812e-02
2.714890599264663251e-04
-1.207745681474960975e-01
-1.137929563627437801e-02
2.288563253458164581e-03
-2.120157795633730302e-01
1.166434170384889057e-02
-9.523493267838034626e-02
-2.771478784183045718e-03
6.520169610837456275e-04
-1.634291537180843079e-02
2.765175173095713035e-02
2.394466784906512657e-03
-7.181756365284286403e-03
6.712375885580001977e-02
2.152057029007892197e-04
-2.714873268523376737e-02
2.344090845511459520e-02
2.326238485466092243e-04
-4.743973819888935850e-02
7.839544251538654862e-03
-3.180446324989816276e-03
1.043316669159821686e-02
-2.896824827817567893e-02
-1.603572623604065939e-02
-9.094548841758864910e-03
2.394688546186785061e-02
4.082508193590683732e-03
1.170526530042081959e-02
3.168697416199961481e-03
-3.344693653502872621e-03
2.631842077079227238e-03
5.876055151929904241e-03
-4.307387627761727344e-03
2.071184985636165266e-01
2.929617711218668319e-02
3.611677778110333747e-03
-9.471276401001205159e-03
5.823198412429064774e-04
3.592770716650761642e-03
9.441757392778526992e-04
-2.897770450147163501e-02
2.707800492977696649e-02
-7.153127767978162410e-03
1.194690476083337671e-03
2.481421376903369946e-02
2.523622871441943971e-02
3.296171506946166119e-03
8.416767870207308988e-02
-2.798677179370656631e-02
5.820937441825435599e-02
-7.459585218242636984e-03
-3.236767921350747201e-04
7.308530744865038287e-05
3.314827174961010314e-03
2.315102973844318512e-02
2.846971756014227140e-03
-7.201922826327233906e-02
2.135712656165367207e-02
-1.216149042749066211e-01
-3.826787053569091768e-03
-3.612959124069448080e-03
-1.453071328583632749e-03
2.709337122861654734e-02
1.689472646012291079e-02
-3.832330327639965617e-03
5.999551314289419679e-03
-2.331690934909147472e-03
-3.831383623534634353e-03
-9.982428634316420357e-03
-5.429556666150858746e-02
2.253671846021632064e-02
3.876190687378766597e-03
-3.696450601716350093e-01
1.795378351437761921e-01
-7.079239540260573449e-03
3.838898605116014551e-02
-1.639015944536481584e-02
3.020742335223758346e-03
4.745222352842404234e-02
5.904151488778097701e-05
7.675241926577314189e-03
-6.124848554804884770e-04
6.757966176849095064e-03
8.954558946129509422e-03
3.834732500581594650e-02
1.840812557726678733e-02
5.387869329706518329e-02
1.149722434629865120e-01
-8.440546395775072597e-03
-2.977768537235192525e-03
-3.893760616023200782e-03
-4.791170628905661033e-02
1.293339481495081600e-02
-3.347419897072256845e-02
-1.975821474925965049e-02
7.279265100835630165e-02
1.919572369757815977e-03
6.726599049969195221e-03
3.421384089658374705e-02
-2.577028558988558871e-03
1.769711490808845156e-03
1.946384127691658250e-03
1.445324869244757338e-02
-2.424554029551018175e-02
1.841749563453731753e-03
-8.350580017325626159e-02
-4.376824684101165985e-03
-2.071133605581110260e-02
2.046129071271707289e-02
-9.332804055878796134e-02
1.202484906818455102e-01
2.476562859399678018e-03
3.513993250103908395e-02
4.641097204640232121e-03
1.211298299925545052e-02
-3.778553519993010923e-04
1.386028591966237400e-03
-1.069992641040329318e-01
1.488690121647096021e-03
1.581243650434771553e-04
3.215541651184139482e-02
-1.086940521599899512e-02
-1.668095287030268992e-02
-7.373353071145061222e-03
3.440555109591514338e-02
8.315894809322799119e-02
5.989371635791940207e-03
-3.060304214324105487e-02
1.086097419610183579e-01
2.878775603163319374e-02
3.748665429409925309e-02
4.117831125282123139e-02
-4.593524571987472882e-04
2.736162899452665442e-03
-3.939748869234449558e-02
-1.774736656592779127e-02
3.409083677979651839e-03
-1.455894574421279231e-02
1.138702442872840948e-03
2.580503217075147404e-03
6.448734260402488871e-04
-9.954615656013743319e-03
-2.594761967415593062e-03
-3.076966119749613426e-03
-1.350543765211398295e-02
-8.923084153266813701e-03
-2.786815256996533208e-02
-4.678534889720253886e-03
2.207689399966739074e-03
-7.370957646031683907e-03
4.547076351187229193e-03
-4.223237772720267458e-04
3.127556688070853852e-03
-5.498654212772180472e-03
-1.721219671837559417e-02
-2.496203941964836304e-02
4.933428499879255469e-02
1.827837116711350518e-02
2.469775589717926323e-02
1.186133776651843164e-02
4.224994874228116259e-02
-2.744654410236080366e-03
9.175175465360041471e-02
-3.044258307042468914e-03
1.300522596967539357e-01
1.185201353884224318e-02
-1.258185095881003690e-02
-8.478211173370198139e-02
-1.798781028981011332e-02
-3.346010313890701582e-03
-2.031516376800368562e-02
1.072791474729513084e-01
4.052305730594696342e-02
8.154755793867707325e-03
-3.565043573543391631e-02
-4.675536854676920484e-04
6.647357028509759402e-02
-6.365276185070456449e-02
1.348647069825403833e-02
5.197123987045415561e-03
6.604049211716755963e-03
-1.601169053373041606e-02
-8.754375983244244708e-04
-9.735940084306093922e-02
-2.587651404854796056e-02
2.897879277064419057e-02
4.828827018306469654e-02
-1.443448108906864036e-01
2.377340683710826852e-02
9.518774788068640191e-02
-1.338590413436691051e-02
4.516340305454491499e-02
3.062568526814857250e-03
2.581287744050086985e-04
2.047725440755669979e-01
4.250260752144185972e-02
-3.086384709021672279e-02
1.195046827767498598e-02
-2.304905828214032226e-02
4.818088428720557204e-02
-6.983004523213764969e-02
-6.292987080389877974e-02
5.116146406724908502e-02
4.120846945355083335e-02
6.858571168351090819e-04
-1.600208249774937030e-02
-1.702431228167711197e-03
4.312314509110137806e-02
8.077222685869855923e-03
1.226065257557706900e-02
-3.117886036218919799e-02
-4.403563978740976381e-04
-2.567893461905157437e-02
2.060673302299278475e-01
-1.773192177458327023e-02
-1.280749299766625882e-02
-4.782362477774881881e-02
-2.725937301704561833e-03
-1.697632033625495751e-03
1.896527424158023223e-02
-6.494110098898886463e-03
1.176154137169760361e-03
2.522924653369784664e-02
8.818119054438966486e-04
9.670155567818028430e-04
4.371112775430674446e-03
8.938009929693180311e-04
9.118984632920046352e-03
9.295009265161979783e-02
-9.911765470320688109e-04
2.354706373409953812e-03
1.094042559088848066e-03
-2.856418477080069351e-03
-5.784441063170220332e-03
-4.289834879216414265e-04
-8.331298084414129335e-03
1.284152403243865592e-03
1.960711968048656217e-02
-2.096554612606382761e-03
-2.943998645235978984e-03
-2.111737146322667513e-01
-1.865252845715303920e-02
9.414761654022640869e-02
-7.485050235800372320e-05
-5.384858130757663730e-02
5.592019098884293271e-03
-1.654480634891797308e-02
-8.665430301698506810e-02
-3.249030094376337274e-02
-1.726455339777999143e-03
6.935220281314968815e-02
3.977063868546792946e-03
1.338317785759102208e-02
-7.197148367140471237e-03
-9.645772348278569552e-03
-4.610647600998163398e-02
1.519002207240305324e-02
5.936694690497290594e-02
1.260272929164329980e-02
4.320729519933763640e-02
-3.762874139908944926e-03
6.882264207035859727e-02
-3.488725421384231140e-02
-1.298286075396504202e-03
3.125875049792625759e-02
3.012908212554066267e-04
9.860798790811031722e-03
-2.126081396028212112e-03
-9.986712898978566955e-03
-1.053387425760377027e-02
1.191518509756406274e-03
3.698073860803674506e-03
-1.037484120192289083e-02
-5.393654949216397654e-03
2.974439715427479314e-02
-4.904699704681547701e-03
-1.731486478817600982e-03
6.549276350075672326e-02
5.510267344902786135e-02
1.765222822901080235e-02
2.224872470671357405e-02
-6.636062423510225017e-03
5.219515554435361082e-02
-5.554060049291820178e-03
-5.654764074947138397e-03
-8.357317991567470017e-04
4.684686962318096448e-02
4.412879731575003461e-03
-1.556063249523731429e-03
2.177199417162825057e-01
2.617609847177959637e-03
-1.212977420181005073e-03
1.934455858098260705e-02
-3.660899532434314096e-03
-4.770079773237512200e-04
3.697107693875523182e-02
-5.752896266008633575e-02
-1.080808293254165164e-02
-4.007860493938153468e-02
-9.937347907803939506e-02
1.489828340470467083e-02
4.340420252617605001e-03
-8.066595194691217330e-03
3.620965928827502012e-02
-1.601759672985281213e-02
-4.715909885081259745e-02
2.682698570040997765e-03
1.700782263155531382e-02
-5.362444256974185919e-03
-1.313262766046818797e-03
-2.857398473145167372e-02
-3.037243529178113022e-03
2.536323354401304186e-02
-7.183451740260693441e-02
2.685721542069074985e-02
6.863327312203182373e-03
5.010949206777581821e-03
-1.113046279454010801e-02
-1.314619731716959450e-02
-7.401376753455224389e-02
1.791503020217675157e-01
-1.221384796776305848e-01
-1.899993458270898827e-02
9.703575186621549165e-02
2.371953795642411933e-02
5.090760172777208936e-03
5.197366953424875646e-03
1.903231307665009808e-05
-2.531066215357213878e-02
-2.929654757481614524e-02
1.589098894170604126e-02
-4.156564023531927887e-03
2.758736218915629479e-01
1.326670890453129914e-01
8.551062166290535060e-03
-1.158092637625429688e-02
5.081758736943697841e-02
-5.150970521071940311e-03
9.555082261189795645e-02
3.946676751023403540e-02
-5.909554238286318650e-03
8.388433205209366861e-02
-1.029071201301690053e-03
1.708851348027451422e-03
-2.252330371618427307e-03
-2.833983195344558226e-02
-1.740135370079087807e-02
1.929956015672473768e-02
6.169627135449218258e-03
-1.701615887350271805e-02
-1.365269508582400704e-03
-7.532679264286912257e-02
3.679227586229671942e-02
4.033640055372700317e-02
1.250146702312804337e-02
-8.183364627285527604e-04
-3.008693279436158718e-02
7.706081053086677457e-03
-3.424369645841807142e-03
-1.261475417332746929e-02
-8.530802025759953722e-02
-1.869006352870883347e-01
-7.659546854910104230e-03
2.580666161290423588e-02
-4.472874047806385533e-03
-1.796843627007262967e-01
-4.237366854388824322e-02
3.703628925947555217e-03
3.359637778117985363e-03
1.881845571745088819e-03
-5.672746361626934686e-02
6.057531544226435472e-02
2.117346066654590686e-04
3.378106288693061288e-03
-5.313663390657552554e-02
-3.651836554249143774e-02
-5.108330153726114986e-02
-9.695048310163656424e-03
1.864285555896572077e-03
1.981767783053101084e-02
6.250513706319793528e-03
-1.653357262733834432e-02
1.327379621926638720e-03
2.391712039582216676e-04
1.913142885797469717e-02
6.033312317072159203e-03
1.864542326387663707e-02
1.412993000730011772e-02
7.549970377067438676e-02
1.165890028647709187e-02
8.410247749097266023e-02
1.802178748296512367e-02
4.939991123288223207e-02
1.974359464011854470e-02
-1.918263092753136334e-02
-9.808770080894646526e-03
1.271368445458165297e-03
-5.085362123735137629e-02
-6.695690922919084187e-02
-9.947119364809964281e-03
-9.848495218790276340e-03
-2.226701870369538483e-01
6.208256276622137193e-03
-3.157889457466467320e-02
1.421109768460837586e-02
6.940285796886769276e-03
1.895613970813769811e-02
8.078704198766217814e-03
-9.215606069687964919e-04
1.062304297796856645e-02
-1.948623627583856432e-03
-1.911574346391375911e-02
1.311480490179093295e-01
3.929408722939342624e-02
-9.886327438150033231e-02
1.088346747997093189e-02
-3.521555663616027232e-02
5.637825528708617639e-03
-5.116013242891881418e-02
-5.906003989764485596e-02
7.220407433294440125e-03
9.335874720477477240e-04
-6.589287378830022135e-03
3.002199475943712059e-02
-3.832323979580110063e-03
-5.602590152420816594e-03
-2.402852101798202966e-02
-3.642567208572700110e-03
9.536293321602329343e-02
1.428465097804121342e-02
4.224394751109628032e-02
-6.066854107257313444e-02
1.169669243765838473e-01
-7.173076832600600028e-05
1.888482540425684419e-02
-1.405347125535172381e-02
-6.218406029822176606e-02
-1.125169903815503858e-03
5.539326265449062703e-03
-6.453293438880791655e-03
1.466012940369409989e-03
-3.717423627065841174e-03
-1.580194031498649565e-02
1.506207974514950365e-02
1.772728186580252441e-02
1.085610152728122557e-03
1.055403287255671785e-01
-2.017298591277949527e-02
-2.680291725118877366e-02
-2.070688605110149183e-02
4.999036408946722077e-03
-1.532206116479244429e-01
2.730014964777183195e-02
-1.063274819692310302e-01
4.790141592934560322e-03
3.969284719079269053e-02
7.707120554812263435e-03
-2.423192068147272948e-02
2.041351141144787107e-03
-2.534605720484250924e-03
5.595396989718892655e-03
-1.578649345788107894e-03
9.905396868714433367e-02
-2.621476622948648583e-03
-2.030669601339241126e-03
-1.295530803129736341e-01
1.656424658762034596e-02
7.853094586494080431e-03
-6.430954583410652958e-02
5.329125064605477746e-03
4.792479258753701288e-03
6.511692649979750058e-03
-2.020237135496927294e-02
6.953788431434304584e-02
8.197917213948358039e-03
4.094019618605670985e-04
-4.283675726782121274e-03
-8.910590386503258742e-02
-4.005396709248998377e-02
3.052839133721931830e-01
-5.290301263983110402e-02
-7.594410927111994170e-03
-6.357705495474874624e-03
-4.576147801685692684e-02
-2.234296878438613021e-02
-3.723672927682741829e-02
-1.214674522424274983e-02
2.385235955983944223e-03
-4.224837328536068526e-03
-3.722760505866062886e-03
3.832585021118006807e-02
-3.658622422295820797e-02
2.523366334535523947e-01
-1.355194553350997921e-01
2.095909006808938102e-02
5.106942404637493382e-03
-1.545972767530656711e-03
-1.179584921590048907e-02
-2.464560440074592407e-02
8.411466696213665273e-02
-5.312548498039859624e-03
8.383101978068907556e-03
-2.103434057843287519e-01
7.101422812496593906e-03
-9.159321469562087259e-02
-1.122681084362397996e-02
-1.907905071738014158e-02
1.254913561806176858e-01
2.287389322020771942e-02
-2.673099123626343498e-03
1.069884844440593952e-03
1.672216421658845320e-02
-4.332682083767736003e-02
-6.361270318572564975e-02
3.376147276782148765e-02
-1.085765946430683471e-02
-6.954838344938707451e-03
-7.967173609307565130e-02
4.165569626002252335e-02
-8.479422234927369573e-03
5.112430116241739597e-02
8.755232003878177238e-02
1.842889898767907653e-03
-2.004142508516792986e-02
-2.062607009634120914e-04
1.465107804649505852e-01
4.530302842769629024e-02
3.274560809677495854e-02
2.630094293539286809e-02
1.416656626664973828e-01
-2.682983854111853361e-02
1.834793274525736706e-03
-4.172184603305595374e-02
9.662550013152326756e-02
6.356602224371954435e-03
1.143923807120472702e-02
-1.005831613906593702e-02
4.457238814097763679e-03
-3.285350724476643336e-02
5.057510213561045020e-03
2.642221394609123308e-03
-1.624745889529322085e-03
-8.731779943687456580e-02
1.111065122805143801e-02
-5.494187675341777322e-02
4.009846758151525137e-03
-2.432242564802322704e-02
-1.002215464468747541e-01
-5.340584856071473041e-03
-3.773347239868485303e-02
-2.326876054610238498e-04
1.708815337383384758e-02
-2.382591539296186056e-02
-5.532061022393008898e-04
-1.482658484704302282e-02
-1.932645262810694931e-01
-3.426818721715108040e-02
2.416732814083388803e-03
1.202781641694627979e-03
8.724046349914260645e-02
2.045239780125029938e-02
4.481949002919805025e-02
1.011973945253430429e-03
-2.089929673118717801e-02
1.084457388046189408e-02
2.497608185649369261e-03
1.150719592635596200e-02
-2.859510601012971165e-03
-1.663735298023993892e-03
-8.949807398039411055e-03
-1.031168006264238102e-02
2.063004076485697169e-01
-1.004479366499708703e-01
2.342243036991931149e-02
5.243903417510864529e-02
-1.167523815294657652e-02
-1.683598752691750633e-02
1.217027713579454939e-03
-5.305575114959992788e-03
7.657146202006970270e-03
-4.217898608112591319e-02
1.703894845309150696e-02
-2.755146384373574620e-03
2.342042176687186839e-02
2.789829577352520573e-03
-7.798902271360930172e-04
6.731035786316397207e-03
1.080361541085039789e-03
-1.342644768448906234e-01
-3.058415886181364840e-02
2.267399919367107941e-02
8.154137152826024248e-02
-2.062680259842863961e-02
-8.497415555171983215e-02
3.876852001894803834e-03
-6.786765363415270258e-03
8.076082824459263065e-03
3.284719839683702958e-03
-4.568838428212984581e-03
-1.645536894062615829e-02
1.263706106266226925e-02
1.960236118520697346e-02
3.452540227189615507e-02
-4.315065900158288059e-03
1.711415526852988478e-02
-8.276846149925631835e-03
-3.222101746871430805e-03
2.078001054030664818e-02
9.256419458026243774e-02
1.802268261343442646e-02
1.449171848699393195e-02
-2.943239447830592326e-03
1.030634433072918910e-02
-5.414717630574727991e-02
7.956517530857354359e-03
-2.195028946402999281e-02
1.516222023150248788e-02
1.419057950613478170e-03
-6.411480707527061895e-03
-1.327733521075629142e-01
1.354885282893292242e-03
1.527367039121543257e-01
8.549025978169311202e-03
7.839123747430676303e-03
-7.176234240773737838e-03
-2.891404033227331638e-01
-1.502725268034055262e-02
-7.484867036953346542e-02
-9.651697839444750571e-03
-1.596776875061323153e-02
2.786172147654042419e-02
1.888014158930673148e-02
4.314077366984747641e-05
2.137870971665734032e-03
-5.984767551942127284e-02
8.894591956902786478e-04
2.761923541106625635e-02
-2.431282662544731465e-02
4.785549989023252238e-02
-8.866072096270727343e-02
-2.327358082763453240e-02
2.040256389705064066e-03
7.006455303724123951e-04
9.536876799813853722e-02
-9.473840004261546710e-04
-2.114904015490992606e-02
1.967061284517512831e-03
8.543587266274244030e-04
-2.750841059250319631e-02
-9.030603924568936236e-02
2.013317317705229925e-01
-4.358692039906486571e-02
6.612771436550701765e-03
1.049409370403964203e-02
-4.220148790261646354e-02
-2.058220701474056114e-02
-1.608096806396019929e-02
-6.083207359438347339e-03
-2.003971141590454863e-02
-1.074053405730523991e-02
5.636652888824755792e-03
4.264002462991811626e-02
1.232131458085632403e-01
1.747773306066733312e-01
-2.572401761875653392e-02
1.938045594155823892e-02
7.776632419535189911e-03
9.886461396888535091e-03
3.177543516022751646e-02
4.864818778912649577e-03
-4.460303698323286881e-02
2.725486312942848599e-02
-1.128592533189305414e-01
5.392460180758007482e-03
5.070118894693109723e-02
-1.421023527487363936e-01
-1.678426764570417618e-01
-1.938836927507736618e-03
5.003697184150723842e-03
2.022151462881538464e-04
-1.485616279910573212e-02
-7.152524671488436070e-02
-2.920732220820809744e-02
3.228919467204605098e-03
-2.318709049546896495e-02
9.811348556297616597e-03
2.128687834749598551e-02
-2.937609346361114149e-03
-7.746302156306228426e-03
2.882733555880747645e-01
4.331793790640858788e-03
-5.505286343435500385e-03
1.190175351673303794e-01
-2.114130292227400787e-03
3.252586719113992331e-02
9.454398609847203261e-03
-5.633473822740597825e-03
6.361981468216981739e-05
-4.624890363717781838e-02
3.599780207451885872e-03
-4.053598698217797391e-02
-1.453233615757199004e-02
8.297142355786490953e-04
2.624291941285150642e-02
2.869494801902305881e-02
1.658272676982619487e-02
-5.140895537749656796e-04
5.581813379100708516e-02
2.975775222594165825e-01
4.428678399381169584e-02
-3.990913431974263403e-02
-3.776465597570677346e-02
2.312429365963453165e-02
-4.122209455289294056e-03
-5.943871786797672030e-02
2.497387341284706963e-02
2.664784483869198084e-03
9.252368792212450899e-02
1.265546826313652673e-01
-1.472166708936128998e-03
5.237046195929906389e-03
2.317626778631165507e-02
-8.214025564933535861e-02
-7.080906332006975390e-02
-1.386031142181991527e-01
-1.311552514863478791e-03
7.151944940233079251e-03
-3.584504124631848754e-03
9.133515856944995903e-04
1.199371755915592530e-01
-4.887021338703334550e-03
1.275292577506661473e-01
1.552479077333828172e-01
-1.369407852368738077e-01
3.973645625956123695e-02
-6.685640297888539862e-03
7.013587313565494696e-03
8.324173832647829840e-04
-3.152220302064279167e-02
7.537325228290114865e-02
-4.661957407978434276e-02
-1.497998710706838210e-02
1.243551742504678259e-03
6.863387909021412270e-03
4.790088402160108672e-04
-3.303296433367108875e-02
-2.262543391836402407e-02
3.638608306366108991e-02
6.756726659830292192e-02
-3.436027874667502147e-02
4.633671545755646548e-02
1.041231048486679356e-02
-5.039432125755638481e-03
4.520398358636157354e-04
6.686092338497928722e-03
-2.873771795327684231e-02
-5.994265637781381884e-03
-1.055455868681747233e-01
6.888332156847809529e-03
-8.698398399747020449e-02
1.521312420189246950e-02
-6.589654725900118137e-03
-8.154511287807508779e-02
5.185559190312005740e-02
-6.945992179802829014e-02
-1.202267212070751157e-02
-3.253021052441340544e-02
-3.022035006452483685e-02
-2.906992765761629016e-02
-5.193979338332610496e-02
-4.762443760000678594e-03
5.846386067560160882e-02
2.206680480782097220e-03
-2.497709956770677309e-03
2.068042808281234102e-02
2.913076628004773738e-03
-4.064958985026123628e-03
-6.328703247328348880e-02
-1.296446080834812165e-02
-3.803602284079943274e-03
-7.664479379664612679e-02
2.464799186299160283e-03
-2.393876166706832009e-03
1.000216398719544486e-02
2.382195897524752581e-03
2.184379730161936095e-01
-2.197244906426476518e-02
3.363580549489597615e-03
1.754479560173649588e-02
2.982226470760451775e-02
1.994290212601868006e-02
-3.823079558912922948e-03
7.223057136434363201e-02
7.648544382618638338e-03
3.552826904950734388e-03
4.554821716851620295e-02
-1.073761621114499576e-03
7.063474726777485557e-02
3.072658391118920918e-03
2.742846609038451788e-03
-2.525803430688711160e-02
4.214605166453111451e-02
1.123716711095426035e-01
5.182643121202090697e-04
3.069311151702436291e-02
5.455754055995498675e-02
3.742929120105031870e-02
-1.464041324058484861e-02
1.677170933751881421e-02
-1.590837148083323882e-02
9.749625476729306683e-04
-9.220175210089109896e-03
-5.052419353026493809e-02
-3.416690977016401121e-02
-1.399380365796787373e-02
8.365981141002976074e-02
-4.011025010669300173e-03
-1.091911430121399462e-01
-3.472163724421761799e-02
-2.845742071775703153e-02
2.317850365918161515e-02
-8.449997215532789596e-02
1.901464490003945684e-02
-6.350669829771504737e-02
6.145792999038235394e-02
2.088207576070999494e-02
-3.266492259069764259e-02
1.035014456022054219e-03
5.139955710518506748e-03
-2.518388040488162005e-02
6.874612518402045680e-03
5.126184647394893545e-03
1.045340090362856245e-02
3.799487625144593039e-02
-1.736189533923209183e-01
8.507172066003931832e-02
-2.058539803240932997e-02
1.187806393090795609e-03
-1.111127007478103224e-01
1.048851158714114717e-03
1.643458451313790647e-01
-5.195399319066495991e-02
-8.055781247583126969e-02
4.911005435207016490e-02
1.122065013149438073e-01
3.222144485221178911e-03
8.785049214509399462e-03
-1.657246483205199183e-03
-1.964674632120022579e-03
-4.965066784365035346e-02
1.481137914838654979e-01
7.494364146509724378e-03
-2.421752691049050554e-02
-2.662710331369453343e-01
-1.830090209125501133e-01
1.377047677010523330e-03
-1.063733421227084364e-01
-2.353341796572294697e-02
-3.955926514453267373e-02
1.303584715232091185e-01
-7.354471116741478909e-03
-5.100584747560787946e-02
-8.580015919619654596e-03
2.977232597743295628e-03
-7.271875102861713458e-02
2.730163895620307812e-02
-2.056757594442615300e-02
2.743963019111106405e-02
8.835323309915565915e-02
5.424558539107238175e-02
-8.458050388071569614e-04
-2.048423448189851115e-02
2.456110859441196226e-03
-7.287835653414731496e-03
-1.110267145918442111e-04
-1.077242399728106648e-01
-1.924870189632201800e-01
-1.667224769425956765e-02
1.084075259065002683e-01
7.043273571412100864e-04
-1.905480114560873517e-01
1.162036259802334826e-02
3.542744300375488820e-04
3.715593695681604913e-01
5.911719143944083044e-02
8.238296117491472614e-02
9.261006843757968454e-03
1.745149706778192922e-03
1.944111042894292041e-02
7.604595896424370949e-02
1.159242722311546459e-01
1.107439647541355043e-01
-1.969388043733601990e-01
3.955150871490786813e-02
2.641139600075348426e-02
4.099783121370137451e-02
1.283184668511694326e-02
1.090427221183745132e-01
4.465354123908582551e-03
1.160635976866615238e-01
-4.711415712790767429e-03
8.804604209444732987e-04
3.313710686825288576e-05
1.255223667504310470e-01
-3.029510903832033364e-02
-1.211602486648644117e-03
3.369016748115427617e-02
-1.137584025678961552e-02
3.577871784688113621e-02
1.101949277577887187e-01
5.544176380567478191e-03
-9.005508453526545054e-03
6.598229566407098901e-03
-1.820568468133387796e-03
1.729936672700205236e-01
1.734316173931347294e-01
5.477999070996020237e-02
-9.382231806000618235e-03
-7.425705480841315875e-03
1.426580550162270811e-02
9.931258443691604043e-02
-3.468888167702743885e-02
4.651939071544575199e-02
-4.952470549994814064e-03
-5.824793526920757358e-02
-3.255283169778522279e-04
4.514247055453779467e-03
1.254285642022523461e-02
-4.827210555436067807e-02
2.148649308702488270e-02
3.146418246785742667e-03
-2.481689587796154228e-03
7.682805415811344574e-03
-5.555880725186739255e-01
-3.511719124236378775e-02
7.065864262870036328e-03
-1.489484701716037307e-02
4.436326882967023266e-03
4.724905718728678039e-02
5.865846376264016726e-02
-6.559880978142018648e-02
5.465835299049786045e-01
9.296448523070921510e-02
8.999353088597672468e-03
-5.617226635536098911e-03
-2.675190021892603909e-02
8.742893930281070425e-02
-1.282563941651915229e-02
4.899355901732178609e-01
-8.962605007241108979e-04
1.140581448098600958e-01
-5.655119170643274629e-02
-1.841731230624645832e-01
-3.687554950761295913e-02
-3.565261201117664314e-02
1.278338292405578613e-02
-1.625877615651916130e-04
-4.692767541826015076e-03
-1.270697882500826381e-02
8.065281636800136766e-02
1.308508774616257142e-02
-6.601162664878756914e-03
7.432685578010023164e-03
3.847888445420721837e-04
-9.346412357160716056e-03
1.601873862000502413e-02
-6.926477686306498072e-04
3.345091971289093635e-02
-4.062549744332955015e-02
5.762299709317630914e-04
-1.697149561766764236e-02
8.098881052092110622e-02
-1.783609272371222687e-02
2.133726612049713367e-02
-1.259752522116741602e-02
-5.723021318493692888e-02
1.461503128666663542e-03
3.637070432341715787e-02
8.115213022335865389e-03
5.859336942972959150e-02
5.497809678405474187e-02
1.648851272534557211e-03
4.118303688983360189e-03
-7.151442392330409348e-02
8.073900509538134429e-02
3.335015543513009106e-02
-4.965648527945631940e-01
-1.517422979384264181e-02
-3.245268150408264773e-03
3.273955944200679369e-02
-3.383808391390630277e-03
5.760768627902734806e-02
4.835189620905566699e-02
-1.457206556881374127e-02
1.435817633338274391e-01
5.342335714146884129e-03
6.576960937650255801e-03
3.178273426442501659e-02
1.564254800655362487e-03
-2.659172552625932440e-04
1.170852851407744311e-02
1.050004842574026043e-02
1.278826156801073921e-01
5.999473409491429265e-02
-1.075406137232448600e-02
5.592992259380480391e-03
-8.914163680231013132e-03
-3.687638728536057897e-03
8.709539186554593471e-03
-1.689531370629993035e-03
-3.586503049291422940e-01
3.212523730923066978e-02
-1.492470070081708400e-01
-5.832605290504488948e-02
3.582935242718576774e-03
2.297588954849061338e-02
1.184591018801484097e-02
1.001107983537963264e-01
-2.551022668660607451e-02
4.152325878300189288e-02
3.049356373611544768e-02
-3.831245464084531704e-02
6.398068494263497996e-03
-2.055378066927460168e-02
8.854478263555165540e-02
2.443688155517520499e-02
-6.236124046478153105e-02
5.404609986044306424e-03
1.163020927428419782e-01
3.752686434976340024e-01
-1.261666189656693859e-01
2.831334226812032284e-03
-3.051993410167597176e-03
2.093863684683583415e-02
-3.020672227762588591e-04
5.750380414838218712e-02
-2.219924639979353742e-01
-2.564523124500510676e-01
1.443344773667831760e-02
2.781627757542537438e-02
6.045987890797732689e-02
2.081592888316663448e-02
-7.024918495915244421e-03
-2.388268002421227720e-01
-1.905787716862050729e-02
-2.144769557793324566e-01
-3.295074793413732550e-03
-3.054110503990159486e-01
-6.656054385655352235e-02
-1.509999151437568798e-02
1.024037592947024677e-01
-1.092322702106685028e-03
8.275432039681618335e-04
-3.289736313138291735e-02
-2.772531414848344866e-02
5.611392233504375326e-04
-1.007587961481704042e-01
9.797547516757276753e-02
8.474007642280412256e-02
4.926018689673128392e-02
1.284053513304570515e-01
1.492703200779033068e-02
1.378673343765512982e-03
2.763917149246708505e-01
4.342021730599299190e-02
-7.979959756426069362e-03
2.248363551871079835e-04
3.789342108143500809e-02
-6.438318959339994763e-03
-5.735276485927442991e-02
1.582038295964593999e-03
1.816079862283004331e-02
-2.835948013466804696e-02
1.619027659808125463e-02
6.989720022045275982e-02
9.804574962743117794e-02
1.038555934951546078e-02
1.253004840228868488e-01
-6.732558550766043481e-03
1.638242194189842849e-02
-1.169294005080701027e-02
-3.746915771557723929e-03
-2.591707833471446065e-02
6.646667182440069155e-02
8.078214657177795743e-02
-9.233251832404221204e-02
2.207267735695950250e-02
-4.639431149576012103e-02
2.366382088439422660e-03
6.768184250336162222e-02
-5.007610068071244314e-02
-6.152916456812818069e-03
1.551206204801474087e-01
-3.257932324659122969e-01
-5.993890491959064093e-02
-7.113965165933677781e-02
2.769074282659858000e-01
-2.518768181266750616e-02
-5.370079573401653761e-02
-6.455123829719013884e-01
1.089834251924912678e-01
-4.765771292795761838e-03
-9.468266222154397838e-02
3.130802859683399220e-01
3.467210393750974617e-03
-3.955445575388694124e-02
-1.928813524727956974e-02
4.882447542546515251e-01
-4.363501969123717572e-03
3.621264017283465364e-02
-1.081803885085719230e-02
-1.029965878008169966e-01
-3.063746714724402409e-02
5.055405312577931909e-02
-2.959444808989246667e-01
-9.319966102987109480e-02
-2.018484630320926954e-02
-8.488175552429311210e-02
1.878150844252104434e-01
-7.494192517810915888e-02
-3.714131694152911223e-02
1.664933664528689405e-03
3.650591766961497342e-02
1.133502175709963922e-01
-1.300439223844023218e-01
-6.819256900143955136e-03
-3.465161121121127508e-01
-1.141215070751968597e-01
-1.779238266515221767e-01
2.047453489906274626e-01
2.910673023961862782e-03
2.370918995984538924e-02
2.639228168163754162e-03
-6.750482000370539026e-03
1.616708020810619928e-02
1.405858205414460826e-01
-7.536314039043645607e-03
-9.141362508671591058e-03
-3.198996907076434582e-02
-4.027895290050764743e-02
-3.007890464459705981e-03
-2.389691847724861873e-02
4.129348298260993033e-02
-9.625397871332097566e-03
-1.454062787352086161e-01
1.099647032060602214e-02
-8.760369169067416806e-04
2.280467620289527986e-01
-6.543976829516395810e-02
2.644096829576483287e-01
-1.294633605766648543e-01
4.411207508360348584e-02
5.724925194272145745e-03
-1.351096883749960398e-01
-1.596991087924379826e-01
1.345876717077771900e-01
5.553819456088149309e-01
3.531985355880351563e-02
3.165073961577036243e-02
1.102543863842129213e-01
3.553600326836203749e-02
7.546229946387938980e-02
2.351043701828530175e-01
-1.265885659895502613e-01
1.465183416853506060e-01
1.101283216066804016e-01
-1.151965222334183636e-02
-1.242645534648545436e-02
-4.656236716436978895e-02
2.433867682384516229e-02
3.804933652554609580e-01
-2.393825012095476268e-01
1.199432674761737871e-01
-3.213328011270277784e-02
2.795412152863718802e-03
-6.283460170516264043e-02
-7.967699924620319507e-02
4.622015910626942059e-03
-3.666580027679628984e-01
8.576395582076656865e-02
2.727554734310615459e-01
8.915278599351950106e-02
5.594970416495925747e-04
1.263501490320777521e-01
2.450813980731254560e-01
-9.581591986352577806e-02
2.461973274468618911e+00
4.391062789854913717e-01
-1.495894442123244517e-01
3.378853292670100927e+00
