-3.325087533404769147e-03
-1.349856315309594379e-03
4.445702828094866277e-03
1.076810047944221083e-02
-2.093391542129729999e-03
2.233156671988645314e-02
-2.191081116155935149e-02
-1.867432045194128420e-02
1.782615475640625391e-03
7.548171059982067277e-03
5.518639666917124487e-04
-4.389922420368286282e-02
-1.318474883099440831e-03
9.340376507069692025e-02
-3.867198727558474047e-03
-1.139117813476886454e-02
4.427286240101580006e-03
-5.692141853540277907e-03
-1.718422287265042314e-03
5.325967246418983336e-03
-1.261882991729024184e-03
1.743707284223461329e-03
8.400230372924255562e-03
-1.384741396581468109e-02
4.981261369451317478e-03
3.335931392827617969e-03
7.488755485027809300e-03
-3.727903314405978108e-03
2.185639459408861285e-02
-2.094853670895524544e-02
-2.364088353632354256e-02
2.597470922300004759e-03
-6.199595553113113056e-03
-6.990037001678217621e-02
1.559209527288629715e-02
1.296893683381838969e-02
-2.789906726690105643e-04
-6.619066257715644497e-02
3.421958816179682117e-03
1.624124950389420619e-01
-3.594045027137937609e-02
-6.343121416783503719e-03
1.901390530113467037e-02
-1.774880878750195734e-02
-4.942875270828039902e-04
-6.828785235944323517e-03
3.878616816429314440e-03
9.911111456677446085e-04
8.252757689515277661e-03
-1.730154961064833685e-02
