3.239156351021676983e-02
8.105922321126612928e-03
-1.087059388065014787e-02
-1.792408046236992902e-02
1.218008267519365972e-02
8.743704434360566324e-03
1.683750845135278951e-02
8.779878312319411293e-03
-1.178952657131659976e-02
-9.736168414928414450e-03
-1.873131972026342851e-02
2.312888269552892950e-03
-2.848790778148924119e-03
-6.705892989115724845e-03
1.801952815661245211e-02
-6.354203915579503814e-03
2.868075858755148033e-03
-1.825957281354817496e-03
5.561616443387151776e-03
2.336447542825581536e-02
-5.842623385715839390e-03
-8.666977636337414026e-02
-7.193245251322366585e-04
-3.270348218773477811e-04
2.610896363304249235e-03
1.543879711219808826e-02
-1.246641824828031986e-02
-1.367685289896947154e-02
-2.372974919722992126e-03
-3.271186048410257285e-03
5.501343635589961423e-03
2.920393138218990714e-02
2.066856467623878757e-02
-1.097878056459400398e-02
-3.826885244960109844e-03
-8.499291699607169903e-02
-1.814230924991555582e-02
-3.264840147064163034e-02
2.288594666088883400e-03
-2.298320490956129447e-03
1.814477614878740042e-04
-1.276387624073826998e-02
-6.102733177790753416e-04
4.901246238126866217e-02
1.835292263012178182e-02
-3.476554677494192447e-03
9.522876918833134141e-03
-2.012701973780028908e-02
2.471411879218621266e-02
-8.168060761956752458e-03
