-1.932539802173849353e-02
-8.177634300103875375e-04
-3.502773245198653740e-04
-5.667438177791694898e-03
3.547255686591199719e-04
1.529062012772897106e-02
3.291556313381960308e-03
-1.463310671822881659e-02
-9.427515823920984417e-03
7.415606299460364426e-03
7.497050289916984411e-03
-2.346179753020649628e-03
6.511179326286864466e-03
6.435093639039379809e-03
-9.566429438766732574e-03
-1.114063022541245118e-03
2.376700247179286407e-03
-2.578730933073813958e-04
-1.635295087322674590e-02
9.057128068667097409e-03
2.724441152122558663e-02
8.622092626278998750e-03
-2.378492155482803128e-03
-4.352119859980518868e-03
2.694834259440170854e-03
-3.235958119507387210e-03
-4.289270093716268661e-03
5.452135305011118760e-02
-3.655954837727293238e-03
-5.909877351035319748e-03
-2.534881425150459222e-03
1.123611270293700670e-02
5.798932953403834745e-03
-3.349919794864320011e-03
1.093254138137211839e-03
-1.018369185258372056e-02
3.684839680692775232e-03
1.387809210332591192e-02
6.650236731437608739e-03
2.838070198798448018e-04
-8.246359056800045551e-03
2.813444952733945570e-02
-2.477761379658716123e-02
8.030297864110025330e-04
-1.454040399737088762e-02
4.847350121702831416e-02
-1.360569796002764065e-02
5.592859594688803782e-03
1.443496553635981172e-02
-4.343553540577360650e-03
