-8.861907276717317927e-03
-4.954074035214972582e-04
2.886214233651429595e-03
1.383877604139449602e-02
3.231614769472201942e-03
-5.650218044253918492e-03
-6.004987508569925581e-03
7.174467036758613858e-03
1.064894391120247974e-01
-1.672423748682660971e-02
1.688833912009357618e-03
-3.255080213934391509e-03
-4.532226124664973099e-03
1.078399541959207397e-02
-1.248720919345913671e-03
-9.313595553077647082e-04
-1.698564490833298635e-02
-5.940739282530671517e-02
1.011903205850650522e-02
-2.158485241977103897e-02
2.493880426247940818e-02
2.006520231173425373e-02
6.800982201532690397e-03
-2.397905502022013025e-03
8.960726685788955592e-03
1.355089106006701627e-02
-1.336164285163476961e-03
-7.201389813021563668e-02
-1.104842646628512171e-02
-1.166871646280025487e-01
-1.660532531045788573e-02
2.822108757474239837e-03
-1.021345191139388930e-03
-3.862148648984131682e-02
1.509453487013701078e-03
3.317149458062473855e-02
6.586065934763851715e-04
-7.791140316404820965e-03
-4.093463162760713203e-03
-3.128994422333697401e-02
6.882671552391528280e-03
-6.178958739145024026e-02
-2.838443289103764755e-03
-2.913216258443540596e-03
1.183049573395678067e-02
1.796152737013390066e-01
-2.012145245734231480e-03
-1.266476642527436525e-04
-3.175499255123170883e-03
1.616835152063345049e-03
