5.164305400498392373e-03
-2.921666377808662673e-04
1.500332513777458132e-02
-7.293566659804184837e-03
-1.613845496418875314e-02
2.013876664297153951e-02
-8.293233800705124281e-03
-3.111281311786839865e-03
-1.619249731965943795e-02
1.437007087493569202e-02
1.660097064802990019e-02
-1.157812198375296475e-03
-2.087106510142078264e-02
5.578470426392811987e-03
2.248216197322516763e-02
2.110780528697731029e-03
1.807230309724161543e-02
1.253113329284794020e-02
-7.564312673656203856e-03
6.494235332061748522e-02
-9.250366238600093993e-04
5.830986875750454601e-03
4.750210853091019203e-03
1.755404148552486276e-02
4.008919155213064300e-03
-9.968195909054955450e-03
-4.471443114333339963e-04
1.322181320350779288e-03
-1.888515450865213552e-05
-2.047273719120212832e-02
-4.506804430437938436e-03
2.046150822513403966e-02
-6.936579550195887123e-03
-6.421061910430125863e-03
3.517965364121522498e-03
5.770801267601655127e-05
2.063700610662522195e-02
1.246135491513733484e-02
-3.132422589787964284e-03
2.998101834436361912e-02
6.300187438434079468e-03
1.782978282310665463e-03
3.852229310095900416e-02
-1.660982288733237056e-03
9.554658704896468180e-03
-1.767168573238109275e-03
-7.648364326025003379e-03
-4.520351559143342968e-02
2.727031972504789792e-05
4.695761626139827172e-03
