-1.653871058621803058e-03
2.695810284505739673e-02
-2.545977438671798154e-03
-5.500111371623717105e-02
-1.164157741591580475e-01
1.453012758018488171e-01
-2.003485080224720605e-02
-1.562060948702992391e-02
-7.876604049122448714e-02
8.931338937443911163e-03
-4.860754732760597108e-05
6.246132781728874761e-02
4.489912827573050436e-02
6.286880809227568534e-03
9.206297660146844919e-02
-7.821167503304593538e-02
2.692255646744001751e-02
2.761448371032315663e-03
3.481108591076775838e-02
2.453826576440576446e-02
-3.206279064726658135e-02
1.142460353987004851e-01
-6.711844758569895930e-03
7.189243060949479514e-03
1.282247033952899073e-02
2.563845814947285362e-03
2.352548422006606188e-02
3.972022535847941072e-03
3.965131619239059546e-04
-3.045538681224257971e-02
1.935778130585674717e-02
1.187324741058972677e-01
-2.103513854082450507e-02
4.008279886882348819e-03
-2.311432951297831551e-02
4.271363547282192030e-03
-1.189468083915556917e-01
-1.752860015384527514e-02
5.488693848363368488e-04
8.654676731694621594e-03
-1.746580225496785488e-02
2.721751019232243607e-02
2.935321072875751724e-03
-6.461322306400063553e-03
9.242402569650920441e-02
-1.124750595259627062e-03
-1.190915995482626499e-01
2.655243924866823590e-02
-1.446907333663460804e-02
3.576735026241806281e-02
