1.577645559924789609e-03
-7.172189143390728105e-02
-2.559135701802262020e-02
-2.861744585835879207e-04
5.994943011454978432e-03
-4.295074780662488934e-03
3.014154143178515710e-03
-7.746930535976304100e-03
5.616085397406322954e-04
-2.105095975250215190e-03
-2.391138547095827960e-03
-2.067468137042283161e-03
-1.191486674282238312e-02
9.271417392195502316e-03
-1.594679757227268624e-03
-5.656845691730083558e-03
1.800664760217074445e-02
1.924237976743370382e-02
-1.279079250945613921e-03
-1.513351206014235117e-02
8.656103834605133329e-03
-2.830976742102464527e-02
2.582629115104140283e-02
-8.383806039065078153e-04
2.965987286444260462e-02
2.803786771305105674e-03
3.853345199122060194e-03
-1.217854733789280886e-02
-2.344258378901287188e-03
-3.068942896291559919e-04
2.311225303270703080e-02
-1.828285038914856386e-03
3.692097017541584592e-03
-5.056546636234671155e-03
3.720671214647808256e-03
3.414578465175566180e-03
1.535183682378260528e-03
-1.055498268026688891e-02
4.558285299735231888e-02
-1.324676710934369339e-02
-8.052061586152348127e-03
1.043613165360923745e-02
1.042472799171534348e-02
5.323530327146386298e-03
-1.064704330519106179e-02
-1.034702657892694333e-02
-8.990517537597497721e-03
1.883956390717855811e-02
-3.702781371565322388e-03
-2.993846481974848928e-02
