-4.471805853580690382e-02
8.364737325440785298e-02
7.211582799072857597e-03
1.988513479274445217e-02
-3.130458337523123191e-03
-2.068178516437058079e-02
-5.531705397473274388e-03
4.905795132425794236e-02
-1.907002718070316405e-03
7.161495457054911640e-03
-5.438569906573320623e-03
1.375546336532806890e-03
-3.087483385968425864e-04
1.254257880466980168e-02
-2.062865014863746183e-03
-3.081960052909948899e-03
-8.515808350051656817e-02
-2.285932556470982036e-02
2.068446294209991265e-02
1.171614047308366935e-03
3.982230943086051411e-02
-5.110458895272529389e-02
-2.648295037766956739e-02
4.218188176835724335e-02
-3.048675473836226502e-02
5.537821976618317876e-02
-2.271081336141378415e-02
7.957730921972938631e-03
-1.547456606360242404e-03
3.630798809126645210e-04
-3.270367542342000888e-03
1.842512625165682039e-02
3.168255001824604733e-03
-3.494406832942331675e-04
9.363265985982138773e-03
-2.461307210123209188e-02
-1.067921668945359670e-02
-2.990617941590301143e-02
1.853283096679092523e-03
3.107949527171172122e-02
8.555982933472705554e-03
-4.261415542202939832e-03
3.094212237641613683e-02
-3.052251810706252400e-02
-2.457170177008549672e-02
1.547035653439365888e-02
7.613143477684047866e-03
1.533627417421712380e-02
-1.459609567041297851e-02
-4.166685407393799778e-02
