4.627682877256233951e-05
1.279557797217734105e-02
-4.386983811013323020e-03
-1.824685150220872742e-02
2.891979689760404426e-03
-4.932591663184382469e-03
4.265652068923486695e-03
-2.097804890652987808e-02
-3.150893090065665092e-03
-1.553987907326614959e-02
6.705896975127245696e-03
-1.542676464660708291e-02
-4.038755087195866622e-03
4.461468596424822408e-03
7.514029488390860934e-03
-1.826974697303640482e-03
-6.106718376781117286e-03
-5.258314804311936541e-03
1.478309851735204461e-02
9.972955652422399453e-03
2.912654010330584242e-03
-1.039151047512731907e-02
-2.261195741290578098e-03
4.484475812873078837e-02
-1.844971625757807487e-03
-2.779342467613687973e-03
7.360707098405860904e-03
-7.109437681970476319e-03
-1.632569836987229905e-03
-1.702668067132151464e-03
2.357689410557028964e-03
1.106107191031213688e-04
3.345565417452789347e-03
-3.384486420403121087e-03
-8.041720517280026570e-04
6.449594550824500061e-03
-8.998836311135960386e-04
-1.644945061133817887e-02
-2.404979060269596403e-03
-1.901536510804646696e-02
-1.828519235589354253e-03
-2.447155014952073770e-03
1.545038374166551876e-02
-2.307229843490077315e-04
-1.001376575486467857e-02
-1.718498184041727939e-02
-5.718549382056181685e-03
5.542491715068820213e-03
-3.981322757019789549e-02
9.634612146971477387e-04
