-1.765023558706513285e-02
-2.209479657021695687e-02
-1.365945326424267137e-02
-1.947056992525730834e-03
1.541371381971856636e-03
-3.016966401478526905e-03
-2.132580580319398678e-03
-5.154207953154354982e-03
-1.022256107426500193e-02
3.430701757842768984e-04
2.168020468045739335e-02
6.914565635618430406e-04
-2.834814991530620887e-02
1.307296262798729458e-02
-2.333364820037431286e-04
2.755847291180835157e-02
5.615244736880242726e-03
3.834112364041608600e-02
2.275120219353610196e-03
2.052365622628116171e-03
-2.736656854789742965e-03
-2.986125386591709230e-03
-9.513400379649539218e-03
9.845635519010187409e-03
6.079878377477143658e-03
-2.656118367734450203e-02
4.005908925550194510e-03
-3.812613199752235005e-03
-3.483487331278567467e-03
-1.721551072070148791e-02
-2.370768618783536397e-02
2.685641101976443679e-02
6.206944592751284517e-03
1.258491183618204445e-03
-1.425146942643529258e-02
1.193349330712578649e-04
1.573287374502285729e-02
-6.545400786599486764e-04
1.694515165140053625e-02
2.506400509602713100e-03
-1.371815461047276585e-02
6.042204543870610678e-03
-6.867918230579306282e-03
-1.436431984330610589e-02
4.188130794933186962e-04
-2.761423349380009995e-04
-7.476500958915721640e-03
-1.977365085323867788e-03
-1.861756376486667364e-03
2.268128745988917672e-03
