-8.350401060667422826e-03
8.015071282680708009e-02
-2.316815825207640955e-02
-1.952566469016403516e-02
-1.192265464780462025e-03
-8.094206437149864541e-03
-1.495205860980775014e-02
7.220962107652439954e-04
6.058243701436083484e-02
3.251278048466588189e-03
1.173803377173499030e-02
6.460779465271571098e-04
-7.764140007783737474e-02
4.080743482327875427e-02
1.650983665797411959e-04
-1.239715867200175126e-02
7.025004402480305998e-02
-7.807265332388624302e-03
-1.148494394183785516e-02
1.475857232864541402e-02
1.195089275176997035e-02
4.060881964363716179e-02
1.152737563060668435e-03
-3.845291463477451543e-03
-1.680567369632512964e-03
-9.204025856732300781e-03
3.996006913197902577e-03
-8.849367471503910565e-02
6.608245051396011149e-03
-1.427457494642681013e-03
-1.370732911622951633e-02
-1.085962924946670682e-02
-2.882294522864015107e-02
6.666403445538549022e-02
1.904975900686167734e-03
-1.216379795062039193e-02
6.376101431726510782e-04
-3.212355908942754468e-03
-2.066546624630518636e-01
-2.479769471079862342e-03
-2.057099841542253671e-02
1.134374472439958481e-02
1.602274557076555084e-02
-2.545330473694207285e-03
-6.747277304964427458e-02
-3.300557691783012615e-02
-7.878345235511119427e-03
8.759057618874521722e-04
-1.176647691646337535e-02
-2.932876630821112940e-02
