-3.958420995036249224e-02
5.122157363715018619e-03
2.748513564446852797e-02
1.808308795020252546e-03
1.330792518287182702e-02
-2.979896014977612140e-03
-2.027362472034610619e-03
-1.321916461878913651e-02
-8.056431492121873816e-03
8.095241956596055388e-05
-3.827182309608190280e-02
-4.087603872305578534e-02
-1.806290591948993551e-01
-2.036832854443559881e-03
-5.879221643567689171e-04
-5.268637950671006820e-02
-8.215719490566186778e-02
-1.968127330840729883e-03
-1.309112851176337244e-01
-3.262001618192300612e-02
2.213852966646356890e-02
-3.696359046841735108e-03
-1.584384390623938543e-02
-2.574570889996152800e-02
-7.000249442700123836e-02
-8.240198050941671681e-04
6.407485983856986422e-03
-3.746332423304465920e-05
1.223096910037213547e-02
-2.061763408079286819e-03
2.282789472999979807e-03
-2.581162970275840962e-02
1.308850617833456909e-02
-7.301990871108898773e-02
6.510193968921385022e-03
-1.820738123149112653e-02
2.688241713980232817e-02
-2.619904819596285961e-02
2.456327824432946727e-03
8.008364902902087579e-02
-1.850582690948954223e-02
5.760815286109277622e-03
-2.576128229776486478e-04
5.683662799881972205e-03
-4.807999215060476672e-03
-5.328833966296997460e-02
-5.615939417893400787e-03
3.730347093735986164e-03
2.240125845982277042e-02
-3.795325626199996805e-03
