5.945885408426221375e-03
-1.792198852760407135e-02
7.720278065153962643e-03
5.044996561416326131e-04
-2.550665011458619347e-03
5.155007105953401947e-03
2.711132401311289186e-02
2.558453548535055688e-02
-1.918230330117509652e-03
-3.364691460893709518e-02
-1.126706740959448894e-02
-1.477868135253856963e-03
2.641909744745873923e-03
4.289064412041909691e-03
2.103614897466243860e-03
-9.553479123582953036e-03
-1.531790161267032602e-02
-1.117641574537131532e-02
3.824980214876738671e-02
-1.355112709602579457e-02
-2.990772681851261439e-02
-3.597024410923665982e-02
3.871797343037464145e-02
-9.253522008506820384e-03
-5.334717277619915876e-03
-4.095799414727707699e-02
5.042768829965993405e-02
-2.954096716326404248e-03
7.234654867680490042e-03
1.614377411411638263e-02
-4.704634817205644026e-02
-1.256504741279229620e-02
-1.017847628939172466e-02
4.309436786710918454e-03
3.226897995814326237e-03
9.274961347646559773e-02
3.692793252689341443e-03
-6.619957117420582904e-03
-6.945969695944853584e-03
-7.470818170496329458e-05
-2.902660882684315879e-03
9.746437266588969806e-04
-6.540412180979338075e-03
-1.394302685552517573e-02
-5.942180667418028861e-03
3.302421810930766810e-03
9.298197019688814180e-03
-8.180681336931172609e-04
-2.061563881863293091e-04
-1.540439652537095583e-02
