1.159242722311546459e-01
1.107439647541355043e-01
-1.969388043733601990e-01
3.955150871490786813e-02
2.641139600075348426e-02
4.099783121370137451e-02
1.283184668511694326e-02
1.090427221183745132e-01
4.465354123908582551e-03
1.160635976866615238e-01
-4.711415712790767429e-03
8.804604209444732987e-04
3.313710686825288576e-05
1.255223667504310470e-01
-3.029510903832033364e-02
-1.211602486648644117e-03
3.369016748115427617e-02
-1.137584025678961552e-02
3.577871784688113621e-02
1.101949277577887187e-01
5.544176380567478191e-03
-9.005508453526545054e-03
6.598229566407098901e-03
-1.820568468133387796e-03
1.729936672700205236e-01
1.734316173931347294e-01
5.477999070996020237e-02
-9.382231806000618235e-03
-7.425705480841315875e-03
1.426580550162270811e-02
9.931258443691604043e-02
-3.468888167702743885e-02
4.651939071544575199e-02
-4.952470549994814064e-03
-5.824793526920757358e-02
-3.255283169778522279e-04
4.514247055453779467e-03
1.254285642022523461e-02
-4.827210555436067807e-02
2.148649308702488270e-02
3.146418246785742667e-03
-2.481689587796154228e-03
7.682805415811344574e-03
-5.555880725186739255e-01
-3.511719124236378775e-02
7.065864262870036328e-03
-1.489484701716037307e-02
4.436326882967023266e-03
4.724905718728678039e-02
5.865846376264016726e-02
