-2.327358082763453240e-02
2.040256389705064066e-03
7.006455303724123951e-04
9.536876799813853722e-02
-9.473840004261546710e-04
-2.114904015490992606e-02
1.967061284517512831e-03
8.543587266274244030e-04
-2.750841059250319631e-02
-9.030603924568936236e-02
2.013317317705229925e-01
-4.358692039906486571e-02
6.612771436550701765e-03
1.049409370403964203e-02
-4.220148790261646354e-02
-2.058220701474056114e-02
-1.608096806396019929e-02
-6.083207359438347339e-03
-2.003971141590454863e-02
-1.074053405730523991e-02
5.636652888824755792e-03
4.264002462991811626e-02
1.232131458085632403e-01
1.747773306066733312e-01
-2.572401761875653392e-02
1.938045594155823892e-02
7.776632419535189911e-03
9.886461396888535091e-03
3.177543516022751646e-02
4.864818778912649577e-03
-4.460303698323286881e-02
2.725486312942848599e-02
-1.128592533189305414e-01
5.392460180758007482e-03
5.070118894693109723e-02
-1.421023527487363936e-01
-1.678426764570417618e-01
-1.938836927507736618e-03
5.003697184150723842e-03
2.022151462881538464e-04
-1.485616279910573212e-02
-7.152524671488436070e-02
-2.920732220820809744e-02
3.228919467204605098e-03
-2.318709049546896495e-02
9.811348556297616597e-03
2.128687834749598551e-02
-2.937609346361114149e-03
-7.746302156306228426e-03
2.882733555880747645e-01
