-3.844254483240661102e-04
1.208190385124652266e-03
-4.263715624327701903e-03
-7.554232567034802059e-03
-5.045502960395964465e-03
-1.490545693226152935e-03
5.759213436675736375e-03
1.169861442310349275e-03
-7.379058759173773296e-04
-5.165598937228566001e-03
1.461632803873413877e-02
7.100114495557363625e-03
4.053887420404578279e-03
-3.920167092731574598e-03
2.073462098611145166e-03
-3.188559938074320144e-03
1.002407250641823566e-03
-1.160161047241636822e-02
-1.947333471457923793e-02
9.542296754453616359e-03
-1.144425446547003844e-02
1.293405661163049558e-02
-1.790202112360717024e-02
-4.334315924021225896e-03
2.029081316985426042e-03
-5.888832049429026938e-03
-3.208331500649919121e-03
2.769533900504939083e-03
-9.911096182300127566e-04
1.523884924633467364e-02
-7.504101387867834205e-03
5.179804998325820975e-03
-1.897983916197176768e-02
-8.303270258803507886e-03
7.089543773975748309e-03
-1.447079836420783749e-04
-9.560709056769312042e-03
-2.275366117304500335e-03
1.580103363060736399e-02
-9.577577927910141398e-03
3.001105627702571610e-02
3.186412149284834072e-03
2.427357257742457364e-03
-1.424054020320753011e-02
-3.690667634677957665e-03
-2.451635242437077977e-03
-1.814678326809371356e-03
1.451460070236620936e-02
-7.220821178073322244e-04
-8.851652504375806529e-03
