2.642221394609123308e-03
-1.624745889529322085e-03
-8.731779943687456580e-02
1.111065122805143801e-02
-5.494187675341777322e-02
4.009846758151525137e-03
-2.432242564802322704e-02
-1.002215464468747541e-01
-5.340584856071473041e-03
-3.773347239868485303e-02
-2.326876054610238498e-04
1.708815337383384758e-02
-2.382591539296186056e-02
-5.532061022393008898e-04
-1.482658484704302282e-02
-1.932645262810694931e-01
-3.426818721715108040e-02
2.416732814083388803e-03
1.202781641694627979e-03
8.724046349914260645e-02
2.045239780125029938e-02
4.481949002919805025e-02
1.011973945253430429e-03
-2.089929673118717801e-02
1.084457388046189408e-02
2.497608185649369261e-03
1.150719592635596200e-02
-2.859510601012971165e-03
-1.663735298023993892e-03
-8.949807398039411055e-03
-1.031168006264238102e-02
2.063004076485697169e-01
-1.004479366499708703e-01
2.342243036991931149e-02
5.243903417510864529e-02
-1.167523815294657652e-02
-1.683598752691750633e-02
1.217027713579454939e-03
-5.305575114959992788e-03
7.657146202006970270e-03
-4.217898608112591319e-02
1.703894845309150696e-02
-2.755146384373574620e-03
2.342042176687186839e-02
2.789829577352520573e-03
-7.798902271360930172e-04
6.731035786316397207e-03
1.080361541085039789e-03
-1.342644768448906234e-01
-3.058415886181364840e-02
