7.235041231338712464e-02
1.255521523496483383e-02
1.511406553192635727e-01
-8.648695276669471355e-02
1.713748639998868839e-02
2.068962436665167104e-02
2.558318951434319644e-01
-2.131044128528714054e-03
-5.686363699691554530e-02
-6.704279397767809456e-01
1.859023308467211422e-01
-4.267493814467115953e-04
1.123432693709780494e-02
3.797923150384896473e-02
1.418087882672836031e-03
7.137980172435121062e-02
-4.747233384292925962e-02
2.318013736122761514e-01
6.041017966161632557e-03
4.201404553803911313e-03
2.361802330467988043e-02
-6.409931145686087461e-02
1.191747530202214023e-02
4.661310363477255692e-02
-2.437095084160727509e-01
2.061351968859170825e-02
-1.220934532055650834e-02
1.671378363254127919e-02
1.628068742566775029e-01
2.573871534587190979e-01
-2.632018640648681185e-02
-3.181221275548651306e-03
4.330438879080489301e-02
7.312616218747614028e-02
-8.476271522494194244e-02
4.628316151489286767e-05
-1.144730724437224012e-01
-5.391857351071394078e-03
-1.849521597373566806e-01
1.880495895512801496e-01
-2.454068775117335122e-02
-8.669966376105975314e-02
-1.506980882043151837e-03
-3.745700433412935126e-03
1.530772865440788166e-02
1.213749197435731730e-02
-4.721537970544531504e-03
-4.022782865057550339e-02
2.673228056036158762e-02
3.008850558665976394e-02
