-6.559880978142018648e-02
5.465835299049786045e-01
9.296448523070921510e-02
8.999353088597672468e-03
-5.617226635536098911e-03
-2.675190021892603909e-02
8.742893930281070425e-02
-1.282563941651915229e-02
4.899355901732178609e-01
-8.962605007241108979e-04
1.140581448098600958e-01
-5.655119170643274629e-02
-1.841731230624645832e-01
-3.687554950761295913e-02
-3.565261201117664314e-02
1.278338292405578613e-02
-1.625877615651916130e-04
-4.692767541826015076e-03
-1.270697882500826381e-02
8.065281636800136766e-02
1.308508774616257142e-02
-6.601162664878756914e-03
7.432685578010023164e-03
3.847888445420721837e-04
-9.346412357160716056e-03
1.601873862000502413e-02
-6.926477686306498072e-04
3.345091971289093635e-02
-4.062549744332955015e-02
5.762299709317630914e-04
-1.697149561766764236e-02
8.098881052092110622e-02
-1.783609272371222687e-02
2.133726612049713367e-02
-1.259752522116741602e-02
-5.723021318493692888e-02
1.461503128666663542e-03
3.637070432341715787e-02
8.115213022335865389e-03
5.859336942972959150e-02
5.497809678405474187e-02
1.648851272534557211e-03
4.118303688983360189e-03
-7.151442392330409348e-02
8.073900509538134429e-02
3.335015543513009106e-02
-4.965648527945631940e-01
-1.517422979384264181e-02
-3.245268150408264773e-03
3.273955944200679369e-02
