6.448734260402488871e-04
-9.954615656013743319e-03
-2.594761967415593062e-03
-3.076966119749613426e-03
-1.350543765211398295e-02
-8.923084153266813701e-03
-2.786815256996533208e-02
-4.678534889720253886e-03
2.207689399966739074e-03
-7.370957646031683907e-03
4.547076351187229193e-03
-4.223237772720267458e-04
3.127556688070853852e-03
-5.498654212772180472e-03
-1.721219671837559417e-02
-2.496203941964836304e-02
4.933428499879255469e-02
1.827837116711350518e-02
2.469775589717926323e-02
1.186133776651843164e-02
4.224994874228116259e-02
-2.744654410236080366e-03
9.175175465360041471e-02
-3.044258307042468914e-03
1.300522596967539357e-01
1.185201353884224318e-02
-1.258185095881003690e-02
-8.478211173370198139e-02
-1.798781028981011332e-02
-3.346010313890701582e-03
-2.031516376800368562e-02
1.072791474729513084e-01
4.052305730594696342e-02
8.154755793867707325e-03
-3.565043573543391631e-02
-4.675536854676920484e-04
6.647357028509759402e-02
-6.365276185070456449e-02
1.348647069825403833e-02
5.197123987045415561e-03
6.604049211716755963e-03
-1.601169053373041606e-02
-8.754375983244244708e-04
-9.735940084306093922e-02
-2.587651404854796056e-02
2.897879277064419057e-02
4.828827018306469654e-02
-1.443448108906864036e-01
2.377340683710826852e-02
9.518774788068640191e-02
