-5.909554238286318650e-03
8.388433205209366861e-02
-1.029071201301690053e-03
1.708851348027451422e-03
-2.252330371618427307e-03
-2.833983195344558226e-02
-1.740135370079087807e-02
1.929956015672473768e-02
6.169627135449218258e-03
-1.701615887350271805e-02
-1.365269508582400704e-03
-7.532679264286912257e-02
3.679227586229671942e-02
4.033640055372700317e-02
1.250146702312804337e-02
-8.183364627285527604e-04
-3.008693279436158718e-02
7.706081053086677457e-03
-3.424369645841807142e-03
-1.261475417332746929e-02
-8.530802025759953722e-02
-1.869006352870883347e-01
-7.659546854910104230e-03
2.580666161290423588e-02
-4.472874047806385533e-03
-1.796843627007262967e-01
-4.237366854388824322e-02
3.703628925947555217e-03
3.359637778117985363e-03
1.881845571745088819e-03
-5.672746361626934686e-02
6.057531544226435472e-02
2.117346066654590686e-04
3.378106288693061288e-03
-5.313663390657552554e-02
-3.651836554249143774e-02
-5.108330153726114986e-02
-9.695048310163656424e-03
1.864285555896572077e-03
1.981767783053101084e-02
6.250513706319793528e-03
-1.653357262733834432e-02
1.327379621926638720e-03
2.391712039582216676e-04
1.913142885797469717e-02
6.033312317072159203e-03
1.864542326387663707e-02
1.412993000730011772e-02
7.549970377067438676e-02
1.165890028647709187e-02
