-4.661957407978434276e-02
-1.497998710706838210e-02
1.243551742504678259e-03
6.863387909021412270e-03
4.790088402160108672e-04
-3.303296433367108875e-02
-2.262543391836402407e-02
3.638608306366108991e-02
6.756726659830292192e-02
-3.436027874667502147e-02
4.633671545755646548e-02
1.041231048486679356e-02
-5.039432125755638481e-03
4.520398358636157354e-04
6.686092338497928722e-03
-2.873771795327684231e-02
-5.994265637781381884e-03
-1.055455868681747233e-01
6.888332156847809529e-03
-8.698398399747020449e-02
1.521312420189246950e-02
-6.589654725900118137e-03
-8.154511287807508779e-02
5.185559190312005740e-02
-6.945992179802829014e-02
-1.202267212070751157e-02
-3.253021052441340544e-02
-3.022035006452483685e-02
-2.906992765761629016e-02
-5.193979338332610496e-02
-4.762443760000678594e-03
5.846386067560160882e-02
2.206680480782097220e-03
-2.497709956770677309e-03
2.068042808281234102e-02
2.913076628004773738e-03
-4.064958985026123628e-03
-6.328703247328348880e-02
-1.296446080834812165e-02
-3.803602284079943274e-03
-7.664479379664612679e-02
2.464799186299160283e-03
-2.393876166706832009e-03
1.000216398719544486e-02
2.382195897524752581e-03
2.184379730161936095e-01
-2.197244906426476518e-02
3.363580549489597615e-03
1.754479560173649588e-02
2.982226470760451775e-02
