1.238266804141296973e-02
2.499109315598655456e-01
4.061044785867551354e-03
6.728018715280725814e-03
2.096965930217038476e-01
3.997340378695923846e-03
1.278232243812382762e-02
6.498920763336357709e-03
1.517596464907455811e-03
-5.330084118206457333e-03
3.127946390330649251e-03
5.583256713393147663e-02
-9.401603049841611437e-03
3.227708868200451775e-03
-1.158802589224094959e-02
4.456403466193137319e-04
9.251931577480831947e-05
1.150802917004156711e-02
-4.823000770507235302e-03
7.357749608889463389e-03
2.360923861143504610e-03
2.363715824589718295e-03
-1.153049464833699744e-02
5.779875071133133702e-02
3.059015695255240530e-03
-6.935195491640122611e-02
6.791392239350102500e-03
4.096522406618063883e-03
2.613141188970047324e-03
7.601870952969491668e-03
-4.987899034656351205e-03
-3.207483907630148678e-04
1.377998064032226466e-02
-8.689759578341949009e-04
3.946346780291598577e-03
1.871226068793419017e-03
9.370363526807423682e-03
-1.654925294133136049e-03
1.857436961852698687e-03
5.094041501507717840e-06
-1.391914190133292095e-03
2.250677378656362748e-03
3.769770400376692976e-02
-1.350674193799861200e-03
-5.641342942483973388e-03
1.909104708338205114e-02
6.224609152571503046e-03
-1.929667503544507667e-03
-2.322028784885077357e-03
6.735869449972398115e-03
