9.042059678705527404e-04
-2.293965953866461405e-02
4.887102481205829463e-04
7.369692771845848256e-04
-2.974560799982839399e-02
7.771672468555834712e-02
3.227726233646421861e-03
-4.514263976375332277e-03
-1.241058209789969169e-02
1.131072670858657148e-03
1.098308081013499304e-01
-4.520105595896950490e-02
-2.030172942779984169e-02
1.037151681491366162e-02
-9.236061815869334168e-03
-3.105905640670414414e-02
-5.469329270937350884e-03
-4.472729533475217067e-03
-1.937393916819019068e-03
5.072835621038507270e-02
1.358378347838140598e-02
-3.074207538784889948e-02
1.066370299251673259e-01
-2.021937555021224853e-02
-1.203052650514280231e-02
1.907668954838470654e-02
6.366135789505733555e-02
-8.153635722166541200e-03
1.661191895905744786e-03
3.638876251613964996e-03
8.888849941229182150e-03
-4.818820007081114909e-02
-4.215391813959001865e-02
-4.816721918136579461e-02
-2.498704529756423653e-02
1.639631525874563067e-02
-4.358764946938720186e-02
-3.594042368575856017e-03
1.139728273044227080e-02
-6.467205487012961385e-03
5.715230289098371941e-04
-1.955348369790499419e-03
1.177484749297263988e-02
5.689635613748578180e-03
-1.146488810263690539e-03
5.726712582756476877e-03
-7.107486568600052124e-03
-1.260194149094928662e-01
2.836044771044043955e-03
9.850734622261825280e-03
