-2.553947983592763649e-03
-7.118347197298646734e-03
-4.653356925398810517e-03
-4.339227775313503344e-02
6.739381940564115325e-03
1.297668183032563149e-03
-4.401686010648830916e-04
-7.269630396493198532e-03
-1.608272775156116552e-02
-9.377102094312306235e-04
7.478724162342409443e-02
-1.486285787110830370e-02
-6.811160332740584522e-02
1.977901191208886189e-03
-9.056372626526254521e-03
2.115729981965230877e-02
-2.730876871957121921e-02
-5.904441270203619752e-03
-1.663329912824451640e-02
-7.775516705089913216e-03
-3.034121763608510491e-03
2.327444842244652534e-02
2.804165907548750170e-02
1.255335147190503875e-01
-3.244421826388332875e-02
-5.175964720491776916e-02
-4.753219007865183698e-03
-7.138570945782518606e-03
-8.604482775465882582e-03
-1.568773890303809537e-02
6.720019704791369008e-02
6.051845629515284486e-02
-3.203322937346442245e-02
1.886720758673199327e-02
8.855395073550376139e-03
-4.295536224964813243e-02
2.235124336113969434e-02
-1.009679729254919778e-02
-7.175045941725244347e-04
-3.859414269062000358e-03
2.849294239744892820e-03
-8.017401237408350312e-03
-3.072998661786030539e-02
1.843093921188199147e-03
-3.232320231125918042e-02
1.782940953463274525e-02
-4.166230920382929526e-03
-2.994851389868102842e-03
-1.615650795596756950e-02
2.532031400198029303e-01
