2.552166375599185244e-03
-1.190323051715402869e-02
-4.899300470858847234e-03
3.770152870473175710e-02
-5.191894116446604812e-03
1.855272621581072201e-02
-1.513922511960075212e-02
-2.141864376646651635e-03
4.549544464678589861e-03
5.415237911369885637e-03
9.779330791932494549e-04
3.242319759165290805e-02
-1.242171336493669287e-02
-3.489270368271135681e-02
3.537463184580147413e-03
2.736977485076863559e-02
1.023147926417777853e-04
-8.817785167412495184e-03
5.949763313360278971e-03
-7.248266274251236041e-03
2.048639469921553768e-02
-1.676543728828860935e-03
1.720943782002848366e-02
4.672701265711509677e-03
-6.569204596441835520e-03
3.170127790816934521e-03
8.673803906660282337e-04
-6.023902480478682264e-04
-6.169231108541950448e-03
7.667039149877652449e-03
4.983169490614614006e-03
-5.802474732474749430e-03
-4.843186282261768838e-04
2.299391080137880294e-03
5.720767532384485321e-04
4.518795191872904127e-02
-1.819508198718011727e-02
-7.540244070652235564e-03
-4.506317163419737426e-02
1.453883134166211732e-02
4.906950429447221040e-03
-8.012109589856208913e-03
-1.607834799628449218e-03
3.011895700797850850e-03
3.947986380032020293e-03
-7.886526991436326739e-03
4.040945228978465309e-03
-4.083684759692118860e-03
-2.237775912180062221e-02
-1.061017192158786315e-03
