8.410247749097266023e-02
1.802178748296512367e-02
4.939991123288223207e-02
1.974359464011854470e-02
-1.918263092753136334e-02
-9.808770080894646526e-03
1.271368445458165297e-03
-5.085362123735137629e-02
-6.695690922919084187e-02
-9.947119364809964281e-03
-9.848495218790276340e-03
-2.226701870369538483e-01
6.208256276622137193e-03
-3.157889457466467320e-02
1.421109768460837586e-02
6.940285796886769276e-03
1.895613970813769811e-02
8.078704198766217814e-03
-9.215606069687964919e-04
1.062304297796856645e-02
-1.948623627583856432e-03
-1.911574346391375911e-02
1.311480490179093295e-01
3.929408722939342624e-02
-9.886327438150033231e-02
1.088346747997093189e-02
-3.521555663616027232e-02
5.637825528708617639e-03
-5.116013242891881418e-02
-5.906003989764485596e-02
7.220407433294440125e-03
9.335874720477477240e-04
-6.589287378830022135e-03
3.002199475943712059e-02
-3.832323979580110063e-03
-5.602590152420816594e-03
-2.402852101798202966e-02
-3.642567208572700110e-03
9.536293321602329343e-02
1.428465097804121342e-02
4.224394751109628032e-02
-6.066854107257313444e-02
1.169669243765838473e-01
-7.173076832600600028e-05
1.888482540425684419e-02
-1.405347125535172381e-02
-6.218406029822176606e-02
-1.125169903815503858e-03
5.539326265449062703e-03
-6.453293438880791655e-03
