-3.421632706464450280e-03
-6.057013907927455421e-03
3.487317188390726130e-02
-1.119526854790002801e-01
-9.344662680403992283e-02
9.527318218519909010e-02
-1.115159009271682322e-01
1.605932505817975198e-01
1.676776591805761996e-02
2.395337247759190547e-01
-1.346252900523037255e-01
9.163924279313562238e-03
8.659810649986710018e-02
-2.654397146071012514e-01
-1.494951368564159111e-01
5.119971577653892325e-02
6.616303651782651229e-01
2.344239213000776090e-02
5.922114923453847268e-03
-5.725952734199069027e-02
4.823405885481335531e-02
1.749718314956894005e-02
7.822014056609205568e-03
-3.877006240884384169e-02
1.269313642777714080e-01
-7.519445267060831384e-03
3.548117006749507141e-02
-1.170333933254141812e-02
1.001345459165570162e-02
-5.395808024364256994e-02
2.655516483543145512e-01
-2.295734115290066768e-01
1.372934236180913814e-01
-9.590218079225110159e-06
9.246466066237246650e-04
6.824115342523917604e-02
2.156384663159016668e-02
1.091898255385359562e-03
-3.657891674266604554e-01
1.885275170952382950e-02
3.100514174236916887e-01
8.058993146018167408e-02
-1.014327516838164911e-03
1.996690772144837922e-02
2.347474147023866919e-01
-9.016372197628719221e-02
2.386652129769510466e+00
4.167265604226226827e-01
-3.166472067533128154e-01
3.978816063837374628e+00
