1.466012940369409989e-03
-3.717423627065841174e-03
-1.580194031498649565e-02
1.506207974514950365e-02
1.772728186580252441e-02
1.085610152728122557e-03
1.055403287255671785e-01
-2.017298591277949527e-02
-2.680291725118877366e-02
-2.070688605110149183e-02
4.999036408946722077e-03
-1.532206116479244429e-01
2.730014964777183195e-02
-1.063274819692310302e-01
4.790141592934560322e-03
3.969284719079269053e-02
7.707120554812263435e-03
-2.423192068147272948e-02
2.041351141144787107e-03
-2.534605720484250924e-03
5.595396989718892655e-03
-1.578649345788107894e-03
9.905396868714433367e-02
-2.621476622948648583e-03
-2.030669601339241126e-03
-1.295530803129736341e-01
1.656424658762034596e-02
7.853094586494080431e-03
-6.430954583410652958e-02
5.329125064605477746e-03
4.792479258753701288e-03
6.511692649979750058e-03
-2.020237135496927294e-02
6.953788431434304584e-02
8.197917213948358039e-03
4.094019618605670985e-04
-4.283675726782121274e-03
-8.910590386503258742e-02
-4.005396709248998377e-02
3.052839133721931830e-01
-5.290301263983110402e-02
-7.594410927111994170e-03
-6.357705495474874624e-03
-4.576147801685692684e-02
-2.234296878438613021e-02
-3.723672927682741829e-02
-1.214674522424274983e-02
2.385235955983944223e-03
-4.224837328536068526e-03
-3.722760505866062886e-03
