-1.382798617173719435e-02
-3.128742608060264274e-02
-4.292682047554308156e-02
-1.399710167065748578e-03
-4.106504283427625523e-04
-4.718588010257818155e-03
8.877996589470527056e-03
-3.778329181368178524e-02
-4.043168210522196659e-03
1.414280770825460110e-02
-1.273714509894219304e-02
-2.476466457063253301e-02
6.827526366350866738e-04
-3.040254280523058128e-02
5.424882854864421233e-03
-6.883124393463369017e-02
-1.624908462189189606e-02
2.056163453009496322e-02
9.672329117485389816e-03
-4.373569605938598670e-03
-3.601301534672529669e-05
3.648607255752267520e-02
-8.985168910824015143e-02
-1.595613569802978304e-02
3.018154002667472469e-04
2.109268189302682117e-03
-3.147874994731125753e-04
2.943265059421662500e-02
-2.977999826510924208e-03
-3.486423651736458851e-03
1.184319148199719507e-02
1.165825418912014300e-02
-1.840588694407507830e-02
9.965931396198612902e-04
6.296077347158757220e-04
9.184430374931551455e-03
4.225576270100006582e-03
6.069455949187840815e-03
-1.619289527962308739e-03
-1.027969449207688513e-03
-7.348623752861271896e-03
-1.007404304642633974e-03
7.602235641210874917e-03
-3.962328699525841103e-03
4.291028647797290319e-03
-2.308385196720053045e-03
3.260295857242390127e-02
-1.232077455560975920e-02
2.479561185431577996e-03
2.095865172932498410e-02
