2.426395666853764510e-03
-1.848171222548167236e-02
-7.693905500259390351e-03
-2.504826689071038004e-03
-5.361302931692257800e-02
1.796864307518575288e-03
-5.916792324898167976e-03
-4.337856808790618857e-03
4.037189292084519820e-03
-8.148775280876208171e-04
6.765249109790261173e-03
-3.977454843209216051e-04
-1.736302006546353027e-02
1.814080903839609960e-02
-2.241150991734386366e-03
4.838868813919461331e-02
1.432175040743999261e-03
-1.929672521789882467e-03
2.219473451360798322e-02
5.029842784265881050e-03
-1.698060219986530228e-03
1.926376923857731072e-02
5.392112577045082844e-04
1.247898278298009700e-02
-5.179793605964988501e-03
-1.310304436304399189e-02
-6.287434461782481776e-05
3.441542555531640346e-03
7.796083083334792718e-03
-1.400979988000372600e-03
-1.393097074069871155e-03
-1.916815081224498840e-02
7.561679932138432036e-02
-5.982483429742657677e-02
-5.988165833075598243e-03
-3.771837487718698867e-03
-1.775420320391773998e-02
1.766717014440999378e-02
8.026983536666421060e-04
8.978172242594339991e-03
3.800339613514047699e-02
2.490959399725767298e-03
-2.087137454518028790e-02
1.947719009174235794e-01
4.368997426227139158e-02
-5.940721165416107397e-04
-6.751814538308309466e-04
-2.031063438732161330e-03
-5.216177783841757787e-03
2.242315382513382360e-02
