3.167344530826454729e-03
2.406509932924016937e-03
-9.090714469355276606e-04
-7.637959762353929705e-03
1.422744299536127244e-02
5.752928524789524545e-02
-4.305126183023588737e-03
-2.532551373366054293e-02
-5.917921723641583753e-04
-1.692034771904538104e-02
7.511342268034937319e-02
-7.551899136032602655e-03
3.810602086351622120e-02
4.035085153750372911e-02
2.797431490601098858e-02
1.930023475996200943e-02
2.439937533769409583e-02
-2.249920652539927346e-03
1.803651281964135933e-04
-4.427813083913179071e-02
-9.467159350894149838e-03
-1.204088534986169634e-02
-2.346113015462947260e-03
-6.513812777527050457e-03
-6.489830752867575825e-03
8.584266499167370057e-02
-1.396477954799024701e-03
-4.276860493646417183e-02
-3.698140718134013127e-03
-1.419509624087389454e-02
-4.693817716113279914e-02
1.089389694788778229e-03
-1.429503305384827172e-03
3.149361022832586343e-03
3.749109276931505974e-04
4.910589615940708086e-03
2.293717675705408965e-04
-2.372436024742796690e-03
-1.605788906273986072e-02
1.073008862359614568e-03
8.006477949376034076e-03
2.947690408653969030e-02
1.848000116390835501e-02
1.225338437365053323e-03
-1.816023393550914022e-02
1.662762577920062768e-02
2.094833195037892892e-03
-2.412137143750214818e-04
-9.158492209235546966e-02
5.156476192045289508e-04
