2.505468926167964128e-02
-2.561700267932565112e-03
6.183424579205620830e-03
1.758659120383754271e-03
-2.419820776093217773e-02
5.274031462491279854e-03
9.145114083096927970e-03
-4.933061777535385772e-03
2.764274394701260462e-02
-2.630900042996131560e-02
-1.894248719906954648e-04
7.078267853870556792e-04
-4.073501345305885479e-02
3.923317141783400075e-03
6.989049516192835654e-03
3.537583743593586405e-04
-1.042735679193640408e-02
-2.818517269375320211e-03
-1.123760115378757973e-01
5.994675879695421372e-02
5.924400142447439066e-04
3.418950020471811513e-02
-1.384562215723406098e-02
-1.333290736695857959e-03
8.441263427329204205e-03
-1.560490050074747614e-02
-1.714081500844599759e-02
-2.968957726520216056e-02
-1.016369978458442347e-03
9.321252851870553968e-02
2.954702259738439807e-02
5.578497603428900220e-02
-3.528948764994765952e-04
1.024595469900191347e-03
-2.845162005655765824e-04
2.883314542619075382e-02
4.707302622222186983e-04
3.781442504987353459e-03
-6.846517568121157638e-03
6.397635514811383928e-02
-9.620147569260950604e-02
1.047796432439156433e-01
1.213115519669827336e-02
-6.376569859548908425e-02
4.044536028770551184e-02
3.907252569931074504e-03
-6.239713064090324224e-03
-9.637637472081905798e-03
-1.760258030306260935e-02
-5.087602381878753022e-02
