-7.612849502132590374e-03
-4.697776909408091228e-03
3.067738459105129323e-02
-5.341713957342619779e-03
1.810092905802918040e-03
7.358093844811008921e-03
-1.006436301313939907e-02
2.749424598269634146e-02
-2.923303808051613828e-03
-1.205114805786955401e-02
-7.095589541799895983e-03
-6.130676606332485790e-03
-3.971192022490299678e-03
-1.132513174928639899e-02
-7.040316832311432904e-03
-1.556049605850020612e-01
-7.142833099216261417e-04
-8.510202277793865733e-04
4.966243854346430453e-02
-4.811511072162488745e-03
-1.050365807054021161e-02
2.198577065270157505e-03
4.468046242817003133e-02
-1.697986201948076257e-02
5.475977779574847659e-02
-2.342847083608390335e-02
-1.558887914532292029e-02
1.653818888663138864e-02
4.524921601161580043e-03
-2.806209155025030100e-02
8.564971945392407804e-03
8.012257303271042019e-03
-1.528301797409525875e-02
8.511622403279517357e-03
-9.680782843176416463e-03
-2.960859925046221974e-02
-1.864712315082783789e-03
1.321453918461301669e-02
1.856895099071564914e-02
-5.647952831203895130e-03
-4.956530623116961465e-03
5.019861438492867478e-03
3.258759938041677628e-02
1.798430913134296816e-02
-1.872604399263622099e-03
2.477011806280238204e-02
2.934510307424531561e-03
-8.997228375289267888e-04
3.290906019004502525e-03
-2.184073029748745398e-02
