1.088357413934204487e-04
-3.330639686942760136e-02
1.026211870680526772e-03
-1.724130368453558049e-02
-2.204888758406298166e-03
2.179270519116727201e-02
1.127114747254154281e-02
2.773640017966272353e-02
-7.601878285120022838e-02
-7.635130822762903335e-04
-9.324722482375591426e-04
4.499046269934581233e-03
-1.373968985688023281e-01
5.214284921018474961e-02
6.298246599968138071e-03
7.019815694882680646e-02
5.097515878446756687e-03
-1.066072010857510577e-03
-7.204445514030055620e-02
1.926683909252346893e-02
2.681524759431397342e-03
5.146355747990583041e-02
-4.761328594710789730e-02
3.460452776112532547e-02
3.476042748800978188e-03
-2.425450854701693970e-04
-3.543693836803640806e-03
3.561280370831809705e-04
4.668185788264622715e-02
-6.201047468934461904e-03
2.918916212534128363e-02
-8.470989077997614913e-02
7.711516864055312226e-02
3.378537403925463423e-03
1.242923760800493937e-01
-6.819265147584019360e-05
-1.146480031269447863e-02
7.055093966030767660e-04
-6.181333157563528857e-02
-2.557844468648085012e-02
9.757519144043413917e-02
2.956737994084335241e-02
-1.434185746248317628e-03
-2.513626158614243877e-01
2.263537713920271699e-02
3.567630609424554677e-04
4.331965719686081684e-03
3.355064963912468556e-04
3.345049195387161944e-02
2.126645196085519274e-03
