4.497546049954337377e-03
1.419404150567515899e-03
-1.887574478815956525e-02
-1.060794854322111291e-02
-4.821872932623705310e-03
6.623803805030803460e-03
4.032847552533525004e-03
-2.408731176659983930e-02
-6.981673796094156614e-03
-1.135193868969253117e-02
3.712951664573083121e-03
-1.840538625707210940e-03
-5.603172981833992594e-03
-2.508268996338713919e-03
-3.220130487250116857e-03
-8.246390577948403688e-04
-6.626301219641916873e-03
-5.475706322256357339e-03
-1.728847973613056865e-03
-8.712312026553092892e-04
-2.657141653834571571e-04
4.993274972736827522e-03
3.001594803286877777e-05
-3.953611596735129297e-03
-2.237601713247272528e-02
1.729029403474413584e-04
4.492463339206054229e-03
1.084817326469789123e-02
1.824035578822602588e-03
7.187365507981269275e-03
5.943658760289238785e-03
4.146421041755843362e-02
-5.325490299561863594e-03
1.313624328349405346e-02
9.925764355749322476e-04
1.070849836125375987e-03
-8.022833350374014572e-05
-6.552641208283915830e-04
1.269371198547553092e-02
-3.863532777064193624e-04
1.790938903495131740e-03
1.241478927596517678e-03
-1.089763723539860507e-03
-2.516077833934815544e-03
1.119831057708342570e-02
1.136759128169906319e-02
1.195118987913801334e-03
-1.483510289259726278e-02
-1.072093552980390996e-02
4.866389603556342536e-03
