-1.338590413436691051e-02
4.516340305454491499e-02
3.062568526814857250e-03
2.581287744050086985e-04
2.047725440755669979e-01
4.250260752144185972e-02
-3.086384709021672279e-02
1.195046827767498598e-02
-2.304905828214032226e-02
4.818088428720557204e-02
-6.983004523213764969e-02
-6.292987080389877974e-02
5.116146406724908502e-02
4.120846945355083335e-02
6.858571168351090819e-04
-1.600208249774937030e-02
-1.702431228167711197e-03
4.312314509110137806e-02
8.077222685869855923e-03
1.226065257557706900e-02
-3.117886036218919799e-02
-4.403563978740976381e-04
-2.567893461905157437e-02
2.060673302299278475e-01
-1.773192177458327023e-02
-1.280749299766625882e-02
-4.782362477774881881e-02
-2.725937301704561833e-03
-1.697632033625495751e-03
1.896527424158023223e-02
-6.494110098898886463e-03
1.176154137169760361e-03
2.522924653369784664e-02
8.818119054438966486e-04
9.670155567818028430e-04
4.371112775430674446e-03
8.938009929693180311e-04
9.118984632920046352e-03
9.295009265161979783e-02
-9.911765470320688109e-04
2.354706373409953812e-03
1.094042559088848066e-03
-2.856418477080069351e-03
-5.784441063170220332e-03
-4.289834879216414265e-04
-8.331298084414129335e-03
1.284152403243865592e-03
1.960711968048656217e-02
-2.096554612606382761e-03
-2.943998645235978984e-03
