-2.854716439078686108e-02
2.447145552437746119e-03
-8.550499783339660098e-03
-9.859202422461521564e-03
-3.294054138085300565e-02
2.685379880796290308e-02
-1.108116401280199170e-01
-2.371608426150828564e-02
9.047269185060713426e-04
-7.463824013571240812e-02
2.714890599264663251e-04
-1.207745681474960975e-01
-1.137929563627437801e-02
2.288563253458164581e-03
-2.120157795633730302e-01
1.166434170384889057e-02
-9.523493267838034626e-02
-2.771478784183045718e-03
6.520169610837456275e-04
-1.634291537180843079e-02
2.765175173095713035e-02
2.394466784906512657e-03
-7.181756365284286403e-03
6.712375885580001977e-02
2.152057029007892197e-04
-2.714873268523376737e-02
2.344090845511459520e-02
2.326238485466092243e-04
-4.743973819888935850e-02
7.839544251538654862e-03
-3.180446324989816276e-03
1.043316669159821686e-02
-2.896824827817567893e-02
-1.603572623604065939e-02
-9.094548841758864910e-03
2.394688546186785061e-02
4.082508193590683732e-03
1.170526530042081959e-02
3.168697416199961481e-03
-3.344693653502872621e-03
2.631842077079227238e-03
5.876055151929904241e-03
-4.307387627761727344e-03
2.071184985636165266e-01
2.929617711218668319e-02
3.611677778110333747e-03
-9.471276401001205159e-03
5.823198412429064774e-04
3.592770716650761642e-03
9.441757392778526992e-04
