-5.007610068071244314e-02
-6.152916456812818069e-03
1.551206204801474087e-01
-3.257932324659122969e-01
-5.993890491959064093e-02
-7.113965165933677781e-02
2.769074282659858000e-01
-2.518768181266750616e-02
-5.370079573401653761e-02
-6.455123829719013884e-01
1.089834251924912678e-01
-4.765771292795761838e-03
-9.468266222154397838e-02
3.130802859683399220e-01
3.467210393750974617e-03
-3.955445575388694124e-02
-1.928813524727956974e-02
4.882447542546515251e-01
-4.363501969123717572e-03
3.621264017283465364e-02
-1.081803885085719230e-02
-1.029965878008169966e-01
-3.063746714724402409e-02
5.055405312577931909e-02
-2.959444808989246667e-01
-9.319966102987109480e-02
-2.018484630320926954e-02
-8.488175552429311210e-02
1.878150844252104434e-01
-7.494192517810915888e-02
-3.714131694152911223e-02
1.664933664528689405e-03
3.650591766961497342e-02
1.133502175709963922e-01
-1.300439223844023218e-01
-6.819256900143955136e-03
-3.465161121121127508e-01
-1.141215070751968597e-01
-1.779238266515221767e-01
2.047453489906274626e-01
2.910673023961862782e-03
2.370918995984538924e-02
2.639228168163754162e-03
-6.750482000370539026e-03
1.616708020810619928e-02
1.405858205414460826e-01
-7.536314039043645607e-03
-9.141362508671591058e-03
-3.198996907076434582e-02
-4.027895290050764743e-02
