-3.007890464459705981e-03
-2.389691847724861873e-02
4.129348298260993033e-02
-9.625397871332097566e-03
-1.454062787352086161e-01
1.099647032060602214e-02
-8.760369169067416806e-04
2.280467620289527986e-01
-6.543976829516395810e-02
2.644096829576483287e-01
-1.294633605766648543e-01
4.411207508360348584e-02
5.724925194272145745e-03
-1.351096883749960398e-01
-1.596991087924379826e-01
1.345876717077771900e-01
5.553819456088149309e-01
3.531985355880351563e-02
3.165073961577036243e-02
1.102543863842129213e-01
3.553600326836203749e-02
7.546229946387938980e-02
2.351043701828530175e-01
-1.265885659895502613e-01
1.465183416853506060e-01
1.101283216066804016e-01
-1.151965222334183636e-02
-1.242645534648545436e-02
-4.656236716436978895e-02
2.433867682384516229e-02
3.804933652554609580e-01
-2.393825012095476268e-01
1.199432674761737871e-01
-3.213328011270277784e-02
2.795412152863718802e-03
-6.283460170516264043e-02
-7.967699924620319507e-02
4.622015910626942059e-03
-3.666580027679628984e-01
8.576395582076656865e-02
2.727554734310615459e-01
8.915278599351950106e-02
5.594970416495925747e-04
1.263501490320777521e-01
2.450813980731254560e-01
-9.581591986352577806e-02
2.461973274468618911e+00
4.391062789854913717e-01
-1.495894442123244517e-01
3.378853292670100927e+00
