8.998102361395865501e-03
-2.513101347828694543e-02
7.291509601229240189e-02
-6.769977828984252710e-03
1.230905172499916489e-01
5.555076548475312848e-03
-6.080196993718089971e-03
-1.193088636091133026e-02
2.728580372194144843e-03
1.872769055562883977e-02
4.386923999290459619e-02
8.866981717090993698e-03
2.301870706396336175e-02
2.705779879496361673e-02
-4.750176774818370973e-03
-2.111563348151435093e-02
-2.666485407443630606e-03
8.956142643512521317e-04
-1.474140275502300312e-02
-3.109778697147902449e-03
-4.034670204580770303e-02
1.605945222871074662e-01
-1.209562300468949303e-01
-1.266743069003872790e-02
4.076801171281729808e-03
-7.107553879492911619e-03
4.600358714883512334e-03
1.337457945801645565e-02
-2.520674022909474843e-02
3.166689845357595345e-02
1.342082794804966284e-02
-9.843618301863088504e-03
3.300565237021046983e-04
1.877095075542811742e-02
5.187896967011162985e-02
2.172905233823207993e-02
-7.576716766582336504e-03
4.146875821248841021e-03
2.010182258903476793e-01
1.465410097160422254e-01
-1.172242300371646451e-01
-7.753637629410903287e-02
-3.105397612227278614e-03
1.123260442030549200e-02
4.338796245239606719e-02
1.217050871357727715e-02
-9.021063014626840015e-02
-1.407894943656238240e-01
7.238635248576485992e-03
-1.264600930125858724e-02
