3.832585021118006807e-02
-3.658622422295820797e-02
2.523366334535523947e-01
-1.355194553350997921e-01
2.095909006808938102e-02
5.106942404637493382e-03
-1.545972767530656711e-03
-1.179584921590048907e-02
-2.464560440074592407e-02
8.411466696213665273e-02
-5.312548498039859624e-03
8.383101978068907556e-03
-2.103434057843287519e-01
7.101422812496593906e-03
-9.159321469562087259e-02
-1.122681084362397996e-02
-1.907905071738014158e-02
1.254913561806176858e-01
2.287389322020771942e-02
-2.673099123626343498e-03
1.069884844440593952e-03
1.672216421658845320e-02
-4.332682083767736003e-02
-6.361270318572564975e-02
3.376147276782148765e-02
-1.085765946430683471e-02
-6.954838344938707451e-03
-7.967173609307565130e-02
4.165569626002252335e-02
-8.479422234927369573e-03
5.112430116241739597e-02
8.755232003878177238e-02
1.842889898767907653e-03
-2.004142508516792986e-02
-2.062607009634120914e-04
1.465107804649505852e-01
4.530302842769629024e-02
3.274560809677495854e-02
2.630094293539286809e-02
1.416656626664973828e-01
-2.682983854111853361e-02
1.834793274525736706e-03
-4.172184603305595374e-02
9.662550013152326756e-02
6.356602224371954435e-03
1.143923807120472702e-02
-1.005831613906593702e-02
4.457238814097763679e-03
-3.285350724476643336e-02
5.057510213561045020e-03
