1.143163526330681634e-02
9.497463059834387877e-02
7.711462446457062470e-02
-1.971792058171217832e-03
1.700851959284932491e-03
1.946019585346903114e-03
8.201450052068537389e-02
-5.208291987058544237e-02
-6.060547603055965737e-03
-2.409490884143394851e-02
1.019866274873493239e-03
3.855046840428144606e-03
1.370444361676419476e-01
-5.189666176619311955e-03
7.554695140640887985e-03
-5.041784798720527760e-05
-6.943429168615011804e-03
-1.226029945253515052e-02
-4.983554169372439446e-02
9.101580414011323228e-03
1.001026339727673076e-02
9.602875215435346945e-03
2.906171053936645876e-03
-2.623238579786857372e-03
-5.733103049993815148e-02
5.475702919568448124e-04
4.375632215726454888e-03
6.594003558291205991e-05
1.476067467370967279e-02
-1.230370184913454068e-03
1.087667096230404695e-02
1.587237645759387306e-02
4.105416555745478036e-03
4.362151069092590205e-02
-3.286414423655514838e-03
1.342666693176397530e-03
4.523175305001814195e-02
-4.279255785888835817e-03
1.022492668836463281e-01
2.972217866394544217e-02
5.789331089488314319e-03
7.438347936130185190e-02
-4.695670777972793530e-02
1.048534730752237465e-02
3.505472896605965616e-02
-4.970332024214485500e-04
9.554150965925600758e-03
3.005254407240443015e-02
-5.276284669406550165e-04
2.468438185213983616e-02
