-3.893760616023200782e-03
-4.791170628905661033e-02
1.293339481495081600e-02
-3.347419897072256845e-02
-1.975821474925965049e-02
7.279265100835630165e-02
1.919572369757815977e-03
6.726599049969195221e-03
3.421384089658374705e-02
-2.577028558988558871e-03
1.769711490808845156e-03
1.946384127691658250e-03
1.445324869244757338e-02
-2.424554029551018175e-02
1.841749563453731753e-03
-8.350580017325626159e-02
-4.376824684101165985e-03
-2.071133605581110260e-02
2.046129071271707289e-02
-9.332804055878796134e-02
1.202484906818455102e-01
2.476562859399678018e-03
3.513993250103908395e-02
4.641097204640232121e-03
1.211298299925545052e-02
-3.778553519993010923e-04
1.386028591966237400e-03
-1.069992641040329318e-01
1.488690121647096021e-03
1.581243650434771553e-04
3.215541651184139482e-02
-1.086940521599899512e-02
-1.668095287030268992e-02
-7.373353071145061222e-03
3.440555109591514338e-02
8.315894809322799119e-02
5.989371635791940207e-03
-3.060304214324105487e-02
1.086097419610183579e-01
2.878775603163319374e-02
3.748665429409925309e-02
4.117831125282123139e-02
-4.593524571987472882e-04
2.736162899452665442e-03
-3.939748869234449558e-02
-1.774736656592779127e-02
3.409083677979651839e-03
-1.455894574421279231e-02
1.138702442872840948e-03
2.580503217075147404e-03
