-2.889658607735157148e-03
3.019065246630869837e-01
-4.597056872526295024e-02
-1.065760779719759910e-02
-2.210791953741519933e-03
-1.567852140548708917e-02
2.944080911563062841e-02
1.826066135319237560e-02
9.496418891183289190e-02
5.687834188172757877e-05
4.622497763090649414e-02
-2.901466781256623051e-02
-1.964372573275063871e-01
-3.519973273853338469e-03
-3.374873736010641778e-04
-1.391160911050448590e-02
1.161703008610892596e-02
1.014221664334513662e-03
4.585280888927201204e-02
6.597721655919031036e-02
1.548445852437296821e-03
-9.457754162060183489e-03
6.879587558472621822e-05
6.509118232749244726e-04
-1.042664682771032858e-02
6.457240682504306051e-03
5.620518889276837626e-03
-2.448729344592948109e-03
-2.110786651440932360e-03
7.139847300880575176e-03
-1.512276707764570460e-02
1.089792389853627697e-03
-2.732551244513103939e-03
1.568031244226375520e-02
-2.144578948534103802e-02
-8.634829978809932527e-02
-1.172955379225015804e-03
-7.448411180471126158e-03
-1.104783090560879089e-02
8.314683476670126083e-02
1.374944691543387165e-01
2.325724941134588164e-02
1.504960756566475766e-03
-3.002587777094589683e-02
2.263675359235950424e-01
-6.356082688153463778e-03
-1.600498509036256678e-01
-2.349784212767858094e-02
-6.041824139817464356e-04
6.231803423210102721e-02
