0.000000000000000000e+00
4.831530687960139403e-02
1.157381034009219434e-02
-2.427527828845299496e-01
-1.945244123679401582e-02
-1.448320882458897785e-01
-2.331761044662528093e-02
-3.660434963648082629e-01
1.921494184094818536e-02
6.590525302708627464e-02
1.300085240196260372e-01
-3.544139783098643193e-03
3.663953749473591870e-03
2.175186024279796015e-03
-1.012645577338666669e-01
-1.490308685415975276e-02
-2.259436243562440438e-02
6.809557667914845069e-02
7.852646157554765693e-02
5.829539699893082627e-02
3.166478989717269599e-02
1.228311340801813145e-01
-5.978994627778178028e-03
-1.886502374250920155e-01
7.777954468402725752e-02
-3.224587453779292900e-03
-2.469685427612944295e-03
7.617258940291904423e-02
-3.787583714117914724e-03
-4.066188113497837264e-02
-1.807869060156797048e-02
-1.550369491294567581e-02
-1.867704652098822748e-02
-9.456744345399670237e-04
-1.008728143472357175e-01
1.094183810002480328e-01
-1.547458916999921996e-02
1.954940737265680184e-01
-5.586765773133350876e-02
-8.858401651307801217e-03
-2.121786903011013692e-04
-8.454414905886054044e-03
-2.783135056260732654e-02
5.802532074350708058e-02
-1.434871864358413518e-01
-2.754123000221042616e-02
-3.499687088216418829e-02
-7.793165582008043657e-03
-4.925235506453518042e-03
1.374148216696404745e-01
