-6.642863469295434697e-03
7.556483447402229103e-03
1.750852706791761193e-03
-2.684865757906607087e-02
-1.097416642460302683e-01
-3.463112060651951651e-02
1.215981016733280740e-02
1.000871072734810241e-02
-1.086289920369694073e-01
3.921738587584400193e-02
-2.989480023003920905e-03
4.657569601263844561e-03
-6.663391084828163002e-03
-1.117992842616502003e-01
4.736267971296115320e-03
-4.694666010934156475e-03
-9.315954217939292903e-03
9.600811189400815238e-03
-5.105862386173498635e-03
7.068570424735298730e-04
3.060014227239093998e-02
-2.564150468127479598e-02
4.639901595434992032e-02
-4.796547443048382320e-02
5.415170832634430553e-03
-9.854212877371537616e-04
-5.090374765487126751e-02
-9.928230197431275883e-04
-9.411706904110417327e-02
7.362804988645166304e-03
2.187498664085296696e-02
-1.219147473389341485e-01
5.380237825818312558e-03
-2.329909781057892815e-02
-3.652031956761447873e-03
-2.459430818296937105e-02
-7.238195368312005940e-02
4.722910716452588531e-04
-7.953341453799112060e-04
1.840283184718316534e-02
2.488028437601030873e-02
3.708777598674828369e-03
-4.388370948618103284e-03
-8.019958401774829326e-04
-2.072500535888366358e-02
5.953637632089225917e-03
9.117239528265486115e-03
1.066888525939191368e-02
-2.003867645271384390e-03
2.295941606331552975e-02
