0.000000000000000000e+00 inf
2.500000000000000000e-01 5.000000000000000000e-01
5.000000000000000000e-01 5.000000000000000000e-01
7.500000000000000000e-01 5.000000000000000000e-01
1.000000000000000000e+00 5.000000000000000000e-01
1.250000000000000000e+00 5.000000000000000000e-01
1.500000000000000000e+00 5.000000000000000000e-01
1.750000000000000000e+00 5.000000000000000000e-01
2.000000000000000000e+00 5.000000000000000000e-01
2.250000000000000000e+00 5.000000000000000000e-01
2.500000000000000000e+00 5.000000000000000000e-01
2.750000000000000000e+00 5.000000000000000000e-01
3.000000000000000000e+00 5.000000000000000000e-01
3.250000000000000000e+00 5.000000000000000000e-01
3.500000000000000000e+00 5.000000000000000000e-01
3.750000000000000000e+00 5.000000000000000000e-01
4.000000000000000000e+00 5.000000000000000000e-01
4.250000000000000000e+00 5.000000000000000000e-01
4.500000000000000000e+00 5.000000000000000000e-01
4.750000000000000000e+00 5.000000000000000000e-01
5.000000000000000000e+00 5.000000000000000000e-01
5.250000000000000000e+00 5.000000000000000000e-01
5.500000000000000000e+00 5.000000000000000000e-01
5.750000000000000000e+00 5.000000000000000000e-01
6.000000000000000000e+00 5.000000000000000000e-01
6.250000000000000000e+00 5.000000000000000000e-01
6.500000000000000000e+00 5.000000000000000000e-01
6.750000000000000000e+00 5.000000000000000000e-01
7.000000000000000000e+00 5.000000000000000000e-01
7.250000000000000000e+00 5.000000000000000000e-01
7.500000000000000000e+00 5.000000000000000000e-01
7.750000000000000000e+00 5.000000000000000000e-01
8.000000000000000000e+00 5.000000000000000000e-01
8.250000000000000000e+00 5.000000000000000000e-01
8.500000000000000000e+00 5.000000000000000000e-01
8.750000000000000000e+00 5.000000000000000000e-01
9.000000000000000000e+00 5.000000000000000000e-01
9.250000000000000000e+00 5.000000000000000000e-01
9.500000000000000000e+00 5.000000000000000000e-01
9.750000000000000000e+00 5.000000000000000000e-01
1.000000000000000000e+01 5.000000000000000000e-01
1.025000000000000000e+01 5.000000000000000000e-01
1.050000000000000000e+01 5.000000000000000000e-01
1.075000000000000000e+01 5.000000000000000000e-01
1.100000000000000000e+01 5.000000000000000000e-01
1.125000000000000000e+01 5.000000000000000000e-01
1.150000000000000000e+01 5.000000000000000000e-01
1.175000000000000000e+01 5.000000000000000000e-01
1.200000000000000000e+01 5.000000000000000000e-01
1.225000000000000000e+01 5.000000000000000000e-01
1.250000000000000000e+01 5.000000000000000000e-01
1.275000000000000000e+01 5.000000000000000000e-01
1.300000000000000000e+01 5.000000000000000000e-01
1.325000000000000000e+01 5.000000000000000000e-01
1.350000000000000000e+01 5.000000000000000000e-01
1.375000000000000000e+01 5.000000000000000000e-01
1.400000000000000000e+01 5.000000000000000000e-01
1.425000000000000000e+01 5.000000000000000000e-01
1.450000000000000000e+01 5.000000000000000000e-01
1.475000000000000000e+01 5.000000000000000000e-01
1.500000000000000000e+01 5.000000000000000000e-01
1.525000000000000000e+01 5.000000000000000000e-01
1.550000000000000000e+01 5.000000000000000000e-01
1.575000000000000000e+01 5.000000000000000000e-01
1.600000000000000000e+01 3.271540000000000146e-43
1.625000000000000000e+01 3.631639999999999948e-43
1.650000000000000000e+01 4.030580000000000358e-43
1.675000000000000000e+01 4.457489999999999898e-43
1.700000000000000000e+01 4.917559999999999863e-43
1.725000000000000000e+01 5.410480000000000233e-43
1.750000000000000000e+01 5.887739999999999872e-43
1.775000000000000000e+01 6.352399999999999859e-43
1.800000000000000000e+01 6.765010000000000122e-43
1.825000000000000000e+01 7.137699999999999795e-43
1.850000000000000000e+01 7.434689999999999744e-43
1.875000000000000000e+01 7.611110000000000027e-43
1.900000000000000000e+01 7.673359999999999888e-43
1.925000000000000000e+01 7.606630000000000398e-43
1.950000000000000000e+01 7.371470000000000693e-43
1.975000000000000000e+01 6.980359999999999851e-43
2.000000000000000000e+01 6.426020000000000267e-43
2.025000000000000000e+01 5.762509999999999718e-43
2.050000000000000000e+01 5.040690000000000341e-43
2.075000000000000000e+01 4.317389999999999735e-43
2.100000000000000000e+01 3.633089999999999838e-43
2.125000000000000000e+01 3.005639999999999893e-43
2.150000000000000000e+01 2.455300000000000035e-43
2.175000000000000000e+01 1.980329999999999918e-43
2.200000000000000000e+01 1.583110000000000090e-43
2.225000000000000000e+01 1.256290000000000091e-43
2.250000000000000000e+01 9.964420000000000074e-44
2.275000000000000000e+01 7.877109999999999695e-44
2.300000000000000000e+01 6.206650000000000253e-44
2.325000000000000000e+01 4.887339999999999544e-44
2.350000000000000000e+01 3.861370000000000199e-44
2.375000000000000000e+01 3.058509999999999784e-44
2.400000000000000000e+01 2.438340000000000032e-44
2.425000000000000000e+01 1.960110000000000106e-44
2.450000000000000000e+01 1.586749999999999988e-44
2.475000000000000000e+01 1.291819999999999989e-44
2.500000000000000000e+01 1.060100000000000006e-44
2.525000000000000000e+01 8.771880000000000238e-45
2.550000000000000000e+01 7.317670000000000392e-45
2.575000000000000000e+01 6.151270000000000552e-45
2.600000000000000000e+01 5.203119999999999700e-45
2.625000000000000000e+01 4.431969999999999918e-45
2.650000000000000000e+01 3.801640000000000130e-45
2.675000000000000000e+01 3.282899999999999891e-45
2.700000000000000000e+01 2.855250000000000010e-45
2.725000000000000000e+01 2.499240000000000089e-45
2.750000000000000000e+01 2.197989999999999978e-45
2.775000000000000000e+01 1.943829999999999958e-45
2.800000000000000000e+01 1.728549999999999912e-45
2.825000000000000000e+01 1.545139999999999854e-45
2.850000000000000000e+01 1.388199999999999969e-45
2.875000000000000000e+01 1.254160000000000004e-45
2.900000000000000000e+01 1.137179999999999962e-45
2.925000000000000000e+01 1.036159999999999929e-45
2.950000000000000000e+01 9.479239999999999390e-46
2.975000000000000000e+01 8.699779999999999428e-46
3.000000000000000000e+01 8.010550000000000279e-46
3.025000000000000000e+01 7.416580000000000250e-46
3.050000000000000000e+01 6.888260000000000090e-46
3.075000000000000000e+01 6.427870000000000266e-46
3.100000000000000000e+01 6.023830000000000223e-46
3.125000000000000000e+01 5.663759999999999992e-46
3.150000000000000000e+01 5.347250000000000311e-46
3.175000000000000000e+01 5.063050000000000333e-46
3.200000000000000000e+01 4.812339999999999681e-46
3.225000000000000000e+01 4.588469999999999776e-46
3.250000000000000000e+01 4.387109999999999952e-46
3.275000000000000000e+01 4.204459999999999686e-46
3.300000000000000000e+01 4.041899999999999817e-46
3.325000000000000000e+01 3.896710000000000002e-46
3.350000000000000000e+01 3.764939999999999783e-46
3.375000000000000000e+01 3.644180000000000198e-46
3.400000000000000000e+01 3.537629999999999677e-46
3.425000000000000000e+01 3.439279999999999953e-46
3.450000000000000000e+01 3.348450000000000163e-46
3.475000000000000000e+01 3.264249999999999840e-46
3.500000000000000000e+01 3.189140000000000002e-46
3.525000000000000000e+01 3.119550000000000007e-46
3.550000000000000000e+01 3.054600000000000112e-46
3.575000000000000000e+01 2.995040000000000009e-46
3.600000000000000000e+01 2.938109999999999973e-46
3.625000000000000000e+01 2.882159999999999899e-46
3.650000000000000000e+01 2.828510000000000181e-46
3.675000000000000000e+01 2.777269999999999815e-46
3.700000000000000000e+01 2.728000000000000095e-46
3.725000000000000000e+01 2.681379999999999941e-46
3.750000000000000000e+01 2.635760000000000026e-46
3.775000000000000000e+01 2.591579999999999833e-46
3.800000000000000000e+01 2.548799999999999976e-46
3.825000000000000000e+01 2.507070000000000078e-46
3.850000000000000000e+01 2.466810000000000123e-46
3.875000000000000000e+01 2.426929999999999988e-46
3.900000000000000000e+01 2.389030000000000054e-46
3.925000000000000000e+01 2.351989999999999976e-46
3.950000000000000000e+01 2.316230000000000127e-46
3.975000000000000000e+01 2.280780000000000099e-46
4.000000000000000000e+01 2.246539999999999914e-46
4.025000000000000000e+01 2.212819999999999931e-46
4.050000000000000000e+01 2.178950000000000009e-46
4.075000000000000000e+01 2.145720000000000007e-46
4.100000000000000000e+01 2.114200000000000161e-46
4.125000000000000000e+01 2.082279999999999831e-46
4.150000000000000000e+01 2.051549999999999845e-46
4.175000000000000000e+01 2.020920000000000076e-46
4.200000000000000000e+01 1.991419999999999820e-46
4.225000000000000000e+01 1.962269999999999939e-46
4.250000000000000000e+01 1.933899999999999973e-46
4.275000000000000000e+01 1.906369999999999974e-46
4.300000000000000000e+01 1.878769999999999978e-46
4.325000000000000000e+01 1.851990000000000062e-46
4.350000000000000000e+01 1.825869999999999954e-46
4.375000000000000000e+01 1.799959999999999837e-46
4.400000000000000000e+01 1.774390000000000152e-46
4.425000000000000000e+01 1.750089999999999974e-46
4.450000000000000000e+01 1.725769999999999908e-46
4.475000000000000000e+01 1.702460000000000025e-46
4.500000000000000000e+01 1.679310000000000025e-46
4.525000000000000000e+01 1.656689999999999977e-46
4.550000000000000000e+01 1.634300000000000003e-46
4.575000000000000000e+01 1.612430000000000037e-46
4.600000000000000000e+01 1.590719999999999954e-46
4.625000000000000000e+01 1.570139999999999967e-46
4.650000000000000000e+01 1.549489999999999982e-46
4.675000000000000000e+01 1.529339999999999922e-46
4.700000000000000000e+01 1.509729999999999953e-46
4.725000000000000000e+01 1.490380000000000084e-46
4.750000000000000000e+01 1.471179999999999960e-46
4.775000000000000000e+01 1.452770000000000084e-46
4.800000000000000000e+01 1.434450000000000093e-46
4.825000000000000000e+01 1.416749999999999939e-46
4.850000000000000000e+01 1.398949999999999956e-46
4.875000000000000000e+01 1.381840000000000002e-46
4.900000000000000000e+01 1.365029999999999925e-46
4.925000000000000000e+01 1.348700000000000080e-46
4.950000000000000000e+01 1.332139999999999965e-46
4.975000000000000000e+01 1.316200000000000077e-46
5.000000000000000000e+01 1.300609999999999981e-46
5.025000000000000000e+01 1.284909999999999918e-46
5.050000000000000000e+01 1.269679999999999947e-46
5.075000000000000000e+01 1.254689999999999995e-46
5.100000000000000000e+01 1.240020000000000002e-46
5.125000000000000000e+01 1.225660000000000026e-46
5.150000000000000000e+01 1.211489999999999959e-46
5.175000000000000000e+01 1.197640000000000046e-46
5.200000000000000000e+01 1.184080000000000067e-46
5.225000000000000000e+01 1.170649999999999943e-46
5.250000000000000000e+01 1.157399999999999980e-46
5.275000000000000000e+01 1.144579999999999944e-46
5.300000000000000000e+01 1.131819999999999962e-46
5.325000000000000000e+01 1.119549999999999961e-46
5.350000000000000000e+01 1.107319999999999930e-46
5.375000000000000000e+01 1.095189999999999924e-46
5.400000000000000000e+01 1.083159999999999941e-46
5.425000000000000000e+01 1.071420000000000086e-46
5.450000000000000000e+01 1.059860000000000003e-46
5.475000000000000000e+01 1.048569999999999964e-46
5.500000000000000000e+01 1.037519999999999944e-46
5.525000000000000000e+01 1.026819999999999910e-46
5.550000000000000000e+01 1.016090000000000044e-46
5.575000000000000000e+01 1.005450000000000064e-46
5.600000000000000000e+01 9.951980000000000907e-47
5.625000000000000000e+01 9.849709999999999778e-47
5.650000000000000000e+01 9.747289999999999488e-47
5.675000000000000000e+01 9.649859999999999673e-47
5.700000000000000000e+01 9.551140000000000074e-47
5.725000000000000000e+01 9.455799999999999457e-47
5.750000000000000000e+01 9.363029999999999630e-47
5.775000000000000000e+01 9.271800000000000133e-47
5.800000000000000000e+01 9.179090000000000748e-47
5.825000000000000000e+01 9.090710000000000863e-47
5.850000000000000000e+01 9.002279999999999314e-47
5.875000000000000000e+01 8.915729999999999303e-47
5.900000000000000000e+01 8.829159999999999794e-47
5.925000000000000000e+01 8.744100000000000393e-47
5.950000000000000000e+01 8.661160000000000411e-47
5.975000000000000000e+01 8.579719999999999815e-47
6.000000000000000000e+01 8.497369999999999644e-47
6.025000000000000000e+01 8.417259999999999775e-47
6.050000000000000000e+01 8.339660000000000254e-47
6.075000000000000000e+01 8.262970000000000310e-47
6.100000000000000000e+01 8.186379999999999806e-47
6.125000000000000000e+01 8.111909999999999693e-47
6.150000000000000000e+01 8.037370000000000360e-47
6.175000000000000000e+01 7.964150000000000060e-47
6.200000000000000000e+01 7.891930000000000000e-47
6.225000000000000000e+01 7.820940000000000253e-47
6.250000000000000000e+01 7.751900000000000293e-47
6.275000000000000000e+01 7.683960000000000012e-47
6.300000000000000000e+01 7.616460000000000382e-47
6.325000000000000000e+01 7.550150000000000122e-47
6.350000000000000000e+01 7.485289999999999529e-47
6.375000000000000000e+01 7.422499999999999606e-47
6.400000000000000000e+01 7.358699999999999695e-47
6.425000000000000000e+01 7.296289999999999980e-47
6.450000000000000000e+01 7.235369999999999902e-47
6.475000000000000000e+01 7.174350000000000384e-47
6.500000000000000000e+01 7.114429999999999573e-47
6.525000000000000000e+01 7.055589999999999916e-47
6.550000000000000000e+01 6.997159999999999714e-47
6.575000000000000000e+01 6.939389999999999516e-47
6.600000000000000000e+01 6.882889999999999602e-47
6.625000000000000000e+01 6.826910000000000279e-47
6.650000000000000000e+01 6.771550000000000015e-47
6.675000000000000000e+01 6.717990000000000377e-47
6.700000000000000000e+01 6.665329999999999593e-47
6.725000000000000000e+01 6.612970000000000048e-47
6.750000000000000000e+01 6.561219999999999813e-47
6.775000000000000000e+01 6.509919999999999977e-47
6.800000000000000000e+01 6.458430000000000037e-47
6.825000000000000000e+01 6.409019999999999545e-47
6.850000000000000000e+01 6.360659999999999985e-47
6.875000000000000000e+01 6.311690000000000143e-47
6.900000000000000000e+01 6.263930000000000144e-47
6.925000000000000000e+01 6.217189999999999883e-47
6.950000000000000000e+01 6.170900000000000021e-47
6.975000000000000000e+01 6.125059999999999586e-47
7.000000000000000000e+01 6.079629999999999581e-47
7.025000000000000000e+01 6.035580000000000022e-47
7.050000000000000000e+01 5.992289999999999906e-47
7.075000000000000000e+01 5.948250000000000097e-47
7.100000000000000000e+01 5.906000000000000191e-47
7.125000000000000000e+01 5.864290000000000376e-47
7.150000000000000000e+01 5.822790000000000164e-47
7.175000000000000000e+01 5.781959999999999704e-47
7.200000000000000000e+01 5.741489999999999952e-47
7.225000000000000000e+01 5.702180000000000322e-47
7.250000000000000000e+01 5.661760000000000291e-47
7.275000000000000000e+01 5.623219999999999854e-47
7.300000000000000000e+01 5.585260000000000450e-47
7.325000000000000000e+01 5.547939999999999605e-47
7.350000000000000000e+01 5.511140000000000324e-47
7.375000000000000000e+01 5.474720000000000278e-47
7.400000000000000000e+01 5.439319999999999970e-47
7.425000000000000000e+01 5.403989999999999854e-47
7.450000000000000000e+01 5.369629999999999757e-47
7.475000000000000000e+01 5.334759999999999790e-47
7.500000000000000000e+01 5.300249999999999559e-47
7.525000000000000000e+01 5.266280000000000392e-47
7.550000000000000000e+01 5.232799999999999649e-47
7.575000000000000000e+01 5.199890000000000190e-47
7.600000000000000000e+01 5.167399999999999938e-47
7.625000000000000000e+01 5.135360000000000085e-47
7.650000000000000000e+01 5.104830000000000340e-47
7.675000000000000000e+01 5.074160000000000212e-47
7.700000000000000000e+01 5.043469999999999613e-47
7.725000000000000000e+01 5.012810000000000207e-47
7.750000000000000000e+01 4.983100000000000347e-47
7.775000000000000000e+01 4.953480000000000179e-47
7.800000000000000000e+01 4.924679999999999896e-47
7.825000000000000000e+01 4.895980000000000025e-47
7.850000000000000000e+01 4.868320000000000365e-47
7.875000000000000000e+01 4.840499999999999850e-47
7.900000000000000000e+01 4.812210000000000408e-47
7.925000000000000000e+01 4.784920000000000234e-47
7.950000000000000000e+01 4.758560000000000107e-47
7.975000000000000000e+01 4.732489999999999524e-47
8.000000000000000000e+01 4.706849999999999842e-47
8.025000000000000000e+01 4.681619999999999616e-47
8.050000000000000000e+01 4.655860000000000022e-47
8.075000000000000000e+01 4.630340000000000252e-47
8.100000000000000000e+01 4.605770000000000029e-47
8.125000000000000000e+01 4.580990000000000202e-47
8.150000000000000000e+01 4.556750000000000466e-47
8.175000000000000000e+01 4.533009999999999878e-47
8.200000000000000000e+01 4.509829999999999851e-47
8.225000000000000000e+01 4.486659999999999574e-47
8.250000000000000000e+01 4.464099999999999579e-47
8.275000000000000000e+01 4.440660000000000229e-47
8.300000000000000000e+01 4.418140000000000205e-47
8.325000000000000000e+01 4.395989999999999666e-47
8.350000000000000000e+01 4.374230000000000057e-47
8.375000000000000000e+01 4.352440000000000227e-47
8.400000000000000000e+01 4.331349999999999884e-47
8.425000000000000000e+01 4.310889999999999809e-47
8.450000000000000000e+01 4.290539999999999895e-47
8.475000000000000000e+01 4.269729999999999833e-47
8.500000000000000000e+01 4.249539999999999803e-47
8.525000000000000000e+01 4.230330000000000027e-47
8.550000000000000000e+01 4.210469999999999997e-47
8.575000000000000000e+01 4.191619999999999957e-47
8.600000000000000000e+01 4.173099999999999918e-47
8.625000000000000000e+01 4.154220000000000143e-47
8.650000000000000000e+01 4.135470000000000030e-47
8.675000000000000000e+01 4.117049999999999917e-47
8.700000000000000000e+01 4.098620000000000056e-47
8.725000000000000000e+01 4.080560000000000166e-47
8.750000000000000000e+01 4.062809999999999805e-47
8.775000000000000000e+01 4.045290000000000006e-47
8.800000000000000000e+01 4.027649999999999808e-47
8.825000000000000000e+01 4.010360000000000083e-47
8.850000000000000000e+01 3.993390000000000124e-47
8.875000000000000000e+01 3.976710000000000195e-47
8.900000000000000000e+01 3.960359999999999781e-47
8.925000000000000000e+01 3.943440000000000027e-47
8.950000000000000000e+01 3.927639999999999940e-47
8.975000000000000000e+01 3.911859999999999837e-47
9.000000000000000000e+01 3.895950000000000073e-47
9.025000000000000000e+01 3.879760000000000028e-47
9.050000000000000000e+01 3.864220000000000236e-47
9.075000000000000000e+01 3.848980000000000224e-47
9.100000000000000000e+01 3.833969999999999800e-47
9.125000000000000000e+01 3.819070000000000025e-47
9.150000000000000000e+01 3.803710000000000101e-47
9.175000000000000000e+01 3.789230000000000018e-47
9.200000000000000000e+01 3.774579999999999816e-47
9.225000000000000000e+01 3.760260000000000102e-47
9.250000000000000000e+01 3.746220000000000183e-47
9.275000000000000000e+01 3.731890000000000233e-47
9.300000000000000000e+01 3.717950000000000240e-47
9.325000000000000000e+01 3.704190000000000116e-47
9.350000000000000000e+01 3.691050000000000023e-47
9.375000000000000000e+01 3.677590000000000165e-47
9.400000000000000000e+01 3.663920000000000218e-47
9.425000000000000000e+01 3.651250000000000023e-47
9.450000000000000000e+01 3.638849999999999875e-47
9.475000000000000000e+01 3.626389999999999770e-47
9.500000000000000000e+01 3.614189999999999960e-47
9.525000000000000000e+01 3.601439999999999825e-47
9.550000000000000000e+01 3.588940000000000235e-47
9.575000000000000000e+01 3.576879999999999837e-47
9.600000000000000000e+01 3.564660000000000042e-47
9.625000000000000000e+01 3.552979999999999852e-47
9.650000000000000000e+01 3.541340000000000118e-47
9.675000000000000000e+01 3.529529999999999780e-47
9.700000000000000000e+01 3.518040000000000180e-47
9.725000000000000000e+01 3.506869999999999858e-47
9.750000000000000000e+01 3.495850000000000157e-47
9.775000000000000000e+01 3.484619999999999879e-47
9.800000000000000000e+01 3.473859999999999987e-47
9.825000000000000000e+01 3.463169999999999800e-47
9.850000000000000000e+01 3.452270000000000010e-47
9.875000000000000000e+01 3.441430000000000176e-47
9.900000000000000000e+01 3.430730000000000240e-47
9.925000000000000000e+01 3.420720000000000041e-47
9.950000000000000000e+01 3.410419999999999811e-47
9.975000000000000000e+01 3.400430000000000084e-47
1.000000000000000000e+02 3.390479999999999841e-47
1.002500000000000000e+02 3.380619999999999775e-47
1.005000000000000000e+02 3.370690000000000004e-47
1.007500000000000000e+02 3.360969999999999835e-47
1.010000000000000000e+02 3.351540000000000183e-47
1.012500000000000000e+02 3.341910000000000192e-47
1.015000000000000000e+02 3.332610000000000202e-47
1.017500000000000000e+02 3.323410000000000138e-47
1.020000000000000000e+02 3.313900000000000059e-47
1.022500000000000000e+02 3.304689999999999760e-47
1.025000000000000000e+02 3.295980000000000066e-47
1.027500000000000000e+02 3.287329999999999843e-47
1.030000000000000000e+02 3.278899999999999944e-47
1.032500000000000000e+02 3.269839999999999778e-47
1.035000000000000000e+02 3.261300000000000203e-47
1.037500000000000000e+02 3.252510000000000083e-47
1.040000000000000000e+02 3.243879999999999844e-47
1.042500000000000000e+02 3.235029999999999768e-47
1.045000000000000000e+02 3.226980000000000077e-47
1.047500000000000000e+02 3.219000000000000091e-47
1.050000000000000000e+02 3.210900000000000194e-47
1.052500000000000000e+02 3.202730000000000105e-47
1.055000000000000000e+02 3.194870000000000032e-47
1.057500000000000000e+02 3.187390000000000166e-47
1.060000000000000000e+02 3.179359999999999974e-47
1.062500000000000000e+02 3.171479999999999916e-47
1.065000000000000000e+02 3.163619999999999843e-47
1.067500000000000000e+02 3.156219999999999918e-47
1.070000000000000000e+02 3.148970000000000127e-47
1.072500000000000000e+02 3.141889999999999969e-47
1.075000000000000000e+02 3.134239999999999984e-47
1.077500000000000000e+02 3.126889999999999781e-47
1.080000000000000000e+02 3.119939999999999770e-47
1.082500000000000000e+02 3.112869999999999847e-47
1.085000000000000000e+02 3.105870000000000115e-47
1.087500000000000000e+02 3.099330000000000047e-47
1.090000000000000000e+02 3.092120000000000227e-47
1.092500000000000000e+02 3.085410000000000040e-47
1.095000000000000000e+02 3.078570000000000191e-47
1.097500000000000000e+02 3.071769999999999827e-47
1.100000000000000000e+02 3.064929999999999979e-47
1.102500000000000000e+02 3.057950000000000233e-47
1.105000000000000000e+02 3.051860000000000078e-47
1.107500000000000000e+02 3.045359999999999980e-47
1.110000000000000000e+02 3.038979999999999795e-47
1.112500000000000000e+02 3.032799999999999949e-47
1.115000000000000000e+02 3.026390000000000028e-47
1.117500000000000000e+02 3.020210000000000182e-47
1.120000000000000000e+02 3.014100000000000042e-47
1.122500000000000000e+02 3.008000000000000137e-47
1.125000000000000000e+02 3.002049999999999879e-47
1.127500000000000000e+02 2.995949999999999974e-47
1.130000000000000000e+02 2.990060000000000159e-47
1.132500000000000000e+02 2.984610000000000021e-47
1.135000000000000000e+02 2.978709999999999970e-47
1.137500000000000000e+02 2.973090000000000199e-47
1.140000000000000000e+02 2.967669999999999796e-47
1.142500000000000000e+02 2.962459999999999969e-47
1.145000000000000000e+02 2.956849999999999948e-47
1.147500000000000000e+02 2.951330000000000104e-47
1.150000000000000000e+02 2.946010000000000114e-47
1.152500000000000000e+02 2.940810000000000036e-47
1.155000000000000000e+02 2.935530000000000016e-47
1.157500000000000000e+02 2.930269999999999982e-47
1.160000000000000000e+02 2.925040000000000169e-47
1.162500000000000000e+02 2.919900000000000047e-47
1.165000000000000000e+02 2.914899999999999822e-47
1.167500000000000000e+02 2.909909999999999833e-47
1.170000000000000000e+02 2.905240000000000096e-47
1.172500000000000000e+02 2.900259999999999857e-47
1.175000000000000000e+02 2.895570000000000134e-47
1.177500000000000000e+02 2.890660000000000086e-47
1.180000000000000000e+02 2.885770000000000024e-47
1.182500000000000000e+02 2.881110000000000036e-47
1.185000000000000000e+02 2.876089999999999826e-47
1.187500000000000000e+02 2.871570000000000222e-47
1.190000000000000000e+02 2.867289999999999956e-47
1.192500000000000000e+02 2.862950000000000220e-47
1.195000000000000000e+02 2.858419999999999894e-47
1.197500000000000000e+02 2.853959999999999759e-47
1.200000000000000000e+02 2.849629999999999773e-47
1.202500000000000000e+02 2.845589999999999817e-47
1.205000000000000000e+02 2.841449999999999934e-47
1.207500000000000000e+02 2.837090000000000213e-47
1.210000000000000000e+02 2.833270000000000095e-47
1.212500000000000000e+02 2.829390000000000022e-47
1.215000000000000000e+02 2.825480000000000214e-47
1.217500000000000000e+02 2.821549999999999934e-47
1.220000000000000000e+02 2.817560000000000185e-47
1.222500000000000000e+02 2.813640000000000141e-47
1.225000000000000000e+02 2.809789999999999802e-47
1.227500000000000000e+02 2.806110000000000069e-47
1.230000000000000000e+02 2.802349999999999907e-47
1.232500000000000000e+02 2.798360000000000158e-47
1.235000000000000000e+02 2.794810000000000086e-47
1.237500000000000000e+02 2.791379999999999926e-47
1.240000000000000000e+02 2.787970000000000237e-47
1.242500000000000000e+02 2.784299999999999767e-47
1.245000000000000000e+02 2.780480000000000136e-47
1.247500000000000000e+02 2.777399999999999963e-47
1.250000000000000000e+02 2.773989999999999788e-47
1.252500000000000000e+02 2.770629999999999820e-47
1.255000000000000000e+02 2.767129999999999954e-47
1.257500000000000000e+02 2.763760000000000236e-47
1.260000000000000000e+02 2.760460000000000224e-47
1.262500000000000000e+02 2.757309999999999859e-47
1.265000000000000000e+02 2.753989999999999861e-47
1.267500000000000000e+02 2.750930000000000159e-47
1.270000000000000000e+02 2.747969999999999898e-47
1.272500000000000000e+02 2.744769999999999813e-47
1.275000000000000000e+02 2.741969999999999920e-47
1.277500000000000000e+02 2.738789999999999820e-47
1.280000000000000000e+02 2.735839999999999794e-47
1.282500000000000000e+02 2.732820000000000063e-47
1.285000000000000000e+02 2.729839999999999816e-47
1.287500000000000000e+02 2.726669999999999952e-47
1.290000000000000000e+02 2.723969999999999986e-47
1.292500000000000000e+02 2.721210000000000064e-47
1.295000000000000000e+02 2.718249999999999803e-47
1.297500000000000000e+02 2.715560000000000073e-47
1.300000000000000000e+02 2.712479999999999900e-47
1.302500000000000000e+02 2.709669999999999771e-47
1.305000000000000000e+02 2.706880000000000115e-47
1.307500000000000000e+02 2.703939999999999839e-47
1.310000000000000000e+02 2.701689999999999786e-47
1.312500000000000000e+02 2.698559999999999892e-47
1.315000000000000000e+02 2.695850000000000177e-47
1.317500000000000000e+02 2.693100000000000005e-47
1.320000000000000000e+02 2.690659999999999848e-47
1.322500000000000000e+02 2.688289999999999884e-47
1.325000000000000000e+02 2.685749999999999801e-47
1.327500000000000000e+02 2.682690000000000099e-47
1.330000000000000000e+02 2.679930000000000177e-47
1.332500000000000000e+02 2.677959999999999919e-47
1.335000000000000000e+02 2.675080000000000086e-47
1.337500000000000000e+02 2.672590000000000209e-47
1.340000000000000000e+02 2.669910000000000228e-47
1.342500000000000000e+02 2.667490000000000057e-47
1.345000000000000000e+02 2.665220000000000020e-47
1.347500000000000000e+02 2.662989999999999952e-47
1.350000000000000000e+02 2.660549999999999796e-47
1.352500000000000000e+02 2.658099999999999890e-47
1.355000000000000000e+02 2.655820000000000103e-47
1.357500000000000000e+02 2.653260000000000034e-47
1.360000000000000000e+02 2.650810000000000128e-47
1.362500000000000000e+02 2.648360000000000223e-47
1.365000000000000000e+02 2.646030000000000229e-47
1.367500000000000000e+02 2.643709999999999984e-47
1.370000000000000000e+02 2.641559999999999859e-47
1.372500000000000000e+02 2.639089999999999967e-47
1.375000000000000000e+02 2.636850000000000151e-47
1.377500000000000000e+02 2.634420000000000230e-47
1.380000000000000000e+02 2.632049999999999779e-47
1.382500000000000000e+02 2.629769999999999992e-47
1.385000000000000000e+02 2.627769999999999999e-47
1.387500000000000000e+02 2.625630000000000109e-47
1.390000000000000000e+02 2.623220000000000174e-47
1.392500000000000000e+02 2.621130000000000004e-47
1.395000000000000000e+02 2.619039999999999834e-47
1.397500000000000000e+02 2.617070000000000063e-47
1.400000000000000000e+02 2.614970000000000143e-47
1.402500000000000000e+02 2.612859999999999988e-47
1.405000000000000000e+02 2.610919999999999952e-47
1.407500000000000000e+02 2.608999999999999900e-47
1.410000000000000000e+02 2.606860000000000010e-47
1.412500000000000000e+02 2.604660000000000164e-47
1.415000000000000000e+02 2.602849999999999789e-47
1.417500000000000000e+02 2.600649999999999943e-47
1.420000000000000000e+02 2.598640000000000201e-47
1.422500000000000000e+02 2.596729999999999899e-47
1.425000000000000000e+02 2.594959999999999981e-47
1.427500000000000000e+02 2.592849999999999826e-47
1.430000000000000000e+02 2.590869999999999819e-47
1.432500000000000000e+02 2.588669999999999973e-47
1.435000000000000000e+02 2.586880000000000069e-47
1.437500000000000000e+02 2.585139999999999886e-47
1.440000000000000000e+02 2.583270000000000041e-47
1.442500000000000000e+02 2.581330000000000004e-47
1.445000000000000000e+02 2.579489999999999894e-47
1.447500000000000000e+02 2.577600000000000064e-47
1.450000000000000000e+02 2.575660000000000028e-47
1.452500000000000000e+02 2.574120000000000184e-47
1.455000000000000000e+02 2.572380000000000001e-47
1.457500000000000000e+02 2.570439999999999964e-47
1.460000000000000000e+02 2.568550000000000134e-47
1.462500000000000000e+02 2.566800000000000201e-47
1.465000000000000000e+02 2.565110000000000224e-47
1.467500000000000000e+02 2.563279999999999864e-47
1.470000000000000000e+02 2.561430000000000005e-47
1.472500000000000000e+02 2.559620000000000116e-47
1.475000000000000000e+02 2.557799999999999991e-47
1.477500000000000000e+02 2.556110000000000014e-47
1.480000000000000000e+02 2.554380000000000067e-47
1.482500000000000000e+02 2.552460000000000016e-47
1.485000000000000000e+02 2.550670000000000112e-47
1.487500000000000000e+02 2.548940000000000165e-47
1.490000000000000000e+02 2.547270000000000173e-47
1.492500000000000000e+02 2.545439999999999813e-47
1.495000000000000000e+02 2.543950000000000176e-47
1.497500000000000000e+02 2.542209999999999992e-47
1.500000000000000000e+02 2.540579999999999972e-47
1.502500000000000000e+02 2.538810000000000054e-47
1.505000000000000000e+02 2.537220000000000003e-47
1.507500000000000000e+02 2.535510000000000041e-47
1.510000000000000000e+02 2.533999999999999933e-47
1.512500000000000000e+02 2.532340000000000177e-47
1.515000000000000000e+02 2.530420000000000126e-47
1.517500000000000000e+02 2.528989999999999958e-47
1.520000000000000000e+02 2.527629999999999983e-47
1.522500000000000000e+02 2.525979999999999977e-47
1.525000000000000000e+02 2.524059999999999925e-47
1.527500000000000000e+02 2.522500000000000096e-47
1.530000000000000000e+02 2.520520000000000089e-47
1.532500000000000000e+02 2.518930000000000039e-47
1.535000000000000000e+02 2.517550000000000078e-47
1.537500000000000000e+02 2.515740000000000189e-47
1.540000000000000000e+02 2.513929999999999814e-47
1.542500000000000000e+02 2.512230000000000088e-47
1.545000000000000000e+02 2.510580000000000082e-47
1.547500000000000000e+02 2.508959999999999811e-47
1.550000000000000000e+02 2.507450000000000188e-47
1.552500000000000000e+02 2.506279999999999830e-47
1.555000000000000000e+02 2.504629999999999824e-47
1.557500000000000000e+02 2.503059999999999759e-47
1.560000000000000000e+02 2.501530000000000152e-47
1.562500000000000000e+02 2.500110000000000220e-47
1.565000000000000000e+02 2.498339999999999816e-47
1.567500000000000000e+02 2.497189999999999929e-47
1.570000000000000000e+02 2.495750000000000012e-47
1.572500000000000000e+02 2.494170000000000198e-47
1.575000000000000000e+02 2.492959999999999869e-47
1.577500000000000000e+02 2.491610000000000130e-47
1.580000000000000000e+02 2.490299999999999874e-47
1.582500000000000000e+02 2.488890000000000179e-47
1.585000000000000000e+02 2.487340000000000099e-47
1.587500000000000000e+02 2.485849999999999976e-47
1.590000000000000000e+02 2.484569999999999942e-47
1.592500000000000000e+02 2.483019999999999862e-47
1.595000000000000000e+02 2.481679999999999872e-47
1.597500000000000000e+02 2.480089999999999822e-47
1.600000000000000000e+02 2.478450000000000052e-47
1.602500000000000000e+02 2.476820000000000031e-47
1.605000000000000000e+02 2.475269999999999951e-47
1.607500000000000000e+02 2.473650000000000166e-47
1.610000000000000000e+02 2.472069999999999866e-47
1.612500000000000000e+02 2.470479999999999816e-47
1.615000000000000000e+02 2.469230000000000003e-47
1.617500000000000000e+02 2.467639999999999953e-47
1.620000000000000000e+02 2.466399999999999889e-47
1.622500000000000000e+02 2.464820000000000075e-47
1.625000000000000000e+02 2.463349999999999937e-47
1.627500000000000000e+02 2.461890000000000035e-47
1.630000000000000000e+02 2.460479999999999853e-47
1.632500000000000000e+02 2.458929999999999773e-47
1.635000000000000000e+02 2.457710000000000181e-47
1.637500000000000000e+02 2.456350000000000206e-47
1.640000000000000000e+02 2.454869999999999832e-47
1.642500000000000000e+02 2.453360000000000209e-47
1.645000000000000000e+02 2.452100000000000160e-47
1.647500000000000000e+02 2.450840000000000112e-47
1.650000000000000000e+02 2.449409999999999944e-47
1.652500000000000000e+02 2.447890000000000086e-47
1.655000000000000000e+02 2.446160000000000139e-47
1.657500000000000000e+02 2.444619999999999809e-47
1.660000000000000000e+02 2.443440000000000187e-47
1.662500000000000000e+02 2.441910000000000093e-47
1.665000000000000000e+02 2.440360000000000014e-47
1.667500000000000000e+02 2.438800000000000185e-47
1.670000000000000000e+02 2.437079999999999987e-47
1.672500000000000000e+02 2.435489999999999937e-47
1.675000000000000000e+02 2.434050000000000020e-47
1.677500000000000000e+02 2.432519999999999926e-47
1.680000000000000000e+02 2.430929999999999876e-47
1.682500000000000000e+02 2.429589999999999886e-47
1.685000000000000000e+02 2.427939999999999880e-47
1.687500000000000000e+02 2.426530000000000184e-47
1.690000000000000000e+02 2.425190000000000194e-47
1.692500000000000000e+02 2.423450000000000010e-47
1.695000000000000000e+02 2.421839999999999975e-47
1.697500000000000000e+02 2.420269999999999910e-47
1.700000000000000000e+02 2.418670000000000111e-47
1.702500000000000000e+02 2.417230000000000194e-47
1.705000000000000000e+02 2.415509999999999996e-47
1.707500000000000000e+02 2.413939999999999931e-47
1.710000000000000000e+02 2.412289999999999925e-47
1.712500000000000000e+02 2.410799999999999802e-47
1.715000000000000000e+02 2.409339999999999899e-47
1.717500000000000000e+02 2.407849999999999776e-47
1.720000000000000000e+02 2.406369999999999888e-47
1.722500000000000000e+02 2.404739999999999868e-47
1.725000000000000000e+02 2.403220000000000009e-47
1.727500000000000000e+02 2.401580000000000239e-47
1.730000000000000000e+02 2.400090000000000116e-47
1.732500000000000000e+02 2.398409999999999888e-47
1.735000000000000000e+02 2.396839999999999824e-47
1.737500000000000000e+02 2.395169999999999832e-47
1.740000000000000000e+02 2.393669999999999959e-47
1.742500000000000000e+02 2.391929999999999776e-47
1.745000000000000000e+02 2.390239999999999799e-47
1.747500000000000000e+02 2.388380000000000190e-47
1.750000000000000000e+02 2.386650000000000243e-47
1.752500000000000000e+02 2.384919999999999809e-47
1.755000000000000000e+02 2.383359999999999980e-47
1.757500000000000000e+02 2.381659999999999768e-47
1.760000000000000000e+02 2.379949999999999806e-47
1.762500000000000000e+02 2.378150000000000152e-47
1.765000000000000000e+02 2.376560000000000102e-47
1.767500000000000000e+02 2.375039999999999758e-47
1.770000000000000000e+02 2.373430000000000209e-47
1.772500000000000000e+02 2.371459999999999951e-47
1.775000000000000000e+02 2.369760000000000225e-47
1.777500000000000000e+02 2.368299999999999836e-47
1.780000000000000000e+02 2.366290000000000094e-47
1.782500000000000000e+02 2.364500000000000190e-47
1.785000000000000000e+02 2.362810000000000214e-47
1.787500000000000000e+02 2.361079999999999780e-47
1.790000000000000000e+02 2.359209999999999935e-47
1.792500000000000000e+02 2.357449999999999767e-47
1.795000000000000000e+02 2.355499999999999980e-47
1.797500000000000000e+02 2.353599999999999914e-47
1.800000000000000000e+02 2.351849999999999982e-47
1.802500000000000000e+02 2.350049999999999842e-47
1.805000000000000000e+02 2.348479999999999778e-47
1.807500000000000000e+02 2.346629999999999918e-47
1.810000000000000000e+02 2.344820000000000029e-47
1.812500000000000000e+02 2.343170000000000023e-47
1.815000000000000000e+02 2.341099999999999839e-47
1.817500000000000000e+02 2.339349999999999906e-47
1.820000000000000000e+02 2.337570000000000238e-47
1.822500000000000000e+02 2.335619999999999966e-47
1.825000000000000000e+02 2.333639999999999959e-47
1.827500000000000000e+02 2.331670000000000187e-47
1.830000000000000000e+02 2.329960000000000225e-47
1.832500000000000000e+02 2.328169999999999835e-47
1.835000000000000000e+02 2.326269999999999769e-47
1.837500000000000000e+02 2.324280000000000012e-47
1.840000000000000000e+02 2.322310000000000241e-47
1.842500000000000000e+02 2.320129999999999894e-47
1.845000000000000000e+02 2.318109999999999916e-47
1.847500000000000000e+02 2.315970000000000026e-47
1.850000000000000000e+02 2.314309999999999784e-47
1.852500000000000000e+02 2.312590000000000072e-47
1.855000000000000000e+02 2.310670000000000021e-47
1.857500000000000000e+02 2.308559999999999866e-47
1.860000000000000000e+02 2.306639999999999815e-47
1.862500000000000000e+02 2.304619999999999837e-47
1.865000000000000000e+02 2.302659999999999815e-47
1.867500000000000000e+02 2.300760000000000235e-47
1.870000000000000000e+02 2.298900000000000140e-47
1.872500000000000000e+02 2.296869999999999926e-47
1.875000000000000000e+02 2.294940000000000125e-47
1.877500000000000000e+02 2.292949999999999882e-47
1.880000000000000000e+02 2.290800000000000242e-47
1.882500000000000000e+02 2.288699999999999837e-47
1.885000000000000000e+02 2.286579999999999932e-47
1.887500000000000000e+02 2.284610000000000160e-47
1.890000000000000000e+02 2.282300000000000152e-47
1.892500000000000000e+02 2.280340000000000130e-47
1.895000000000000000e+02 2.278269999999999946e-47
1.897500000000000000e+02 2.276130000000000055e-47
1.900000000000000000e+02 2.274229999999999990e-47
1.902500000000000000e+02 2.272329999999999924e-47
1.905000000000000000e+02 2.270090000000000107e-47
1.907500000000000000e+02 2.267900000000000010e-47
1.910000000000000000e+02 2.265709999999999914e-47
1.912500000000000000e+02 2.263530000000000053e-47
1.915000000000000000e+02 2.261339999999999957e-47
1.917500000000000000e+02 2.259200000000000067e-47
1.920000000000000000e+02 2.256930000000000029e-47
1.922500000000000000e+02 2.254429999999999916e-47
1.925000000000000000e+02 2.252059999999999952e-47
1.927500000000000000e+02 2.250000000000000003e-47
1.930000000000000000e+02 2.247559999999999847e-47
1.932500000000000000e+02 2.245169999999999897e-47
1.935000000000000000e+02 2.242810000000000168e-47
1.937500000000000000e+02 2.240460000000000189e-47
1.940000000000000000e+02 2.238199999999999901e-47
1.942500000000000000e+02 2.235829999999999936e-47
1.945000000000000000e+02 2.233510000000000178e-47
1.947500000000000000e+02 2.231550000000000156e-47
1.950000000000000000e+02 2.229409999999999780e-47
1.952500000000000000e+02 2.226850000000000198e-47
1.955000000000000000e+02 2.224680000000000086e-47
1.957500000000000000e+02 2.222600000000000152e-47
1.960000000000000000e+02 2.220140000000000011e-47
1.962500000000000000e+02 2.217920000000000179e-47
1.965000000000000000e+02 2.215300000000000155e-47
1.967500000000000000e+02 2.212789999999999807e-47
1.970000000000000000e+02 2.210390000000000107e-47
1.972500000000000000e+02 2.208200000000000011e-47
1.975000000000000000e+02 2.205670000000000163e-47
1.977500000000000000e+02 2.203380000000000140e-47
1.980000000000000000e+02 2.200840000000000057e-47
1.982500000000000000e+02 2.198510000000000063e-47
1.985000000000000000e+02 2.196089999999999892e-47
1.987500000000000000e+02 2.193770000000000134e-47
1.990000000000000000e+02 2.191130000000000124e-47
1.992500000000000000e+02 2.188490000000000115e-47
1.995000000000000000e+02 2.185689999999999979e-47
1.997500000000000000e+02 2.183119999999999918e-47
2.000000000000000000e+02 2.180519999999999879e-47
2.002500000000000000e+02 2.177920000000000083e-47
2.005000000000000000e+02 2.175340000000000029e-47
2.007500000000000000e+02 2.172690000000000027e-47
2.010000000000000000e+02 2.170300000000000077e-47
2.012500000000000000e+02 2.167700000000000038e-47
2.015000000000000000e+02 2.165109999999999992e-47
2.017500000000000000e+02 2.162310000000000099e-47
2.020000000000000000e+02 2.159549999999999934e-47
2.022500000000000000e+02 2.156750000000000042e-47
2.025000000000000000e+02 2.154120000000000025e-47
2.027500000000000000e+02 2.151309999999999896e-47
2.030000000000000000e+02 2.148579999999999953e-47
2.032500000000000000e+02 2.146190000000000003e-47
2.035000000000000000e+02 2.143400000000000103e-47
2.037500000000000000e+02 2.140780000000000078e-47
2.040000000000000000e+02 2.137919999999999987e-47
2.042500000000000000e+02 2.135230000000000014e-47
2.045000000000000000e+02 2.132240000000000017e-47
2.047500000000000000e+02 2.129729999999999912e-47
2.050000000000000000e+02 2.126870000000000064e-47
2.052500000000000000e+02 2.124200000000000076e-47
2.055000000000000000e+02 2.121399999999999941e-47
2.057500000000000000e+02 2.118369999999999974e-47
2.060000000000000000e+02 2.115610000000000052e-47
2.062500000000000000e+02 2.112880000000000108e-47
2.065000000000000000e+02 2.110169999999999906e-47
2.067500000000000000e+02 2.107370000000000014e-47
2.070000000000000000e+02 2.104280000000000091e-47
2.072500000000000000e+02 2.101469999999999963e-47
2.075000000000000000e+02 2.098730000000000026e-47
2.077500000000000000e+02 2.096040000000000053e-47
2.080000000000000000e+02 2.093259999999999903e-47
2.082500000000000000e+02 2.090360000000000084e-47
2.085000000000000000e+02 2.087460000000000021e-47
2.087500000000000000e+02 2.084730000000000078e-47
2.090000000000000000e+02 2.081830000000000015e-47
2.092500000000000000e+02 2.078770000000000070e-47
2.095000000000000000e+02 2.075629999999999941e-47
2.097500000000000000e+02 2.072649999999999937e-47
2.100000000000000000e+02 2.069850000000000045e-47
2.102500000000000000e+02 2.067089999999999880e-47
2.105000000000000000e+02 2.064130000000000105e-47
2.107500000000000000e+02 2.061079999999999909e-47
2.110000000000000000e+02 2.058220000000000061e-47
2.112500000000000000e+02 2.055109999999999909e-47
2.115000000000000000e+02 2.052029999999999979e-47
2.117500000000000000e+02 2.048930000000000063e-47
2.120000000000000000e+02 2.045809999999999919e-47
2.122500000000000000e+02 2.042789999999999945e-47
2.125000000000000000e+02 2.039489999999999933e-47
2.127500000000000000e+02 2.036559999999999892e-47
2.130000000000000000e+02 2.033400000000000021e-47
2.132500000000000000e+02 2.030350000000000068e-47
2.135000000000000000e+02 2.027249999999999909e-47
2.137500000000000000e+02 2.024140000000000001e-47
2.140000000000000000e+02 2.021159999999999997e-47
2.142500000000000000e+02 2.017959999999999912e-47
2.145000000000000000e+02 2.014750000000000077e-47
2.147500000000000000e+02 2.011619999999999940e-47
2.150000000000000000e+02 2.008440000000000083e-47
2.152500000000000000e+02 2.005160000000000056e-47
2.155000000000000000e+02 2.001979999999999956e-47
2.157500000000000000e+02 1.998910000000000018e-47
2.160000000000000000e+02 1.995619999999999999e-47
2.162500000000000000e+02 1.992329999999999979e-47
2.165000000000000000e+02 1.989009999999999982e-47
2.167500000000000000e+02 1.985620000000000036e-47
2.170000000000000000e+02 1.982250000000000075e-47
2.172500000000000000e+02 1.979079999999999967e-47
2.175000000000000000e+02 1.975469999999999939e-47
2.177500000000000000e+02 1.972290000000000082e-47
2.180000000000000000e+02 1.968869999999999915e-47
2.182500000000000000e+02 1.965370000000000049e-47
2.185000000000000000e+02 1.962060000000000044e-47
2.187500000000000000e+02 1.958680000000000091e-47
2.190000000000000000e+02 1.955629999999999895e-47
2.192500000000000000e+02 1.952110000000000044e-47
2.195000000000000000e+02 1.948750000000000076e-47
2.197500000000000000e+02 1.945369999999999880e-47
2.200000000000000000e+02 1.942269999999999964e-47
2.202500000000000000e+02 1.938810000000000069e-47
2.205000000000000000e+02 1.935349999999999931e-47
2.207500000000000000e+02 1.932009999999999948e-47
2.210000000000000000e+02 1.928540000000000060e-47
2.212500000000000000e+02 1.925119999999999893e-47
2.215000000000000000e+02 1.921650000000000006e-47
2.217500000000000000e+02 1.918190000000000111e-47
2.220000000000000000e+02 1.914580000000000083e-47
2.222500000000000000e+02 1.911399999999999982e-47
2.225000000000000000e+02 1.907799999999999947e-47
2.227500000000000000e+02 1.904260000000000111e-47
2.230000000000000000e+02 1.900970000000000091e-47
2.232500000000000000e+02 1.897380000000000048e-47
2.235000000000000000e+02 1.893889999999999932e-47
2.237500000000000000e+02 1.890330000000000111e-47
2.240000000000000000e+02 1.886810000000000017e-47
2.242500000000000000e+02 1.883180000000000003e-47
2.245000000000000000e+02 1.879500000000000027e-47
2.247500000000000000e+02 1.875810000000000057e-47
2.250000000000000000e+02 1.872279999999999970e-47
2.252500000000000000e+02 1.868929999999999995e-47
2.255000000000000000e+02 1.865150000000000091e-47
2.257500000000000000e+02 1.861800000000000116e-47
2.260000000000000000e+02 1.858520000000000089e-47
2.262500000000000000e+02 1.854830000000000120e-47
2.265000000000000000e+02 1.851159999999999892e-47
2.267500000000000000e+02 1.847680000000000012e-47
2.270000000000000000e+02 1.844000000000000035e-47
2.272500000000000000e+02 1.840429999999999978e-47
2.275000000000000000e+02 1.836889999999999899e-47
2.277500000000000000e+02 1.833420000000000011e-47
2.280000000000000000e+02 1.829970000000000109e-47
2.282500000000000000e+02 1.826499999999999978e-47
2.285000000000000000e+02 1.823080000000000054e-47
2.287500000000000000e+02 1.819800000000000027e-47
2.290000000000000000e+02 1.816160000000000021e-47
2.292500000000000000e+02 1.812530000000000008e-47
2.295000000000000000e+02 1.808780000000000082e-47
2.297500000000000000e+02 1.804949999999999972e-47
2.300000000000000000e+02 1.801289999999999981e-47
2.302500000000000000e+02 1.797480000000000099e-47
2.305000000000000000e+02 1.793649999999999989e-47
2.307500000000000000e+02 1.790039999999999961e-47
2.310000000000000000e+02 1.786459999999999911e-47
2.312500000000000000e+02 1.782699999999999993e-47
2.315000000000000000e+02 1.778829999999999913e-47
2.317500000000000000e+02 1.775199999999999899e-47
2.320000000000000000e+02 1.771600000000000107e-47
2.322500000000000000e+02 1.767670000000000070e-47
2.325000000000000000e+02 1.763939999999999887e-47
2.327500000000000000e+02 1.760010000000000093e-47
2.330000000000000000e+02 1.756169999999999991e-47
2.332500000000000000e+02 1.752179999999999998e-47
2.335000000000000000e+02 1.748520000000000007e-47
2.337500000000000000e+02 1.744850000000000023e-47
2.340000000000000000e+02 1.740909999999999993e-47
2.342500000000000000e+02 1.736989999999999949e-47
2.345000000000000000e+02 1.733200000000000053e-47
2.347500000000000000e+02 1.729480000000000106e-47
2.350000000000000000e+02 1.725510000000000099e-47
2.352500000000000000e+02 1.721510000000000113e-47
2.355000000000000000e+02 1.717550000000000099e-47
2.357500000000000000e+02 1.713350000000000017e-47
2.360000000000000000e+02 1.709280000000000083e-47
2.362500000000000000e+02 1.705380000000000024e-47
2.365000000000000000e+02 1.701219999999999913e-47
2.367500000000000000e+02 1.697360000000000068e-47
2.370000000000000000e+02 1.693400000000000054e-47
2.372500000000000000e+02 1.689420000000000054e-47
2.375000000000000000e+02 1.685430000000000061e-47
2.377500000000000000e+02 1.681549999999999988e-47
2.380000000000000000e+02 1.677540000000000010e-47
2.382500000000000000e+02 1.673609999999999973e-47
2.385000000000000000e+02 1.669639999999999966e-47
2.387500000000000000e+02 1.665999999999999960e-47
2.390000000000000000e+02 1.662079999999999916e-47
2.392500000000000000e+02 1.658079999999999930e-47
2.395000000000000000e+02 1.654190000000000108e-47
2.397500000000000000e+02 1.650399999999999968e-47
2.400000000000000000e+02 1.646560000000000109e-47
2.402500000000000000e+02 1.642640000000000065e-47
2.405000000000000000e+02 1.638620000000000094e-47
2.407500000000000000e+02 1.634579999999999895e-47
2.410000000000000000e+02 1.630549999999999932e-47
2.412500000000000000e+02 1.626780000000000021e-47
2.415000000000000000e+02 1.623000000000000118e-47
2.417500000000000000e+02 1.619100000000000059e-47
2.420000000000000000e+02 1.615410000000000090e-47
2.422500000000000000e+02 1.611679999999999906e-47
2.425000000000000000e+02 1.608239999999999997e-47
2.427500000000000000e+02 1.604460000000000093e-47
2.430000000000000000e+02 1.600870000000000051e-47
2.432500000000000000e+02 1.597260000000000023e-47
2.435000000000000000e+02 1.593550000000000068e-47
2.437500000000000000e+02 1.589719999999999958e-47
2.440000000000000000e+02 1.586109999999999930e-47
2.442500000000000000e+02 1.582489999999999909e-47
2.445000000000000000e+02 1.578769999999999962e-47
2.447500000000000000e+02 1.575250000000000111e-47
2.450000000000000000e+02 1.571730000000000017e-47
2.452500000000000000e+02 1.568300000000000100e-47
2.455000000000000000e+02 1.564869999999999940e-47
2.457500000000000000e+02 1.561189999999999963e-47
2.460000000000000000e+02 1.557450000000000030e-47
2.462500000000000000e+02 1.553680000000000119e-47
2.465000000000000000e+02 1.550080000000000084e-47
2.467500000000000000e+02 1.546540000000000005e-47
2.470000000000000000e+02 1.542840000000000042e-47
2.472500000000000000e+02 1.539259999999999992e-47
2.475000000000000000e+02 1.535870000000000046e-47
2.477500000000000000e+02 1.532180000000000077e-47
2.480000000000000000e+02 1.528429999999999908e-47
2.482500000000000000e+02 1.524900000000000065e-47
2.485000000000000000e+02 1.521469999999999905e-47
2.487500000000000000e+02 1.518069999999999966e-47
2.490000000000000000e+02 1.514759999999999961e-47
2.492500000000000000e+02 1.510940000000000087e-47
2.495000000000000000e+02 1.507600000000000104e-47
2.497500000000000000e+02 1.504169999999999944e-47
2.500000000000000000e+02 1.500779999999999998e-47
2.502500000000000000e+02 1.497330000000000095e-47
2.505000000000000000e+02 1.494000000000000105e-47
2.507500000000000000e+02 1.490440000000000040e-47
2.510000000000000000e+02 1.487219999999999970e-47
2.512500000000000000e+02 1.483909999999999965e-47
2.515000000000000000e+02 1.480730000000000108e-47
2.517500000000000000e+02 1.477750000000000104e-47
2.520000000000000000e+02 1.474309999999999951e-47
2.522500000000000000e+02 1.471009999999999939e-47
2.525000000000000000e+02 1.467659999999999964e-47
2.527500000000000000e+02 1.464490000000000099e-47
2.530000000000000000e+02 1.461379999999999948e-47
2.532500000000000000e+02 1.458009999999999987e-47
2.535000000000000000e+02 1.454590000000000063e-47
2.537500000000000000e+02 1.451290000000000050e-47
2.540000000000000000e+02 1.448550000000000114e-47
2.542500000000000000e+02 1.445199999999999895e-47
2.545000000000000000e+02 1.442060000000000009e-47
2.547500000000000000e+02 1.438869999999999916e-47
2.550000000000000000e+02 1.435650000000000088e-47
2.552500000000000000e+02 1.432680000000000077e-47
2.555000000000000000e+02 1.429589999999999911e-47
