0.000000000000000000e+00 5.000000000000000000e-01
2.500000000000000000e-01 5.000000000000000000e-01
5.000000000000000000e-01 5.000000000000000000e-01
7.500000000000000000e-01 5.000000000000000000e-01
1.000000000000000000e+00 5.000000000000000000e-01
1.250000000000000000e+00 5.000000000000000000e-01
1.500000000000000000e+00 5.000000000000000000e-01
1.750000000000000000e+00 5.000000000000000000e-01
2.000000000000000000e+00 5.000000000000000000e-01
2.250000000000000000e+00 5.000000000000000000e-01
2.500000000000000000e+00 5.000000000000000000e-01
2.750000000000000000e+00 5.000000000000000000e-01
3.000000000000000000e+00 5.000000000000000000e-01
3.250000000000000000e+00 5.000000000000000000e-01
3.500000000000000000e+00 5.000000000000000000e-01
3.750000000000000000e+00 5.000000000000000000e-01
4.000000000000000000e+00 5.000000000000000000e-01
4.250000000000000000e+00 5.000000000000000000e-01
4.500000000000000000e+00 5.000000000000000000e-01
4.750000000000000000e+00 5.000000000000000000e-01
5.000000000000000000e+00 5.000000000000000000e-01
5.250000000000000000e+00 5.000000000000000000e-01
5.500000000000000000e+00 5.000000000000000000e-01
5.750000000000000000e+00 5.000000000000000000e-01
6.000000000000000000e+00 5.000000000000000000e-01
6.250000000000000000e+00 5.000000000000000000e-01
6.500000000000000000e+00 5.000000000000000000e-01
6.750000000000000000e+00 5.000000000000000000e-01
7.000000000000000000e+00 5.000000000000000000e-01
7.250000000000000000e+00 5.000000000000000000e-01
7.500000000000000000e+00 5.000000000000000000e-01
7.750000000000000000e+00 5.000000000000000000e-01
8.000000000000000000e+00 5.000000000000000000e-01
8.250000000000000000e+00 5.000000000000000000e-01
8.500000000000000000e+00 5.000000000000000000e-01
8.750000000000000000e+00 5.000000000000000000e-01
9.000000000000000000e+00 5.000000000000000000e-01
9.250000000000000000e+00 5.000000000000000000e-01
9.500000000000000000e+00 5.000000000000000000e-01
9.750000000000000000e+00 5.000000000000000000e-01
1.000000000000000000e+01 5.000000000000000000e-01
1.025000000000000000e+01 5.000000000000000000e-01
1.050000000000000000e+01 5.000000000000000000e-01
1.075000000000000000e+01 5.000000000000000000e-01
1.100000000000000000e+01 5.000000000000000000e-01
1.125000000000000000e+01 5.000000000000000000e-01
1.150000000000000000e+01 5.000000000000000000e-01
1.175000000000000000e+01 5.000000000000000000e-01
1.200000000000000000e+01 5.000000000000000000e-01
1.225000000000000000e+01 5.000000000000000000e-01
1.250000000000000000e+01 5.000000000000000000e-01
1.275000000000000000e+01 5.000000000000000000e-01
1.300000000000000000e+01 5.000000000000000000e-01
1.325000000000000000e+01 5.000000000000000000e-01
1.350000000000000000e+01 5.000000000000000000e-01
1.375000000000000000e+01 5.000000000000000000e-01
1.400000000000000000e+01 5.000000000000000000e-01
1.425000000000000000e+01 5.000000000000000000e-01
1.450000000000000000e+01 5.000000000000000000e-01
1.475000000000000000e+01 5.000000000000000000e-01
1.500000000000000000e+01 5.000000000000000000e-01
1.525000000000000000e+01 5.000000000000000000e-01
1.550000000000000000e+01 5.000000000000000000e-01
1.575000000000000000e+01 5.000000000000000000e-01
1.600000000000000000e+01 5.000000000000000000e-01
1.625000000000000000e+01 5.000000000000000000e-01
1.650000000000000000e+01 5.000000000000000000e-01
1.675000000000000000e+01 5.000000000000000000e-01
1.700000000000000000e+01 5.000000000000000000e-01
1.725000000000000000e+01 5.000000000000000000e-01
1.750000000000000000e+01 5.000000000000000000e-01
1.775000000000000000e+01 5.000000000000000000e-01
1.800000000000000000e+01 5.000000000000000000e-01
1.825000000000000000e+01 5.000000000000000000e-01
1.850000000000000000e+01 5.000000000000000000e-01
1.875000000000000000e+01 5.000000000000000000e-01
1.900000000000000000e+01 5.000000000000000000e-01
1.925000000000000000e+01 5.000000000000000000e-01
1.950000000000000000e+01 5.000000000000000000e-01
1.975000000000000000e+01 5.000000000000000000e-01
2.000000000000000000e+01 5.000000000000000000e-01
2.025000000000000000e+01 5.000000000000000000e-01
2.050000000000000000e+01 5.000000000000000000e-01
2.075000000000000000e+01 5.000000000000000000e-01
2.100000000000000000e+01 5.000000000000000000e-01
2.125000000000000000e+01 5.000000000000000000e-01
2.150000000000000000e+01 5.000000000000000000e-01
2.175000000000000000e+01 5.000000000000000000e-01
2.200000000000000000e+01 5.000000000000000000e-01
2.225000000000000000e+01 5.000000000000000000e-01
2.250000000000000000e+01 5.000000000000000000e-01
2.275000000000000000e+01 5.000000000000000000e-01
2.300000000000000000e+01 5.000000000000000000e-01
2.325000000000000000e+01 5.000000000000000000e-01
2.350000000000000000e+01 5.000000000000000000e-01
2.375000000000000000e+01 5.000000000000000000e-01
2.400000000000000000e+01 5.000000000000000000e-01
2.425000000000000000e+01 5.000000000000000000e-01
2.450000000000000000e+01 5.000000000000000000e-01
2.475000000000000000e+01 5.000000000000000000e-01
2.500000000000000000e+01 5.000000000000000000e-01
2.525000000000000000e+01 5.000000000000000000e-01
2.550000000000000000e+01 5.000000000000000000e-01
2.575000000000000000e+01 5.000000000000000000e-01
2.600000000000000000e+01 5.000000000000000000e-01
2.625000000000000000e+01 5.000000000000000000e-01
2.650000000000000000e+01 5.000000000000000000e-01
2.675000000000000000e+01 5.000000000000000000e-01
2.700000000000000000e+01 5.000000000000000000e-01
2.725000000000000000e+01 5.000000000000000000e-01
2.750000000000000000e+01 5.000000000000000000e-01
2.775000000000000000e+01 5.000000000000000000e-01
2.800000000000000000e+01 5.000000000000000000e-01
2.825000000000000000e+01 5.000000000000000000e-01
2.850000000000000000e+01 5.000000000000000000e-01
2.875000000000000000e+01 5.000000000000000000e-01
2.900000000000000000e+01 5.000000000000000000e-01
2.925000000000000000e+01 5.000000000000000000e-01
2.950000000000000000e+01 5.000000000000000000e-01
2.975000000000000000e+01 5.000000000000000000e-01
3.000000000000000000e+01 5.000000000000000000e-01
3.025000000000000000e+01 5.000000000000000000e-01
3.050000000000000000e+01 5.000000000000000000e-01
3.075000000000000000e+01 5.000000000000000000e-01
3.100000000000000000e+01 5.000000000000000000e-01
3.125000000000000000e+01 5.000000000000000000e-01
3.150000000000000000e+01 5.000000000000000000e-01
3.175000000000000000e+01 5.000000000000000000e-01
3.200000000000000000e+01 5.423639999999999989e-46
3.225000000000000000e+01 5.119759999999999656e-46
3.250000000000000000e+01 4.836000000000000328e-46
3.275000000000000000e+01 4.560280000000000359e-46
3.300000000000000000e+01 4.300890000000000040e-46
3.325000000000000000e+01 4.066509999999999816e-46
3.350000000000000000e+01 3.852750000000000134e-46
3.375000000000000000e+01 3.650430000000000236e-46
3.400000000000000000e+01 3.465689999999999995e-46
3.425000000000000000e+01 3.287570000000000056e-46
3.450000000000000000e+01 3.107090000000000096e-46
3.475000000000000000e+01 2.952050000000000160e-46
3.500000000000000000e+01 2.800109999999999993e-46
3.525000000000000000e+01 2.664470000000000035e-46
3.550000000000000000e+01 2.542139999999999898e-46
3.575000000000000000e+01 2.422019999999999843e-46
3.600000000000000000e+01 2.326009999999999863e-46
3.625000000000000000e+01 2.236329999999999861e-46
3.650000000000000000e+01 2.154800000000000158e-46
3.675000000000000000e+01 2.077069999999999809e-46
3.700000000000000000e+01 2.003579999999999853e-46
3.725000000000000000e+01 1.937060000000000185e-46
3.750000000000000000e+01 1.874440000000000089e-46
3.775000000000000000e+01 1.815280000000000083e-46
3.800000000000000000e+01 1.756250000000000127e-46
3.825000000000000000e+01 1.700499999999999906e-46
3.850000000000000000e+01 1.650290000000000000e-46
3.875000000000000000e+01 1.604750000000000027e-46
3.900000000000000000e+01 1.560689999999999940e-46
3.925000000000000000e+01 1.520320000000000018e-46
3.950000000000000000e+01 1.481499999999999981e-46
3.975000000000000000e+01 1.446000000000000038e-46
4.000000000000000000e+01 1.410340000000000019e-46
4.025000000000000000e+01 1.376839999999999971e-46
4.050000000000000000e+01 1.343320000000000036e-46
4.075000000000000000e+01 1.313180000000000054e-46
4.100000000000000000e+01 1.284139999999999947e-46
4.125000000000000000e+01 1.257579999999999967e-46
4.150000000000000000e+01 1.231509999999999968e-46
4.175000000000000000e+01 1.205759999999999929e-46
4.200000000000000000e+01 1.181569999999999913e-46
4.225000000000000000e+01 1.158670000000000070e-46
4.250000000000000000e+01 1.135849999999999974e-46
4.275000000000000000e+01 1.113830000000000069e-46
4.300000000000000000e+01 1.092849999999999986e-46
4.325000000000000000e+01 1.072339999999999996e-46
4.350000000000000000e+01 1.052329999999999931e-46
4.375000000000000000e+01 1.033799999999999948e-46
4.400000000000000000e+01 1.015689999999999948e-46
4.425000000000000000e+01 9.984570000000000600e-47
4.450000000000000000e+01 9.819809999999999815e-47
4.475000000000000000e+01 9.659190000000000371e-47
4.500000000000000000e+01 9.509420000000000510e-47
4.525000000000000000e+01 9.361880000000000230e-47
4.550000000000000000e+01 9.218159999999999581e-47
4.575000000000000000e+01 9.083080000000000378e-47
4.600000000000000000e+01 8.949049999999999191e-47
4.625000000000000000e+01 8.816800000000000102e-47
4.650000000000000000e+01 8.696639999999999687e-47
4.675000000000000000e+01 8.577309999999999880e-47
4.700000000000000000e+01 8.457710000000000027e-47
4.725000000000000000e+01 8.344170000000000109e-47
4.750000000000000000e+01 8.236229999999999975e-47
4.775000000000000000e+01 8.128479999999999946e-47
4.800000000000000000e+01 8.024969999999999725e-47
4.825000000000000000e+01 7.922860000000000423e-47
4.850000000000000000e+01 7.823709999999999925e-47
4.875000000000000000e+01 7.726270000000000360e-47
4.900000000000000000e+01 7.633860000000000269e-47
4.925000000000000000e+01 7.544459999999999674e-47
4.950000000000000000e+01 7.455039999999999579e-47
4.975000000000000000e+01 7.366299999999999958e-47
5.000000000000000000e+01 7.284040000000000450e-47
5.025000000000000000e+01 7.203729999999999756e-47
5.050000000000000000e+01 7.124080000000000036e-47
5.075000000000000000e+01 7.047730000000000328e-47
5.100000000000000000e+01 6.970559999999999763e-47
5.125000000000000000e+01 6.892490000000000344e-47
5.150000000000000000e+01 6.818530000000000101e-47
5.175000000000000000e+01 6.747649999999999544e-47
5.200000000000000000e+01 6.676539999999999885e-47
5.225000000000000000e+01 6.606999999999999805e-47
5.250000000000000000e+01 6.539239999999999879e-47
5.275000000000000000e+01 6.473469999999999710e-47
5.300000000000000000e+01 6.409909999999999622e-47
5.325000000000000000e+01 6.345230000000000356e-47
5.350000000000000000e+01 6.284869999999999867e-47
5.375000000000000000e+01 6.225269999999999795e-47
5.400000000000000000e+01 6.166550000000000049e-47
5.425000000000000000e+01 6.108709999999999659e-47
5.450000000000000000e+01 6.050550000000000475e-47
5.475000000000000000e+01 5.993419999999999807e-47
5.500000000000000000e+01 5.937840000000000191e-47
5.525000000000000000e+01 5.882869999999999885e-47
5.550000000000000000e+01 5.829959999999999527e-47
5.575000000000000000e+01 5.778630000000000443e-47
5.600000000000000000e+01 5.726199999999999733e-47
5.625000000000000000e+01 5.674500000000000191e-47
5.650000000000000000e+01 5.625049999999999728e-47
5.675000000000000000e+01 5.576089999999999636e-47
5.700000000000000000e+01 5.529459999999999537e-47
5.725000000000000000e+01 5.482830000000000411e-47
5.750000000000000000e+01 5.437579999999999787e-47
5.775000000000000000e+01 5.394899999999999953e-47
5.800000000000000000e+01 5.356769999999999945e-47
5.825000000000000000e+01 5.329770000000000287e-47
5.850000000000000000e+01 5.318339999999999670e-47
5.875000000000000000e+01 5.329989999999999640e-47
5.900000000000000000e+01 5.357450000000000419e-47
5.925000000000000000e+01 5.406490000000000453e-47
5.950000000000000000e+01 5.452459999999999577e-47
5.975000000000000000e+01 5.455049999999999866e-47
6.000000000000000000e+01 5.442380000000000158e-47
6.025000000000000000e+01 5.372440000000000371e-47
6.050000000000000000e+01 5.275210000000000410e-47
6.075000000000000000e+01 5.147110000000000467e-47
6.100000000000000000e+01 5.022050000000000241e-47
6.125000000000000000e+01 4.919019999999999669e-47
6.150000000000000000e+01 4.834070000000000430e-47
6.175000000000000000e+01 4.767020000000000227e-47
6.200000000000000000e+01 4.719359999999999668e-47
6.225000000000000000e+01 4.678669999999999591e-47
6.250000000000000000e+01 4.642570000000000283e-47
6.275000000000000000e+01 4.607599999999999903e-47
6.300000000000000000e+01 4.574340000000000458e-47
6.325000000000000000e+01 4.541939999999999896e-47
6.350000000000000000e+01 4.510360000000000192e-47
6.375000000000000000e+01 4.478149999999999734e-47
6.400000000000000000e+01 4.447779999999999872e-47
6.425000000000000000e+01 4.418250000000000367e-47
6.450000000000000000e+01 4.388419999999999624e-47
6.475000000000000000e+01 4.359180000000000149e-47
6.500000000000000000e+01 4.329630000000000172e-47
6.525000000000000000e+01 4.302069999999999953e-47
6.550000000000000000e+01 4.273600000000000157e-47
6.575000000000000000e+01 4.245229999999999802e-47
6.600000000000000000e+01 4.218130000000000217e-47
6.625000000000000000e+01 4.191540000000000016e-47
6.650000000000000000e+01 4.165070000000000213e-47
6.675000000000000000e+01 4.137899999999999950e-47
6.700000000000000000e+01 4.111749999999999913e-47
6.725000000000000000e+01 4.086020000000000053e-47
6.750000000000000000e+01 4.061900000000000229e-47
6.775000000000000000e+01 4.036889999999999842e-47
6.800000000000000000e+01 4.012229999999999928e-47
6.825000000000000000e+01 3.987900000000000015e-47
6.850000000000000000e+01 3.963969999999999809e-47
6.875000000000000000e+01 3.940080000000000059e-47
6.900000000000000000e+01 3.917019999999999945e-47
6.925000000000000000e+01 3.894570000000000112e-47
6.950000000000000000e+01 3.872849999999999988e-47
6.975000000000000000e+01 3.850930000000000010e-47
7.000000000000000000e+01 3.829650000000000049e-47
7.025000000000000000e+01 3.808549999999999956e-47
7.050000000000000000e+01 3.787289999999999981e-47
7.075000000000000000e+01 3.766060000000000227e-47
7.100000000000000000e+01 3.745609999999999901e-47
7.125000000000000000e+01 3.725539999999999782e-47
7.150000000000000000e+01 3.705479999999999900e-47
7.175000000000000000e+01 3.685559999999999914e-47
7.200000000000000000e+01 3.666189999999999769e-47
7.225000000000000000e+01 3.646860000000000081e-47
7.250000000000000000e+01 3.627580000000000113e-47
7.275000000000000000e+01 3.608690000000000102e-47
7.300000000000000000e+01 3.590210000000000034e-47
7.325000000000000000e+01 3.572299999999999791e-47
7.350000000000000000e+01 3.554410000000000019e-47
7.375000000000000000e+01 3.536430000000000071e-47
7.400000000000000000e+01 3.519289999999999993e-47
7.425000000000000000e+01 3.501440000000000192e-47
7.450000000000000000e+01 3.484360000000000070e-47
7.475000000000000000e+01 3.467140000000000050e-47
7.500000000000000000e+01 3.451290000000000242e-47
7.525000000000000000e+01 3.434669999999999783e-47
7.550000000000000000e+01 3.418330000000000091e-47
7.575000000000000000e+01 3.402669999999999901e-47
7.600000000000000000e+01 3.387449999999999874e-47
7.625000000000000000e+01 3.372069999999999964e-47
7.650000000000000000e+01 3.357290000000000101e-47
7.675000000000000000e+01 3.342750000000000062e-47
7.700000000000000000e+01 3.327829999999999816e-47
7.725000000000000000e+01 3.313539999999999837e-47
7.750000000000000000e+01 3.299289999999999828e-47
7.775000000000000000e+01 3.284899999999999922e-47
7.800000000000000000e+01 3.271229999999999975e-47
7.825000000000000000e+01 3.257420000000000130e-47
7.850000000000000000e+01 3.244269999999999802e-47
7.875000000000000000e+01 3.231119999999999959e-47
7.900000000000000000e+01 3.217580000000000160e-47
7.925000000000000000e+01 3.204810000000000039e-47
7.950000000000000000e+01 3.191620000000000226e-47
7.975000000000000000e+01 3.178830000000000120e-47
8.000000000000000000e+01 3.166790000000000193e-47
8.025000000000000000e+01 3.154740000000000031e-47
8.050000000000000000e+01 3.142359999999999867e-47
8.075000000000000000e+01 3.130459999999999838e-47
8.100000000000000000e+01 3.118499999999999853e-47
8.125000000000000000e+01 3.107259999999999826e-47
8.150000000000000000e+01 3.095950000000000093e-47
8.175000000000000000e+01 3.085159999999999980e-47
8.200000000000000000e+01 3.073780000000000056e-47
8.225000000000000000e+01 3.062839999999999809e-47
8.250000000000000000e+01 3.051979999999999990e-47
8.275000000000000000e+01 3.041499999999999892e-47
8.300000000000000000e+01 3.031070000000000001e-47
8.325000000000000000e+01 3.020620000000000125e-47
8.350000000000000000e+01 3.010160000000000012e-47
8.375000000000000000e+01 3.000330000000000167e-47
8.400000000000000000e+01 2.990629999999999984e-47
8.425000000000000000e+01 2.980689999999999977e-47
8.450000000000000000e+01 2.971090000000000207e-47
8.475000000000000000e+01 2.961509999999999936e-47
8.500000000000000000e+01 2.952490000000000226e-47
8.525000000000000000e+01 2.943580000000000194e-47
8.550000000000000000e+01 2.934790000000000073e-47
8.575000000000000000e+01 2.926239999999999776e-47
8.600000000000000000e+01 2.917300000000000008e-47
8.625000000000000000e+01 2.908759999999999947e-47
8.650000000000000000e+01 2.900379999999999769e-47
8.675000000000000000e+01 2.891860000000000179e-47
8.700000000000000000e+01 2.883510000000000222e-47
8.725000000000000000e+01 2.875110000000000058e-47
8.750000000000000000e+01 2.866899999999999999e-47
8.775000000000000000e+01 2.859219999999999793e-47
8.800000000000000000e+01 2.851509999999999853e-47
8.825000000000000000e+01 2.843810000000000149e-47
8.850000000000000000e+01 2.836300000000000062e-47
8.875000000000000000e+01 2.828780000000000226e-47
8.900000000000000000e+01 2.821469999999999993e-47
8.925000000000000000e+01 2.814030000000000098e-47
8.950000000000000000e+01 2.806909999999999969e-47
8.975000000000000000e+01 2.799849999999999795e-47
9.000000000000000000e+01 2.793160000000000080e-47
9.025000000000000000e+01 2.786650000000000233e-47
9.050000000000000000e+01 2.780119999999999914e-47
9.075000000000000000e+01 2.773390000000000228e-47
9.100000000000000000e+01 2.766870000000000145e-47
9.125000000000000000e+01 2.761050000000000035e-47
9.150000000000000000e+01 2.754640000000000114e-47
9.175000000000000000e+01 2.748359999999999855e-47
9.200000000000000000e+01 2.742299999999999921e-47
9.225000000000000000e+01 2.736180000000000031e-47
9.250000000000000000e+01 2.730069999999999891e-47
9.275000000000000000e+01 2.724419999999999900e-47
9.300000000000000000e+01 2.718539999999999834e-47
9.325000000000000000e+01 2.712700000000000225e-47
9.350000000000000000e+01 2.707259999999999836e-47
9.375000000000000000e+01 2.702100000000000215e-47
9.400000000000000000e+01 2.696690000000000048e-47
9.425000000000000000e+01 2.691119999999999997e-47
9.450000000000000000e+01 2.685649999999999874e-47
9.475000000000000000e+01 2.680449999999999796e-47
9.500000000000000000e+01 2.675450000000000057e-47
9.525000000000000000e+01 2.670549999999999759e-47
9.550000000000000000e+01 2.665620000000000213e-47
9.575000000000000000e+01 2.660429999999999884e-47
9.600000000000000000e+01 2.655490000000000102e-47
9.625000000000000000e+01 2.650600000000000039e-47
9.650000000000000000e+01 2.645840000000000125e-47
9.675000000000000000e+01 2.640919999999999841e-47
9.700000000000000000e+01 2.636629999999999826e-47
9.725000000000000000e+01 2.632179999999999927e-47
9.750000000000000000e+01 2.627750000000000014e-47
9.775000000000000000e+01 2.623619999999999881e-47
9.800000000000000000e+01 2.619389999999999821e-47
9.825000000000000000e+01 2.615300000000000145e-47
9.850000000000000000e+01 2.611189999999999997e-47
9.875000000000000000e+01 2.606849999999999775e-47
9.900000000000000000e+01 2.602609999999999965e-47
9.925000000000000000e+01 2.598740000000000128e-47
9.950000000000000000e+01 2.594860000000000054e-47
9.975000000000000000e+01 2.590829999999999848e-47
1.000000000000000000e+02 2.587270000000000026e-47
1.002500000000000000e+02 2.583500000000000116e-47
1.005000000000000000e+02 2.579529999999999865e-47
1.007500000000000000e+02 2.576189999999999882e-47
1.010000000000000000e+02 2.572399999999999986e-47
1.012500000000000000e+02 2.568889999999999885e-47
1.015000000000000000e+02 2.565379999999999783e-47
1.017500000000000000e+02 2.562070000000000022e-47
1.020000000000000000e+02 2.558789999999999995e-47
1.022500000000000000e+02 2.555459999999999761e-47
1.025000000000000000e+02 2.552240000000000177e-47
1.027500000000000000e+02 2.549179999999999989e-47
1.030000000000000000e+02 2.546010000000000124e-47
1.032500000000000000e+02 2.543210000000000232e-47
1.035000000000000000e+02 2.540220000000000236e-47
1.037500000000000000e+02 2.537100000000000091e-47
1.040000000000000000e+02 2.534560000000000008e-47
1.042500000000000000e+02 2.531660000000000189e-47
1.045000000000000000e+02 2.528730000000000149e-47
1.047500000000000000e+02 2.525909999999999785e-47
1.050000000000000000e+02 2.523180000000000084e-47
1.052500000000000000e+02 2.520360000000000206e-47
1.055000000000000000e+02 2.517769999999999917e-47
1.057500000000000000e+02 2.514899999999999833e-47
1.060000000000000000e+02 2.512259999999999823e-47
1.062500000000000000e+02 2.509610000000000064e-47
1.065000000000000000e+02 2.507140000000000172e-47
1.067500000000000000e+02 2.504359999999999779e-47
1.070000000000000000e+02 2.502079999999999992e-47
1.072500000000000000e+02 2.499490000000000188e-47
1.075000000000000000e+02 2.497340000000000062e-47
1.077500000000000000e+02 2.495109999999999995e-47
1.080000000000000000e+02 2.492839999999999957e-47
1.082500000000000000e+02 2.490740000000000038e-47
1.085000000000000000e+02 2.488720000000000060e-47
1.087500000000000000e+02 2.486500000000000229e-47
1.090000000000000000e+02 2.484199999999999970e-47
1.092500000000000000e+02 2.482270000000000169e-47
1.095000000000000000e+02 2.479940000000000175e-47
1.097500000000000000e+02 2.478370000000000110e-47
1.100000000000000000e+02 2.476169999999999778e-47
1.102500000000000000e+02 2.474390000000000110e-47
1.105000000000000000e+02 2.472410000000000103e-47
1.107500000000000000e+02 2.470510000000000037e-47
1.110000000000000000e+02 2.468970000000000193e-47
1.112500000000000000e+02 2.467329999999999937e-47
1.115000000000000000e+02 2.465099999999999870e-47
1.117500000000000000e+02 2.463520000000000055e-47
1.120000000000000000e+02 2.461799999999999857e-47
1.122500000000000000e+02 2.460109999999999881e-47
1.125000000000000000e+02 2.458370000000000184e-47
1.127500000000000000e+02 2.456729999999999927e-47
1.130000000000000000e+02 2.455050000000000186e-47
1.132500000000000000e+02 2.453600000000000033e-47
1.135000000000000000e+02 2.451950000000000027e-47
1.137500000000000000e+02 2.450479999999999889e-47
1.140000000000000000e+02 2.449139999999999899e-47
1.142500000000000000e+02 2.447739999999999953e-47
1.145000000000000000e+02 2.446370000000000228e-47
1.147500000000000000e+02 2.445059999999999972e-47
1.150000000000000000e+02 2.443629999999999805e-47
1.152500000000000000e+02 2.442419999999999963e-47
1.155000000000000000e+02 2.441159999999999914e-47
1.157500000000000000e+02 2.439629999999999820e-47
1.160000000000000000e+02 2.438590000000000096e-47
1.162500000000000000e+02 2.437279999999999841e-47
1.165000000000000000e+02 2.436269999999999852e-47
1.167500000000000000e+02 2.435150000000000186e-47
1.170000000000000000e+02 2.433910000000000123e-47
1.172500000000000000e+02 2.432750000000000001e-47
1.175000000000000000e+02 2.431629999999999849e-47
1.177500000000000000e+02 2.430409999999999771e-47
1.180000000000000000e+02 2.429310000000000091e-47
1.182500000000000000e+02 2.428209999999999925e-47
1.185000000000000000e+02 2.427310000000000098e-47
1.187500000000000000e+02 2.426400000000000036e-47
1.190000000000000000e+02 2.425520000000000195e-47
1.192500000000000000e+02 2.424470000000000235e-47
1.195000000000000000e+02 2.423749999999999791e-47
1.197500000000000000e+02 2.422869999999999949e-47
1.200000000000000000e+02 2.422090000000000035e-47
1.202500000000000000e+02 2.421359999999999841e-47
1.205000000000000000e+02 2.420639999999999882e-47
1.207500000000000000e+02 2.419959999999999894e-47
1.210000000000000000e+02 2.419439999999999789e-47
1.212500000000000000e+02 2.418619999999999904e-47
1.215000000000000000e+02 2.417809999999999769e-47
1.217500000000000000e+02 2.417120000000000031e-47
1.220000000000000000e+02 2.416409999999999822e-47
1.222500000000000000e+02 2.416150000000000013e-47
1.225000000000000000e+02 2.415589999999999937e-47
1.227500000000000000e+02 2.414909999999999949e-47
1.230000000000000000e+02 2.414380000000000095e-47
1.232500000000000000e+02 2.413939999999999931e-47
1.235000000000000000e+02 2.413160000000000017e-47
1.237500000000000000e+02 2.412460000000000043e-47
1.240000000000000000e+02 2.411999999999999894e-47
1.242500000000000000e+02 2.411700000000000114e-47
1.245000000000000000e+02 2.411629999999999923e-47
1.247500000000000000e+02 2.411310000000000157e-47
1.250000000000000000e+02 2.410940000000000185e-47
1.252500000000000000e+02 2.410550000000000228e-47
1.255000000000000000e+02 2.410320000000000153e-47
1.257500000000000000e+02 2.410099999999999829e-47
1.260000000000000000e+02 2.409919999999999960e-47
1.262500000000000000e+02 2.409629999999999930e-47
1.265000000000000000e+02 2.409450000000000062e-47
1.267500000000000000e+02 2.409350000000000135e-47
1.270000000000000000e+02 2.409379999999999870e-47
1.272500000000000000e+02 2.409149999999999796e-47
1.275000000000000000e+02 2.408799999999999809e-47
1.277500000000000000e+02 2.408639999999999926e-47
1.280000000000000000e+02 2.408710000000000118e-47
1.282500000000000000e+02 2.408630000000000177e-47
1.285000000000000000e+02 2.408429999999999837e-47
1.287500000000000000e+02 2.408300000000000175e-47
1.290000000000000000e+02 2.408110000000000072e-47
1.292500000000000000e+02 2.408050000000000116e-47
1.295000000000000000e+02 2.407910000000000218e-47
1.297500000000000000e+02 2.408059999999999865e-47
1.300000000000000000e+02 2.408099999999999836e-47
1.302500000000000000e+02 2.408190000000000013e-47
1.305000000000000000e+02 2.408139999999999807e-47
1.307500000000000000e+02 2.407959999999999938e-47
1.310000000000000000e+02 2.407979999999999924e-47
1.312500000000000000e+02 2.407860000000000012e-47
1.315000000000000000e+02 2.408090000000000086e-47
1.317500000000000000e+02 2.407869999999999761e-47
1.320000000000000000e+02 2.407990000000000160e-47
1.322500000000000000e+02 2.408119999999999821e-47
1.325000000000000000e+02 2.408349999999999896e-47
1.327500000000000000e+02 2.408249999999999969e-47
1.330000000000000000e+02 2.408130000000000057e-47
1.332500000000000000e+02 2.408440000000000073e-47
1.335000000000000000e+02 2.408500000000000029e-47
1.337500000000000000e+02 2.408570000000000221e-47
1.340000000000000000e+02 2.408639999999999926e-47
1.342500000000000000e+02 2.408599999999999956e-47
1.345000000000000000e+02 2.408850000000000015e-47
1.347500000000000000e+02 2.408920000000000207e-47
1.350000000000000000e+02 2.409020000000000134e-47
1.352500000000000000e+02 2.409299999999999929e-47
1.355000000000000000e+02 2.409649999999999915e-47
1.357500000000000000e+02 2.409709999999999871e-47
1.360000000000000000e+02 2.409950000000000182e-47
1.362500000000000000e+02 2.409919999999999960e-47
1.365000000000000000e+02 2.410110000000000064e-47
1.367500000000000000e+02 2.410130000000000050e-47
1.370000000000000000e+02 2.410309999999999918e-47
1.372500000000000000e+02 2.410159999999999785e-47
1.375000000000000000e+02 2.410429999999999830e-47
1.377500000000000000e+02 2.410480000000000036e-47
1.380000000000000000e+02 2.410819999999999787e-47
1.382500000000000000e+02 2.411020000000000127e-47
1.385000000000000000e+02 2.411219999999999980e-47
1.387500000000000000e+02 2.411470000000000040e-47
1.390000000000000000e+02 2.411649999999999908e-47
1.392500000000000000e+02 2.411829999999999776e-47
1.395000000000000000e+02 2.411879999999999982e-47
1.397500000000000000e+02 2.412139999999999792e-47
1.400000000000000000e+02 2.412469999999999793e-47
1.402500000000000000e+02 2.412559999999999970e-47
1.405000000000000000e+02 2.412699999999999868e-47
1.407500000000000000e+02 2.412839999999999765e-47
1.410000000000000000e+02 2.413140000000000031e-47
1.412500000000000000e+02 2.413459999999999797e-47
1.415000000000000000e+02 2.413740000000000078e-47
1.417500000000000000e+02 2.413999999999999887e-47
1.420000000000000000e+02 2.414159999999999770e-47
1.422500000000000000e+02 2.414500000000000007e-47
1.425000000000000000e+02 2.414619999999999919e-47
1.427500000000000000e+02 2.414710000000000096e-47
1.430000000000000000e+02 2.414839999999999758e-47
1.432500000000000000e+02 2.415199999999999980e-47
1.435000000000000000e+02 2.415410000000000069e-47
1.437500000000000000e+02 2.415749999999999820e-47
1.440000000000000000e+02 2.416019999999999865e-47
1.442500000000000000e+02 2.416070000000000072e-47
1.445000000000000000e+02 2.416189999999999984e-47
1.447500000000000000e+02 2.416650000000000133e-47
1.450000000000000000e+02 2.416810000000000015e-47
1.452500000000000000e+02 2.417040000000000090e-47
1.455000000000000000e+02 2.417310000000000135e-47
1.457500000000000000e+02 2.417609999999999915e-47
1.460000000000000000e+02 2.417780000000000034e-47
1.462500000000000000e+02 2.417959999999999902e-47
1.465000000000000000e+02 2.418059999999999828e-47
1.467500000000000000e+02 2.418260000000000168e-47
1.470000000000000000e+02 2.418650000000000125e-47
1.472500000000000000e+02 2.418730000000000067e-47
1.475000000000000000e+02 2.419140000000000009e-47
1.477500000000000000e+02 2.419370000000000084e-47
1.480000000000000000e+02 2.419649999999999879e-47
1.482500000000000000e+02 2.419800000000000012e-47
1.485000000000000000e+02 2.419640000000000129e-47
1.487500000000000000e+02 2.419839999999999982e-47
1.490000000000000000e+02 2.419839999999999982e-47
1.492500000000000000e+02 2.419979999999999880e-47
1.495000000000000000e+02 2.420139999999999762e-47
1.497500000000000000e+02 2.420510000000000221e-47
1.500000000000000000e+02 2.420579999999999926e-47
1.502500000000000000e+02 2.420889999999999942e-47
1.505000000000000000e+02 2.420849999999999971e-47
1.507500000000000000e+02 2.421000000000000104e-47
1.510000000000000000e+02 2.420900000000000178e-47
1.512500000000000000e+02 2.420889999999999942e-47
1.515000000000000000e+02 2.421029999999999839e-47
1.517500000000000000e+02 2.420820000000000236e-47
1.520000000000000000e+02 2.420610000000000147e-47
1.522500000000000000e+02 2.420699999999999838e-47
1.525000000000000000e+02 2.420469999999999764e-47
1.527500000000000000e+02 2.420659999999999868e-47
1.530000000000000000e+02 2.420559999999999941e-47
1.532500000000000000e+02 2.420550000000000191e-47
1.535000000000000000e+02 2.420710000000000074e-47
1.537500000000000000e+02 2.420440000000000029e-47
1.540000000000000000e+02 2.420429999999999793e-47
1.542500000000000000e+02 2.419999999999999865e-47
1.545000000000000000e+02 2.419740000000000056e-47
1.547500000000000000e+02 2.419560000000000188e-47
1.550000000000000000e+02 2.419210000000000201e-47
1.552500000000000000e+02 2.419170000000000230e-47
1.555000000000000000e+02 2.418980000000000126e-47
1.557500000000000000e+02 2.418799999999999772e-47
1.560000000000000000e+02 2.418539999999999963e-47
1.562500000000000000e+02 2.418249999999999932e-47
1.565000000000000000e+02 2.417970000000000137e-47
1.567500000000000000e+02 2.417509999999999988e-47
1.570000000000000000e+02 2.417250000000000179e-47
1.572500000000000000e+02 2.416989999999999883e-47
1.575000000000000000e+02 2.416770000000000045e-47
1.577500000000000000e+02 2.416380000000000087e-47
1.580000000000000000e+02 2.416150000000000013e-47
1.582500000000000000e+02 2.415760000000000056e-47
1.585000000000000000e+02 2.415439999999999804e-47
1.587500000000000000e+02 2.414909999999999949e-47
1.590000000000000000e+02 2.414309999999999903e-47
1.592500000000000000e+02 2.413640000000000151e-47
1.595000000000000000e+02 2.413040000000000105e-47
1.597500000000000000e+02 2.412369999999999866e-47
1.600000000000000000e+02 2.411540000000000232e-47
1.602500000000000000e+02 2.410850000000000008e-47
1.605000000000000000e+02 2.410320000000000153e-47
1.607500000000000000e+02 2.409919999999999960e-47
1.610000000000000000e+02 2.409379999999999870e-47
1.612500000000000000e+02 2.408779999999999824e-47
1.615000000000000000e+02 2.408090000000000086e-47
1.617500000000000000e+02 2.407769999999999835e-47
1.620000000000000000e+02 2.407219999999999995e-47
1.622500000000000000e+02 2.406420000000000095e-47
1.625000000000000000e+02 2.406039999999999887e-47
1.627500000000000000e+02 2.405160000000000046e-47
1.630000000000000000e+02 2.404389999999999881e-47
1.632500000000000000e+02 2.403669999999999923e-47
1.635000000000000000e+02 2.403069999999999876e-47
1.637500000000000000e+02 2.402329999999999932e-47
1.640000000000000000e+02 2.401410000000000121e-47
1.642500000000000000e+02 2.400630000000000206e-47
1.645000000000000000e+02 2.399749999999999879e-47
1.647500000000000000e+02 2.398739999999999890e-47
1.650000000000000000e+02 2.397860000000000048e-47
1.652500000000000000e+02 2.397149999999999840e-47
1.655000000000000000e+02 2.396210000000000042e-47
1.657500000000000000e+02 2.395330000000000201e-47
1.660000000000000000e+02 2.394369999999999932e-47
1.662500000000000000e+02 2.393470000000000106e-47
1.665000000000000000e+02 2.392799999999999868e-47
1.667500000000000000e+02 2.391479999999999863e-47
1.670000000000000000e+02 2.390360000000000198e-47
1.672500000000000000e+02 2.389490000000000106e-47
1.675000000000000000e+02 2.388199999999999836e-47
1.677500000000000000e+02 2.387149999999999876e-47
1.680000000000000000e+02 2.385869999999999842e-47
1.682500000000000000e+02 2.384719999999999956e-47
1.685000000000000000e+02 2.383740000000000188e-47
1.687500000000000000e+02 2.382529999999999859e-47
1.690000000000000000e+02 2.381559999999999841e-47
1.692500000000000000e+02 2.380110000000000174e-47
1.695000000000000000e+02 2.378919999999999831e-47
1.697500000000000000e+02 2.377889999999999857e-47
1.700000000000000000e+02 2.376819999999999912e-47
1.702500000000000000e+02 2.375670000000000025e-47
1.705000000000000000e+02 2.374509999999999903e-47
1.707500000000000000e+02 2.373340000000000032e-47
1.710000000000000000e+02 2.372099999999999968e-47
1.712500000000000000e+02 2.370990000000000052e-47
1.715000000000000000e+02 2.369459999999999958e-47
1.717500000000000000e+02 2.368090000000000233e-47
1.720000000000000000e+02 2.366740000000000007e-47
1.722500000000000000e+02 2.365090000000000001e-47
1.725000000000000000e+02 2.363389999999999789e-47
1.727500000000000000e+02 2.361940000000000122e-47
1.730000000000000000e+02 2.360540000000000176e-47
1.732500000000000000e+02 2.358990000000000096e-47
1.735000000000000000e+02 2.357659999999999856e-47
1.737500000000000000e+02 2.356339999999999851e-47
1.740000000000000000e+02 2.354600000000000154e-47
1.742500000000000000e+02 2.353249999999999928e-47
1.745000000000000000e+02 2.351590000000000172e-47
1.747500000000000000e+02 2.349840000000000239e-47
1.750000000000000000e+02 2.348060000000000085e-47
1.752500000000000000e+02 2.346379999999999858e-47
1.755000000000000000e+02 2.344700000000000117e-47
1.757500000000000000e+02 2.343039999999999875e-47
1.760000000000000000e+02 2.341289999999999943e-47
1.762500000000000000e+02 2.339549999999999759e-47
1.765000000000000000e+02 2.337790000000000077e-47
1.767500000000000000e+02 2.335940000000000217e-47
1.770000000000000000e+02 2.334069999999999886e-47
1.772500000000000000e+02 2.332049999999999908e-47
1.775000000000000000e+02 2.330100000000000122e-47
1.777500000000000000e+02 2.328209999999999806e-47
1.780000000000000000e+02 2.326390000000000167e-47
1.782500000000000000e+02 2.324590000000000028e-47
1.785000000000000000e+02 2.322740000000000169e-47
1.787500000000000000e+02 2.320860000000000088e-47
1.790000000000000000e+02 2.318960000000000022e-47
1.792500000000000000e+02 2.316880000000000088e-47
1.795000000000000000e+02 2.314889999999999845e-47
1.797500000000000000e+02 2.312800000000000161e-47
1.800000000000000000e+02 2.310820000000000154e-47
1.802500000000000000e+02 2.308610000000000072e-47
1.805000000000000000e+02 2.306269999999999843e-47
1.807500000000000000e+02 2.304280000000000086e-47
1.810000000000000000e+02 2.301990000000000063e-47
1.812500000000000000e+02 2.299480000000000201e-47
1.815000000000000000e+02 2.297049999999999794e-47
1.817500000000000000e+02 2.294880000000000169e-47
1.820000000000000000e+02 2.292559999999999925e-47
1.822500000000000000e+02 2.289979999999999871e-47
1.825000000000000000e+02 2.287689999999999848e-47
1.827500000000000000e+02 2.285410000000000060e-47
1.830000000000000000e+02 2.283259999999999934e-47
1.832500000000000000e+02 2.280690000000000117e-47
1.835000000000000000e+02 2.278179999999999768e-47
1.837500000000000000e+02 2.275530000000000009e-47
1.840000000000000000e+02 2.273089999999999853e-47
1.842500000000000000e+02 2.270460000000000079e-47
1.845000000000000000e+02 2.267660000000000186e-47
1.847500000000000000e+02 2.264730000000000146e-47
1.850000000000000000e+02 2.262110000000000122e-47
1.852500000000000000e+02 2.259080000000000155e-47
1.855000000000000000e+02 2.256349999999999968e-47
1.857500000000000000e+02 2.253570000000000061e-47
1.860000000000000000e+02 2.250690000000000227e-47
1.862500000000000000e+02 2.247889999999999848e-47
1.865000000000000000e+02 2.245060000000000221e-47
1.867500000000000000e+02 2.242299999999999813e-47
1.870000000000000000e+02 2.239610000000000083e-47
1.872500000000000000e+02 2.236440000000000218e-47
1.875000000000000000e+02 2.233369999999999794e-47
1.877500000000000000e+02 2.230629999999999858e-47
1.880000000000000000e+02 2.227639999999999862e-47
1.882500000000000000e+02 2.224439999999999776e-47
1.885000000000000000e+02 2.221220000000000191e-47
1.887500000000000000e+02 2.217889999999999958e-47
1.890000000000000000e+02 2.214689999999999873e-47
1.892500000000000000e+02 2.211550000000000229e-47
1.895000000000000000e+02 2.208290000000000188e-47
1.897500000000000000e+02 2.205050000000000132e-47
1.900000000000000000e+02 2.201799999999999840e-47
1.902500000000000000e+02 2.198310000000000210e-47
1.905000000000000000e+02 2.194729999999999917e-47
1.907500000000000000e+02 2.191300000000000243e-47
1.910000000000000000e+02 2.188089999999999922e-47
1.912500000000000000e+02 2.184550000000000085e-47
1.915000000000000000e+02 2.180900000000000087e-47
1.917500000000000000e+02 2.177370000000000000e-47
1.920000000000000000e+02 2.173910000000000105e-47
1.922500000000000000e+02 2.170469999999999952e-47
1.925000000000000000e+02 2.166839999999999939e-47
1.927500000000000000e+02 2.163320000000000088e-47
1.930000000000000000e+02 2.159869999999999943e-47
1.932500000000000000e+02 2.155969999999999884e-47
1.935000000000000000e+02 2.152360000000000099e-47
1.937500000000000000e+02 2.148830000000000012e-47
1.940000000000000000e+02 2.145009999999999895e-47
1.942500000000000000e+02 2.141490000000000044e-47
1.945000000000000000e+02 2.137740000000000119e-47
1.947500000000000000e+02 2.133770000000000111e-47
1.950000000000000000e+02 2.129910000000000024e-47
1.952500000000000000e+02 2.126119999999999884e-47
1.955000000000000000e+02 2.122270000000000032e-47
1.957500000000000000e+02 2.118550000000000085e-47
1.960000000000000000e+02 2.114449999999999930e-47
1.962500000000000000e+02 2.110479999999999922e-47
1.965000000000000000e+02 2.106549999999999886e-47
1.967500000000000000e+02 2.102620000000000092e-47
1.970000000000000000e+02 2.098660000000000078e-47
1.972500000000000000e+02 2.094549999999999930e-47
1.975000000000000000e+02 2.090470000000000003e-47
1.977500000000000000e+02 2.086340000000000113e-47
1.980000000000000000e+02 2.082239999999999958e-47
1.982500000000000000e+02 2.078150000000000039e-47
1.985000000000000000e+02 2.074090000000000097e-47
1.987500000000000000e+02 2.069959999999999964e-47
1.990000000000000000e+02 2.065719999999999912e-47
1.992500000000000000e+02 2.061709999999999934e-47
1.995000000000000000e+02 2.057449999999999896e-47
1.997500000000000000e+02 2.052990000000000005e-47
2.000000000000000000e+02 2.048530000000000113e-47
2.002500000000000000e+02 2.044290000000000061e-47
2.005000000000000000e+02 2.039859999999999904e-47
2.007500000000000000e+02 2.035640000000000080e-47
2.010000000000000000e+02 2.031469999999999977e-47
2.012500000000000000e+02 2.026980000000000107e-47
2.015000000000000000e+02 2.022390000000000068e-47
2.017500000000000000e+02 2.017619999999999918e-47
2.020000000000000000e+02 2.013090000000000078e-47
2.022500000000000000e+02 2.008369999999999891e-47
2.025000000000000000e+02 2.003890000000000015e-47
2.027500000000000000e+02 1.999110000000000115e-47
2.030000000000000000e+02 1.994319999999999979e-47
2.032500000000000000e+02 1.989769999999999911e-47
2.035000000000000000e+02 1.985379999999999968e-47
2.037500000000000000e+02 1.980900000000000092e-47
2.040000000000000000e+02 1.976199999999999890e-47
2.042500000000000000e+02 1.971370000000000027e-47
2.045000000000000000e+02 1.966730000000000025e-47
2.047500000000000000e+02 1.962139999999999986e-47
2.050000000000000000e+02 1.957330000000000108e-47
2.052500000000000000e+02 1.952500000000000002e-47
2.055000000000000000e+02 1.947879999999999985e-47
2.057500000000000000e+02 1.942870000000000010e-47
2.060000000000000000e+02 1.938100000000000103e-47
2.062500000000000000e+02 1.933240000000000019e-47
2.065000000000000000e+02 1.928299999999999993e-47
2.067500000000000000e+02 1.923119999999999900e-47
2.070000000000000000e+02 1.918240000000000074e-47
2.072500000000000000e+02 1.913330000000000026e-47
2.075000000000000000e+02 1.908469999999999942e-47
2.077500000000000000e+02 1.903390000000000019e-47
2.080000000000000000e+02 1.898410000000000023e-47
2.082500000000000000e+02 1.893440000000000019e-47
2.085000000000000000e+02 1.888390000000000074e-47
2.087500000000000000e+02 1.883380000000000100e-47
2.090000000000000000e+02 1.878299999999999934e-47
2.092500000000000000e+02 1.873120000000000084e-47
2.095000000000000000e+02 1.867890000000000028e-47
2.097500000000000000e+02 1.862520000000000074e-47
2.100000000000000000e+02 1.857220000000000070e-47
2.102500000000000000e+02 1.852119999999999918e-47
2.105000000000000000e+02 1.846690000000000009e-47
2.107500000000000000e+02 1.841439999999999967e-47
2.110000000000000000e+02 1.836099999999999991e-47
2.112500000000000000e+02 1.830650000000000097e-47
2.115000000000000000e+02 1.825279999999999900e-47
2.117500000000000000e+02 1.819609999999999923e-47
2.120000000000000000e+02 1.814190000000000006e-47
2.122500000000000000e+02 1.808899999999999994e-47
2.125000000000000000e+02 1.803200000000000039e-47
2.127500000000000000e+02 1.797779999999999879e-47
2.130000000000000000e+02 1.792150000000000116e-47
2.132500000000000000e+02 1.786620000000000037e-47
2.135000000000000000e+02 1.781149999999999914e-47
2.137500000000000000e+02 1.775710000000000011e-47
2.140000000000000000e+02 1.770089999999999998e-47
2.142500000000000000e+02 1.764300000000000109e-47
2.145000000000000000e+02 1.758810000000000001e-47
2.147500000000000000e+02 1.753289999999999914e-47
2.150000000000000000e+02 1.747760000000000078e-47
2.152500000000000000e+02 1.742200000000000020e-47
2.155000000000000000e+02 1.736860000000000045e-47
2.157500000000000000e+02 1.731079999999999906e-47
2.160000000000000000e+02 1.725399999999999936e-47
2.162500000000000000e+02 1.719759999999999937e-47
2.165000000000000000e+02 1.714000000000000027e-47
2.167500000000000000e+02 1.708350000000000035e-47
2.170000000000000000e+02 1.702700000000000044e-47
2.172500000000000000e+02 1.696809999999999985e-47
2.175000000000000000e+02 1.691000000000000111e-47
2.177500000000000000e+02 1.685209999999999979e-47
2.180000000000000000e+02 1.679500000000000032e-47
2.182500000000000000e+02 1.673820000000000062e-47
2.185000000000000000e+02 1.667810000000000092e-47
2.187500000000000000e+02 1.661910000000000040e-47
2.190000000000000000e+02 1.656149999999999887e-47
2.192500000000000000e+02 1.650270000000000064e-47
2.195000000000000000e+02 1.644560000000000116e-47
2.197500000000000000e+02 1.638660000000000065e-47
2.200000000000000000e+02 1.632779999999999999e-47
2.202500000000000000e+02 1.627000000000000103e-47
2.205000000000000000e+02 1.621100000000000052e-47
2.207500000000000000e+02 1.615070000000000096e-47
2.210000000000000000e+02 1.609180000000000037e-47
2.212500000000000000e+02 1.603160000000000074e-47
2.215000000000000000e+02 1.597180000000000081e-47
2.217500000000000000e+02 1.591449999999999905e-47
2.220000000000000000e+02 1.585600000000000061e-47
2.222500000000000000e+02 1.579650000000000046e-47
2.225000000000000000e+02 1.573920000000000113e-47
2.227500000000000000e+02 1.568239999999999901e-47
2.230000000000000000e+02 1.562360000000000078e-47
2.232500000000000000e+02 1.556380000000000085e-47
2.235000000000000000e+02 1.550450000000000056e-47
2.237500000000000000e+02 1.544550000000000005e-47
2.240000000000000000e+02 1.538669999999999939e-47
2.242500000000000000e+02 1.532779999999999880e-47
2.245000000000000000e+02 1.527139999999999881e-47
2.247500000000000000e+02 1.521520000000000111e-47
2.250000000000000000e+02 1.515489999999999912e-47
2.252500000000000000e+02 1.509620000000000082e-47
2.255000000000000000e+02 1.503740000000000016e-47
2.257500000000000000e+02 1.497770000000000016e-47
2.260000000000000000e+02 1.491820000000000001e-47
2.262500000000000000e+02 1.485929999999999943e-47
2.265000000000000000e+02 1.480019999999999899e-47
2.267500000000000000e+02 1.474130000000000083e-47
2.270000000000000000e+02 1.468250000000000017e-47
2.272500000000000000e+02 1.462459999999999886e-47
2.275000000000000000e+02 1.456280000000000039e-47
2.277500000000000000e+02 1.450499999999999900e-47
2.280000000000000000e+02 1.444789999999999953e-47
2.282500000000000000e+02 1.438950000000000101e-47
2.285000000000000000e+02 1.433030000000000064e-47
2.287500000000000000e+02 1.427130000000000013e-47
2.290000000000000000e+02 1.421209999999999976e-47
2.292500000000000000e+02 1.415209999999999998e-47
2.295000000000000000e+02 1.409309999999999947e-47
2.297500000000000000e+02 1.403520000000000058e-47
2.300000000000000000e+02 1.397729999999999926e-47
2.302500000000000000e+02 1.391830000000000118e-47
2.305000000000000000e+02 1.385950000000000052e-47
2.307500000000000000e+02 1.380179999999999906e-47
2.310000000000000000e+02 1.374300000000000083e-47
2.312500000000000000e+02 1.368320000000000090e-47
2.315000000000000000e+02 1.362189999999999964e-47
2.317500000000000000e+02 1.356259999999999935e-47
2.320000000000000000e+02 1.350190000000000008e-47
2.322500000000000000e+02 1.344329999999999928e-47
2.325000000000000000e+02 1.338719999999999907e-47
2.327500000000000000e+02 1.332790000000000121e-47
2.330000000000000000e+02 1.326890000000000070e-47
2.332500000000000000e+02 1.321010000000000004e-47
2.335000000000000000e+02 1.315000000000000033e-47
2.337500000000000000e+02 1.309040000000000026e-47
2.340000000000000000e+02 1.303199999999999931e-47
2.342500000000000000e+02 1.297350000000000086e-47
2.345000000000000000e+02 1.291579999999999939e-47
2.347500000000000000e+02 1.285659999999999903e-47
2.350000000000000000e+02 1.279899999999999992e-47
2.352500000000000000e+02 1.273949999999999977e-47
2.355000000000000000e+02 1.268059999999999919e-47
2.357500000000000000e+02 1.262200000000000081e-47
2.360000000000000000e+02 1.256359999999999986e-47
2.362500000000000000e+02 1.250399999999999979e-47
2.365000000000000000e+02 1.244439999999999971e-47
2.367500000000000000e+02 1.238740000000000017e-47
2.370000000000000000e+02 1.232859999999999951e-47
2.372500000000000000e+02 1.226949999999999907e-47
2.375000000000000000e+02 1.221150000000000025e-47
2.377500000000000000e+02 1.215279999999999952e-47
2.380000000000000000e+02 1.209369999999999908e-47
2.382500000000000000e+02 1.203739999999999902e-47
2.385000000000000000e+02 1.197920000000000035e-47
2.387500000000000000e+02 1.192149999999999889e-47
2.390000000000000000e+02 1.186519999999999883e-47
2.392500000000000000e+02 1.180759999999999972e-47
2.395000000000000000e+02 1.174899999999999891e-47
2.397500000000000000e+02 1.169229999999999915e-47
2.400000000000000000e+02 1.163819999999999990e-47
2.402500000000000000e+02 1.158120000000000036e-47
2.405000000000000000e+02 1.152460000000000051e-47
2.407500000000000000e+02 1.146919999999999979e-47
2.410000000000000000e+02 1.141160000000000069e-47
2.412500000000000000e+02 1.135639999999999982e-47
2.415000000000000000e+02 1.130139999999999881e-47
2.417500000000000000e+02 1.124419999999999940e-47
2.420000000000000000e+02 1.119020000000000009e-47
2.422500000000000000e+02 1.113350000000000032e-47
2.425000000000000000e+02 1.107829999999999945e-47
2.427500000000000000e+02 1.102459999999999992e-47
2.430000000000000000e+02 1.096980000000000119e-47
2.432500000000000000e+02 1.091630000000000029e-47
2.435000000000000000e+02 1.086249999999999962e-47
2.437500000000000000e+02 1.080759999999999974e-47
2.440000000000000000e+02 1.075129999999999968e-47
2.442500000000000000e+02 1.069659999999999967e-47
2.445000000000000000e+02 1.064389999999999940e-47
2.447500000000000000e+02 1.058940000000000045e-47
2.450000000000000000e+02 1.053439999999999943e-47
2.452500000000000000e+02 1.048200000000000016e-47
2.455000000000000000e+02 1.042840000000000055e-47
2.457500000000000000e+02 1.037349999999999947e-47
2.460000000000000000e+02 1.032039999999999949e-47
2.462500000000000000e+02 1.026980000000000011e-47
2.465000000000000000e+02 1.021559999999999973e-47
2.467500000000000000e+02 1.016350000000000024e-47
2.470000000000000000e+02 1.011240000000000001e-47
2.472500000000000000e+02 1.006050000000000037e-47
2.475000000000000000e+02 1.000819999999999981e-47
2.477500000000000000e+02 9.956029999999999397e-48
2.480000000000000000e+02 9.905699999999999580e-48
2.482500000000000000e+02 9.855009999999999540e-48
2.485000000000000000e+02 9.801340000000000225e-48
2.487500000000000000e+02 9.750509999999999559e-48
2.490000000000000000e+02 9.701660000000000115e-48
2.492500000000000000e+02 9.650210000000000146e-48
2.495000000000000000e+02 9.600529999999999852e-48
2.497500000000000000e+02 9.551520000000000039e-48
2.500000000000000000e+02 9.501919999999999929e-48
2.502500000000000000e+02 9.454099999999999974e-48
2.505000000000000000e+02 9.404160000000000600e-48
2.507500000000000000e+02 9.354780000000000086e-48
2.510000000000000000e+02 9.304120000000000267e-48
2.512500000000000000e+02 9.255349999999999792e-48
2.515000000000000000e+02 9.208220000000000060e-48
2.517500000000000000e+02 9.160749999999999848e-48
2.520000000000000000e+02 9.112840000000000444e-48
2.522500000000000000e+02 9.067749999999999946e-48
2.525000000000000000e+02 9.022580000000000479e-48
2.527500000000000000e+02 8.976419999999999793e-48
2.530000000000000000e+02 8.930160000000000395e-48
2.532500000000000000e+02 8.884010000000000188e-48
2.535000000000000000e+02 8.838189999999999982e-48
2.537500000000000000e+02 8.792519999999999666e-48
2.540000000000000000e+02 8.748559999999999798e-48
2.542500000000000000e+02 8.703429999999999816e-48
2.545000000000000000e+02 8.659059999999999762e-48
2.547500000000000000e+02 8.614830000000000335e-48
2.550000000000000000e+02 8.570999999999999400e-48
2.552500000000000000e+02 8.527749999999999498e-48
