0.000000000000000000e+00 5.000000000000000000e-01
2.500000000000000000e-01 5.000000000000000000e-01
5.000000000000000000e-01 5.000000000000000000e-01
7.500000000000000000e-01 5.000000000000000000e-01
1.000000000000000000e+00 5.000000000000000000e-01
1.250000000000000000e+00 5.000000000000000000e-01
1.500000000000000000e+00 5.000000000000000000e-01
1.750000000000000000e+00 5.000000000000000000e-01
2.000000000000000000e+00 5.000000000000000000e-01
2.250000000000000000e+00 5.000000000000000000e-01
2.500000000000000000e+00 5.000000000000000000e-01
2.750000000000000000e+00 5.000000000000000000e-01
3.000000000000000000e+00 5.000000000000000000e-01
3.250000000000000000e+00 5.000000000000000000e-01
3.500000000000000000e+00 5.000000000000000000e-01
3.750000000000000000e+00 5.000000000000000000e-01
4.000000000000000000e+00 5.000000000000000000e-01
4.250000000000000000e+00 5.000000000000000000e-01
4.500000000000000000e+00 5.000000000000000000e-01
4.750000000000000000e+00 5.000000000000000000e-01
5.000000000000000000e+00 5.000000000000000000e-01
5.250000000000000000e+00 5.000000000000000000e-01
5.500000000000000000e+00 5.000000000000000000e-01
5.750000000000000000e+00 5.000000000000000000e-01
6.000000000000000000e+00 5.000000000000000000e-01
6.250000000000000000e+00 5.000000000000000000e-01
6.500000000000000000e+00 5.000000000000000000e-01
6.750000000000000000e+00 5.000000000000000000e-01
7.000000000000000000e+00 5.000000000000000000e-01
7.250000000000000000e+00 5.000000000000000000e-01
7.500000000000000000e+00 5.000000000000000000e-01
7.750000000000000000e+00 5.000000000000000000e-01
8.000000000000000000e+00 5.000000000000000000e-01
8.250000000000000000e+00 5.000000000000000000e-01
8.500000000000000000e+00 5.000000000000000000e-01
8.750000000000000000e+00 5.000000000000000000e-01
9.000000000000000000e+00 5.000000000000000000e-01
9.250000000000000000e+00 5.000000000000000000e-01
9.500000000000000000e+00 5.000000000000000000e-01
9.750000000000000000e+00 5.000000000000000000e-01
1.000000000000000000e+01 5.000000000000000000e-01
1.025000000000000000e+01 5.000000000000000000e-01
1.050000000000000000e+01 5.000000000000000000e-01
1.075000000000000000e+01 5.000000000000000000e-01
1.100000000000000000e+01 5.000000000000000000e-01
1.125000000000000000e+01 5.000000000000000000e-01
1.150000000000000000e+01 5.000000000000000000e-01
1.175000000000000000e+01 5.000000000000000000e-01
1.200000000000000000e+01 5.000000000000000000e-01
1.225000000000000000e+01 5.000000000000000000e-01
1.250000000000000000e+01 5.000000000000000000e-01
1.275000000000000000e+01 5.000000000000000000e-01
1.300000000000000000e+01 5.000000000000000000e-01
1.325000000000000000e+01 5.000000000000000000e-01
1.350000000000000000e+01 5.000000000000000000e-01
1.375000000000000000e+01 5.000000000000000000e-01
1.400000000000000000e+01 5.000000000000000000e-01
1.425000000000000000e+01 5.000000000000000000e-01
1.450000000000000000e+01 5.000000000000000000e-01
1.475000000000000000e+01 5.000000000000000000e-01
1.500000000000000000e+01 5.000000000000000000e-01
1.525000000000000000e+01 5.000000000000000000e-01
1.550000000000000000e+01 5.000000000000000000e-01
1.575000000000000000e+01 5.000000000000000000e-01
1.600000000000000000e+01 2.830850000000000121e-42
1.625000000000000000e+01 2.460560000000000124e-42
1.650000000000000000e+01 2.138930000000000146e-42
1.675000000000000000e+01 1.858230000000000033e-42
1.700000000000000000e+01 1.616350000000000087e-42
1.725000000000000000e+01 1.407300000000000026e-42
1.750000000000000000e+01 1.228380000000000013e-42
1.775000000000000000e+01 1.072660000000000002e-42
1.800000000000000000e+01 9.398760000000000048e-43
1.825000000000000000e+01 8.260990000000000649e-43
1.850000000000000000e+01 7.257940000000000672e-43
1.875000000000000000e+01 6.364210000000000385e-43
1.900000000000000000e+01 5.584439999999999916e-43
1.925000000000000000e+01 4.902429999999999940e-43
1.950000000000000000e+01 4.308680000000000211e-43
1.975000000000000000e+01 3.800219999999999686e-43
2.000000000000000000e+01 3.341899999999999850e-43
2.025000000000000000e+01 2.925150000000000122e-43
2.050000000000000000e+01 2.559610000000000088e-43
2.075000000000000000e+01 2.240629999999999838e-43
2.100000000000000000e+01 1.960499999999999978e-43
2.125000000000000000e+01 1.713839999999999966e-43
2.150000000000000000e+01 1.498610000000000014e-43
2.175000000000000000e+01 1.314630000000000059e-43
2.200000000000000000e+01 1.154719999999999918e-43
2.225000000000000000e+01 1.016099999999999988e-43
2.250000000000000000e+01 8.950409999999999781e-44
2.275000000000000000e+01 7.893919999999999679e-44
2.300000000000000000e+01 6.971700000000000433e-44
2.325000000000000000e+01 6.164140000000000301e-44
2.350000000000000000e+01 5.461229999999999588e-44
2.375000000000000000e+01 4.843909999999999511e-44
2.400000000000000000e+01 4.300779999999999877e-44
2.425000000000000000e+01 3.818599999999999834e-44
2.450000000000000000e+01 3.397400000000000024e-44
2.475000000000000000e+01 3.024110000000000073e-44
2.500000000000000000e+01 2.697460000000000057e-44
2.525000000000000000e+01 2.410169999999999880e-44
2.550000000000000000e+01 2.159619999999999889e-44
2.575000000000000000e+01 1.938389999999999900e-44
2.600000000000000000e+01 1.744110000000000044e-44
2.625000000000000000e+01 1.573969999999999923e-44
2.650000000000000000e+01 1.425440000000000063e-44
2.675000000000000000e+01 1.291690000000000032e-44
2.700000000000000000e+01 1.172030000000000017e-44
2.725000000000000000e+01 1.067219999999999999e-44
2.750000000000000000e+01 9.744040000000000246e-45
2.775000000000000000e+01 8.912880000000000469e-45
2.800000000000000000e+01 8.180369999999999826e-45
2.825000000000000000e+01 7.523139999999999937e-45
2.850000000000000000e+01 6.944120000000000279e-45
2.875000000000000000e+01 6.433109999999999420e-45
2.900000000000000000e+01 5.977140000000000538e-45
2.925000000000000000e+01 5.570850000000000015e-45
2.950000000000000000e+01 5.204979999999999873e-45
2.975000000000000000e+01 4.879129999999999861e-45
3.000000000000000000e+01 4.592029999999999928e-45
3.025000000000000000e+01 4.335170000000000079e-45
3.050000000000000000e+01 4.103740000000000153e-45
3.075000000000000000e+01 3.900940000000000295e-45
3.100000000000000000e+01 3.719749999999999952e-45
3.125000000000000000e+01 3.560569999999999997e-45
3.150000000000000000e+01 3.419529999999999989e-45
3.175000000000000000e+01 3.299749999999999899e-45
3.200000000000000000e+01 3.196810000000000185e-45
3.225000000000000000e+01 3.106009999999999760e-45
3.250000000000000000e+01 3.028669999999999952e-45
3.275000000000000000e+01 2.963749999999999733e-45
3.300000000000000000e+01 2.909140000000000019e-45
3.325000000000000000e+01 2.864910000000000106e-45
3.350000000000000000e+01 2.833240000000000244e-45
3.375000000000000000e+01 2.810079999999999755e-45
3.400000000000000000e+01 2.795589999999999923e-45
3.425000000000000000e+01 2.791479999999999891e-45
3.450000000000000000e+01 2.797830000000000148e-45
3.475000000000000000e+01 2.811649999999999995e-45
3.500000000000000000e+01 2.836959999999999968e-45
3.525000000000000000e+01 2.868819999999999700e-45
3.550000000000000000e+01 2.912549999999999921e-45
3.575000000000000000e+01 2.965559999999999875e-45
3.600000000000000000e+01 3.022939999999999960e-45
3.625000000000000000e+01 3.088949999999999993e-45
3.650000000000000000e+01 3.160450000000000114e-45
3.675000000000000000e+01 3.224689999999999781e-45
3.700000000000000000e+01 3.284860000000000127e-45
3.725000000000000000e+01 3.342229999999999957e-45
3.750000000000000000e+01 3.385160000000000298e-45
3.775000000000000000e+01 3.412370000000000220e-45
3.800000000000000000e+01 3.419299999999999720e-45
3.825000000000000000e+01 3.404229999999999710e-45
3.850000000000000000e+01 3.368809999999999981e-45
3.875000000000000000e+01 3.305510000000000034e-45
3.900000000000000000e+01 3.218029999999999704e-45
3.925000000000000000e+01 3.102699999999999920e-45
3.950000000000000000e+01 2.955459999999999751e-45
3.975000000000000000e+01 2.779040000000000102e-45
4.000000000000000000e+01 2.582120000000000018e-45
4.025000000000000000e+01 2.380479999999999894e-45
4.050000000000000000e+01 2.173940000000000112e-45
4.075000000000000000e+01 1.965270000000000113e-45
4.100000000000000000e+01 1.762730000000000045e-45
4.125000000000000000e+01 1.565699999999999954e-45
4.150000000000000000e+01 1.389959999999999923e-45
4.175000000000000000e+01 1.239129999999999925e-45
4.200000000000000000e+01 1.109140000000000016e-45
4.225000000000000000e+01 1.007720000000000043e-45
4.250000000000000000e+01 9.290780000000000515e-46
4.275000000000000000e+01 8.690549999999999727e-46
4.300000000000000000e+01 8.221820000000000668e-46
4.325000000000000000e+01 7.743520000000000698e-46
4.350000000000000000e+01 7.283279999999999257e-46
4.375000000000000000e+01 6.889949999999999970e-46
4.400000000000000000e+01 6.717610000000000364e-46
4.425000000000000000e+01 6.963229999999999934e-46
4.450000000000000000e+01 7.535689999999999733e-46
4.475000000000000000e+01 8.366619999999999552e-46
4.500000000000000000e+01 9.494870000000000624e-46
4.525000000000000000e+01 1.096499999999999946e-45
4.550000000000000000e+01 1.279109999999999968e-45
4.575000000000000000e+01 1.502110000000000073e-45
4.600000000000000000e+01 1.773740000000000055e-45
4.625000000000000000e+01 2.093640000000000062e-45
4.650000000000000000e+01 2.462310000000000096e-45
4.675000000000000000e+01 2.868760000000000036e-45
4.700000000000000000e+01 3.295840000000000305e-45
4.725000000000000000e+01 3.752380000000000043e-45
4.750000000000000000e+01 4.224200000000000173e-45
4.775000000000000000e+01 4.633250000000000190e-45
4.800000000000000000e+01 5.013740000000000060e-45
4.825000000000000000e+01 5.244400000000000248e-45
4.850000000000000000e+01 5.334760000000000023e-45
4.875000000000000000e+01 5.209849999999999697e-45
4.900000000000000000e+01 4.915389999999999869e-45
4.925000000000000000e+01 4.537760000000000179e-45
4.950000000000000000e+01 4.096699999999999713e-45
4.975000000000000000e+01 3.642739999999999853e-45
5.000000000000000000e+01 3.194189999999999908e-45
5.025000000000000000e+01 2.766399999999999877e-45
5.050000000000000000e+01 2.371380000000000087e-45
5.075000000000000000e+01 2.021330000000000116e-45
5.100000000000000000e+01 1.713599999999999853e-45
5.125000000000000000e+01 1.452230000000000032e-45
5.150000000000000000e+01 1.236309999999999989e-45
5.175000000000000000e+01 1.055080000000000025e-45
5.200000000000000000e+01 9.059220000000000072e-46
5.225000000000000000e+01 7.845360000000000343e-46
5.250000000000000000e+01 6.852530000000000073e-46
5.275000000000000000e+01 6.020549999999999905e-46
5.300000000000000000e+01 5.329149999999999672e-46
5.325000000000000000e+01 4.759280000000000163e-46
5.350000000000000000e+01 4.290619999999999934e-46
5.375000000000000000e+01 3.894760000000000021e-46
5.400000000000000000e+01 3.567430000000000200e-46
5.425000000000000000e+01 3.290750000000000156e-46
5.450000000000000000e+01 3.056569999999999980e-46
5.475000000000000000e+01 2.858169999999999931e-46
5.500000000000000000e+01 2.693040000000000049e-46
5.525000000000000000e+01 2.552159999999999847e-46
5.550000000000000000e+01 2.431519999999999978e-46
5.575000000000000000e+01 2.329580000000000114e-46
5.600000000000000000e+01 2.244239999999999946e-46
5.625000000000000000e+01 2.173489999999999829e-46
5.650000000000000000e+01 2.113640000000000183e-46
5.675000000000000000e+01 2.065509999999999920e-46
5.700000000000000000e+01 2.025899999999999829e-46
5.725000000000000000e+01 1.993580000000000181e-46
5.750000000000000000e+01 1.970600000000000008e-46
5.775000000000000000e+01 1.955160000000000045e-46
5.800000000000000000e+01 1.947150000000000131e-46
5.825000000000000000e+01 1.947010000000000136e-46
5.850000000000000000e+01 1.953599999999999827e-46
5.875000000000000000e+01 1.967660000000000121e-46
5.900000000000000000e+01 1.994360000000000096e-46
5.925000000000000000e+01 2.029789999999999847e-46
5.950000000000000000e+01 2.083169999999999908e-46
5.975000000000000000e+01 2.157870000000000096e-46
6.000000000000000000e+01 2.265850000000000006e-46
6.025000000000000000e+01 2.430619999999999957e-46
6.050000000000000000e+01 2.709539999999999915e-46
6.075000000000000000e+01 3.173150000000000004e-46
6.100000000000000000e+01 3.935620000000000119e-46
6.125000000000000000e+01 5.219709999999999763e-46
6.150000000000000000e+01 9.112290000000000312e-46
6.175000000000000000e+01 1.025079999999999999e-45
6.200000000000000000e+01 1.315970000000000042e-45
6.225000000000000000e+01 1.337669999999999986e-45
6.250000000000000000e+01 1.309240000000000045e-45
6.275000000000000000e+01 6.675540000000000035e-46
6.300000000000000000e+01 4.706160000000000202e-46
6.325000000000000000e+01 3.631069999999999645e-46
6.350000000000000000e+01 2.957089999999999966e-46
6.375000000000000000e+01 2.546970000000000101e-46
6.400000000000000000e+01 2.302600000000000150e-46
6.425000000000000000e+01 2.156610000000000144e-46
6.450000000000000000e+01 2.060410000000000060e-46
6.475000000000000000e+01 1.997560000000000084e-46
6.500000000000000000e+01 1.952720000000000083e-46
6.525000000000000000e+01 1.920820000000000030e-46
6.550000000000000000e+01 1.896880000000000172e-46
6.575000000000000000e+01 1.880150000000000036e-46
6.600000000000000000e+01 1.868429999999999875e-46
6.625000000000000000e+01 1.858870000000000076e-46
6.650000000000000000e+01 1.851669999999999908e-46
6.675000000000000000e+01 1.846080000000000067e-46
6.700000000000000000e+01 1.841840000000000063e-46
6.725000000000000000e+01 1.838119999999999872e-46
6.750000000000000000e+01 1.835529999999999972e-46
6.775000000000000000e+01 1.833710000000000042e-46
6.800000000000000000e+01 1.831429999999999962e-46
6.825000000000000000e+01 1.829860000000000189e-46
6.850000000000000000e+01 1.828229999999999974e-46
6.875000000000000000e+01 1.826540000000000095e-46
6.900000000000000000e+01 1.824790000000000162e-46
6.925000000000000000e+01 1.822879999999999957e-46
6.950000000000000000e+01 1.821460000000000123e-46
6.975000000000000000e+01 1.819880000000000017e-46
7.000000000000000000e+01 1.818289999999999967e-46
7.025000000000000000e+01 1.816940000000000130e-46
7.050000000000000000e+01 1.815540000000000184e-46
7.075000000000000000e+01 1.814599999999999998e-46
7.100000000000000000e+01 1.812860000000000009e-46
7.125000000000000000e+01 1.811269999999999959e-46
7.150000000000000000e+01 1.809790000000000071e-46
7.175000000000000000e+01 1.808540000000000064e-46
7.200000000000000000e+01 1.807529999999999880e-46
7.225000000000000000e+01 1.806329999999999982e-46
7.250000000000000000e+01 1.805200000000000081e-46
7.275000000000000000e+01 1.804070000000000180e-46
7.300000000000000000e+01 1.802960000000000167e-46
7.325000000000000000e+01 1.801419999999999837e-46
7.350000000000000000e+01 1.800359999999999933e-46
7.375000000000000000e+01 1.799490000000000133e-46
7.400000000000000000e+01 1.798339999999999955e-46
7.425000000000000000e+01 1.797060000000000115e-46
7.450000000000000000e+01 1.796109999999999985e-46
7.475000000000000000e+01 1.795209999999999964e-46
7.500000000000000000e+01 1.793940000000000069e-46
7.525000000000000000e+01 1.792569999999999954e-46
7.550000000000000000e+01 1.791790000000000040e-46
7.575000000000000000e+01 1.790839999999999910e-46
7.600000000000000000e+01 1.789970000000000110e-46
7.625000000000000000e+01 1.788669999999999993e-46
7.650000000000000000e+01 1.787589999999999812e-46
7.675000000000000000e+01 1.786449999999999967e-46
7.700000000000000000e+01 1.785450000000000117e-46
7.725000000000000000e+01 1.784820000000000141e-46
7.750000000000000000e+01 1.783930000000000064e-46
7.775000000000000000e+01 1.783059999999999875e-46
7.800000000000000000e+01 1.782139999999999966e-46
7.825000000000000000e+01 1.781710000000000038e-46
7.850000000000000000e+01 1.780880000000000014e-46
7.875000000000000000e+01 1.780129999999999932e-46
7.900000000000000000e+01 1.779490000000000012e-46
7.925000000000000000e+01 1.778589999999999991e-46
7.950000000000000000e+01 1.778119999999999898e-46
7.975000000000000000e+01 1.777509999999999810e-46
8.000000000000000000e+01 1.776690000000000120e-46
8.025000000000000000e+01 1.776010000000000035e-46
8.050000000000000000e+01 1.775080000000000182e-46
8.075000000000000000e+01 1.774390000000000152e-46
8.100000000000000000e+01 1.773840000000000118e-46
8.125000000000000000e+01 1.773269999999999807e-46
8.150000000000000000e+01 1.772699999999999884e-46
8.175000000000000000e+01 1.772129999999999961e-46
8.200000000000000000e+01 1.771610000000000148e-46
8.225000000000000000e+01 1.771560000000000039e-46
8.250000000000000000e+01 1.771050000000000170e-46
8.275000000000000000e+01 1.771050000000000170e-46
8.300000000000000000e+01 1.770990000000000116e-46
8.325000000000000000e+01 1.770990000000000116e-46
8.350000000000000000e+01 1.770940000000000007e-46
8.375000000000000000e+01 1.770469999999999914e-46
8.400000000000000000e+01 1.769800000000000162e-46
8.425000000000000000e+01 1.769209999999999962e-46
8.450000000000000000e+01 1.768150000000000059e-46
8.475000000000000000e+01 1.767180000000000040e-46
8.500000000000000000e+01 1.766369999999999905e-46
8.525000000000000000e+01 1.765549999999999825e-46
8.550000000000000000e+01 1.764950000000000070e-46
8.575000000000000000e+01 1.764209999999999932e-46
8.600000000000000000e+01 1.763439999999999962e-46
8.625000000000000000e+01 1.762899999999999871e-46
8.650000000000000000e+01 1.762370000000000114e-46
8.675000000000000000e+01 1.761880000000000133e-46
8.700000000000000000e+01 1.761830000000000024e-46
8.725000000000000000e+01 1.761659999999999808e-46
8.750000000000000000e+01 1.761480000000000037e-46
8.775000000000000000e+01 1.761330000000000098e-46
8.800000000000000000e+01 1.761159999999999883e-46
8.825000000000000000e+01 1.760840000000000117e-46
8.850000000000000000e+01 1.760490000000000131e-46
8.875000000000000000e+01 1.760000000000000149e-46
8.900000000000000000e+01 1.759679999999999995e-46
8.925000000000000000e+01 1.759479999999999947e-46
8.950000000000000000e+01 1.759250000000000067e-46
8.975000000000000000e+01 1.759050000000000019e-46
9.000000000000000000e+01 1.758649999999999923e-46
9.025000000000000000e+01 1.758550000000000094e-46
9.050000000000000000e+01 1.758359999999999990e-46
9.075000000000000000e+01 1.758420000000000043e-46
9.100000000000000000e+01 1.758400000000000155e-46
9.125000000000000000e+01 1.758359999999999990e-46
9.150000000000000000e+01 1.758519999999999873e-46
9.175000000000000000e+01 1.758569999999999982e-46
9.200000000000000000e+01 1.759160000000000182e-46
9.225000000000000000e+01 1.759440000000000171e-46
9.250000000000000000e+01 1.760020000000000037e-46
9.275000000000000000e+01 1.760930000000000003e-46
9.300000000000000000e+01 1.761929999999999853e-46
9.325000000000000000e+01 1.762909999999999815e-46
9.350000000000000000e+01 1.764219999999999876e-46
9.375000000000000000e+01 1.766019999999999918e-46
9.400000000000000000e+01 1.768719999999999981e-46
9.425000000000000000e+01 1.771789999999999919e-46
9.450000000000000000e+01 1.775259999999999952e-46
9.475000000000000000e+01 1.779550000000000065e-46
9.500000000000000000e+01 1.784919999999999970e-46
9.525000000000000000e+01 1.791619999999999824e-46
9.550000000000000000e+01 1.800260000000000104e-46
9.575000000000000000e+01 1.812150000000000092e-46
9.600000000000000000e+01 1.826659999999999812e-46
9.625000000000000000e+01 1.845020000000000163e-46
9.650000000000000000e+01 1.868219999999999883e-46
9.675000000000000000e+01 1.898879999999999873e-46
9.700000000000000000e+01 1.936769999999999862e-46
9.725000000000000000e+01 1.988009999999999840e-46
9.750000000000000000e+01 2.056590000000000040e-46
9.775000000000000000e+01 2.150360000000000106e-46
9.800000000000000000e+01 2.286050000000000175e-46
9.825000000000000000e+01 2.465510000000000007e-46
9.850000000000000000e+01 2.700340000000000046e-46
9.875000000000000000e+01 3.030540000000000146e-46
9.900000000000000000e+01 3.548490000000000372e-46
9.925000000000000000e+01 4.456679999999999669e-46
9.950000000000000000e+01 6.222100000000000222e-46
9.975000000000000000e+01 9.874349999999999610e-46
1.000000000000000000e+02 1.698299999999999885e-45
1.002500000000000000e+02 1.616479999999999937e-45
1.005000000000000000e+02 1.078990000000000051e-45
1.007500000000000000e+02 7.134080000000000096e-46
1.010000000000000000e+02 5.051520000000000276e-46
1.012500000000000000e+02 3.894600000000000139e-46
1.015000000000000000e+02 3.232290000000000123e-46
1.017500000000000000e+02 2.829720000000000023e-46
1.020000000000000000e+02 2.557270000000000039e-46
1.022500000000000000e+02 2.356519999999999913e-46
1.025000000000000000e+02 2.203420000000000014e-46
1.027500000000000000e+02 2.093179999999999913e-46
1.030000000000000000e+02 2.019860000000000172e-46
1.032500000000000000e+02 1.963360000000000064e-46
1.035000000000000000e+02 1.920789999999999809e-46
1.037500000000000000e+02 1.886899999999999999e-46
1.040000000000000000e+02 1.861179999999999987e-46
1.042500000000000000e+02 1.841589999999999906e-46
1.045000000000000000e+02 1.826019999999999892e-46
1.047500000000000000e+02 1.813569999999999926e-46
1.050000000000000000e+02 1.803660000000000140e-46
1.052500000000000000e+02 1.796160000000000094e-46
1.055000000000000000e+02 1.790559999999999920e-46
1.057500000000000000e+02 1.786840000000000119e-46
1.060000000000000000e+02 1.783360000000000141e-46
1.062500000000000000e+02 1.780959999999999956e-46
1.065000000000000000e+02 1.779350000000000018e-46
1.067500000000000000e+02 1.777989999999999848e-46
1.070000000000000000e+02 1.776929999999999944e-46
1.072500000000000000e+02 1.776550000000000125e-46
1.075000000000000000e+02 1.776570000000000013e-46
1.077500000000000000e+02 1.776340000000000133e-46
1.080000000000000000e+02 1.776280000000000080e-46
1.082500000000000000e+02 1.776410000000000130e-46
1.085000000000000000e+02 1.776550000000000125e-46
1.087500000000000000e+02 1.776989999999999997e-46
1.090000000000000000e+02 1.777240000000000154e-46
1.092500000000000000e+02 1.777359999999999872e-46
1.095000000000000000e+02 1.777849999999999853e-46
1.097500000000000000e+02 1.778490000000000162e-46
1.100000000000000000e+02 1.778879999999999924e-46
1.102500000000000000e+02 1.779589999999999842e-46
1.105000000000000000e+02 1.779960000000000105e-46
1.107500000000000000e+02 1.780679999999999966e-46
1.110000000000000000e+02 1.781420000000000105e-46
1.112500000000000000e+02 1.782139999999999966e-46
1.115000000000000000e+02 1.782829999999999995e-46
1.117500000000000000e+02 1.783259999999999923e-46
1.120000000000000000e+02 1.783949999999999952e-46
1.122500000000000000e+02 1.784809999999999808e-46
1.125000000000000000e+02 1.785359999999999842e-46
1.127500000000000000e+02 1.786000000000000151e-46
1.130000000000000000e+02 1.786389999999999914e-46
1.132500000000000000e+02 1.786879999999999895e-46
1.135000000000000000e+02 1.787709999999999919e-46
1.137500000000000000e+02 1.788409999999999892e-46
1.140000000000000000e+02 1.788920000000000150e-46
1.142500000000000000e+02 1.790009999999999886e-46
1.145000000000000000e+02 1.790699999999999915e-46
1.147500000000000000e+02 1.791580000000000048e-46
1.150000000000000000e+02 1.792400000000000128e-46
1.152500000000000000e+02 1.793300000000000149e-46
1.155000000000000000e+02 1.794179999999999893e-46
1.157500000000000000e+02 1.794690000000000151e-46
1.160000000000000000e+02 1.795450000000000177e-46
1.162500000000000000e+02 1.796189999999999927e-46
1.165000000000000000e+02 1.796969999999999841e-46
1.167500000000000000e+02 1.797729999999999867e-46
1.170000000000000000e+02 1.798400000000000008e-46
1.172500000000000000e+02 1.799230000000000032e-46
1.175000000000000000e+02 1.799889999999999840e-46
1.177500000000000000e+02 1.800550000000000037e-46
1.180000000000000000e+02 1.801580000000000109e-46
1.182500000000000000e+02 1.802500000000000018e-46
1.185000000000000000e+02 1.803660000000000140e-46
1.187500000000000000e+02 1.804500000000000108e-46
1.190000000000000000e+02 1.805289999999999966e-46
1.192500000000000000e+02 1.806119999999999990e-46
1.195000000000000000e+02 1.806959999999999958e-46
1.197500000000000000e+02 1.807589999999999933e-46
1.200000000000000000e+02 1.808520000000000175e-46
1.202500000000000000e+02 1.809199999999999871e-46
1.205000000000000000e+02 1.810150000000000002e-46
1.207500000000000000e+02 1.810919999999999972e-46
1.210000000000000000e+02 1.811549999999999948e-46
1.212500000000000000e+02 1.812560000000000131e-46
1.215000000000000000e+02 1.813470000000000096e-46
1.217500000000000000e+02 1.814450000000000059e-46
1.220000000000000000e+02 1.815410000000000133e-46
1.222500000000000000e+02 1.816369999999999818e-46
1.225000000000000000e+02 1.817179999999999954e-46
1.227500000000000000e+02 1.817990000000000090e-46
1.230000000000000000e+02 1.818909999999999999e-46
1.232500000000000000e+02 1.819569999999999807e-46
1.235000000000000000e+02 1.820570000000000046e-46
1.237500000000000000e+02 1.821340000000000017e-46
1.240000000000000000e+02 1.822269999999999870e-46
1.242500000000000000e+02 1.823029999999999896e-46
1.245000000000000000e+02 1.824110000000000077e-46
1.247500000000000000e+02 1.825150000000000092e-46
1.250000000000000000e+02 1.825939999999999951e-46
1.252500000000000000e+02 1.826960000000000079e-46
1.255000000000000000e+02 1.827660000000000052e-46
1.257500000000000000e+02 1.828449999999999910e-46
1.260000000000000000e+02 1.829419999999999929e-46
1.262500000000000000e+02 1.830119999999999902e-46
1.265000000000000000e+02 1.831250000000000192e-46
1.267500000000000000e+02 1.832240000000000098e-46
1.270000000000000000e+02 1.833220000000000060e-46
1.272500000000000000e+02 1.834200000000000023e-46
1.275000000000000000e+02 1.835409999999999865e-46
1.277500000000000000e+02 1.836400000000000161e-46
1.280000000000000000e+02 1.837279999999999905e-46
1.282500000000000000e+02 1.838239999999999979e-46
1.285000000000000000e+02 1.839320000000000160e-46
1.287500000000000000e+02 1.840339999999999898e-46
1.290000000000000000e+02 1.841340000000000138e-46
1.292500000000000000e+02 1.842339999999999988e-46
1.295000000000000000e+02 1.843529999999999942e-46
1.297500000000000000e+02 1.844499999999999961e-46
1.300000000000000000e+02 1.845160000000000158e-46
1.302500000000000000e+02 1.845920000000000184e-46
1.305000000000000000e+02 1.846739999999999875e-46
1.307500000000000000e+02 1.847600000000000119e-46
1.310000000000000000e+02 1.848640000000000135e-46
1.312500000000000000e+02 1.849429999999999994e-46
1.315000000000000000e+02 1.850149999999999855e-46
1.317500000000000000e+02 1.851080000000000097e-46
1.320000000000000000e+02 1.852149999999999945e-46
1.322500000000000000e+02 1.852919999999999915e-46
1.325000000000000000e+02 1.853979999999999819e-46
1.327500000000000000e+02 1.855110000000000109e-46
1.330000000000000000e+02 1.856020000000000074e-46
1.332500000000000000e+02 1.857009999999999980e-46
1.335000000000000000e+02 1.857970000000000055e-46
1.337500000000000000e+02 1.858870000000000076e-46
1.340000000000000000e+02 1.859959999999999812e-46
1.342500000000000000e+02 1.861329999999999926e-46
1.345000000000000000e+02 1.862179999999999837e-46
1.347500000000000000e+02 1.862799999999999869e-46
1.350000000000000000e+02 1.863619999999999949e-46
1.352500000000000000e+02 1.864370000000000031e-46
1.355000000000000000e+02 1.865279999999999996e-46
1.357500000000000000e+02 1.865849999999999919e-46
1.360000000000000000e+02 1.867000000000000097e-46
1.362500000000000000e+02 1.868129999999999998e-46
1.365000000000000000e+02 1.869100000000000016e-46
1.367500000000000000e+02 1.870060000000000090e-46
1.370000000000000000e+02 1.870820000000000117e-46
1.372500000000000000e+02 1.871600000000000031e-46
1.375000000000000000e+02 1.872669999999999879e-46
1.377500000000000000e+02 1.873620000000000009e-46
1.380000000000000000e+02 1.874630000000000193e-46
1.382500000000000000e+02 1.875270000000000113e-46
1.385000000000000000e+02 1.876120000000000024e-46
1.387500000000000000e+02 1.876969999999999936e-46
1.390000000000000000e+02 1.877860000000000013e-46
1.392500000000000000e+02 1.878779999999999922e-46
1.395000000000000000e+02 1.879640000000000167e-46
1.397500000000000000e+02 1.880920000000000007e-46
1.400000000000000000e+02 1.881649999999999812e-46
1.402500000000000000e+02 1.882850000000000099e-46
1.405000000000000000e+02 1.883779999999999953e-46
1.407500000000000000e+02 1.884759999999999915e-46
1.410000000000000000e+02 1.885620000000000160e-46
1.412500000000000000e+02 1.886590000000000178e-46
1.415000000000000000e+02 1.887479999999999866e-46
1.417500000000000000e+02 1.888299999999999946e-46
1.420000000000000000e+02 1.889209999999999911e-46
1.422500000000000000e+02 1.890199999999999817e-46
1.425000000000000000e+02 1.891219999999999945e-46
1.427500000000000000e+02 1.892090000000000134e-46
1.430000000000000000e+02 1.893410000000000138e-46
1.432500000000000000e+02 1.895119999999999906e-46
1.435000000000000000e+02 1.897520000000000092e-46
1.437500000000000000e+02 1.901060000000000122e-46
1.440000000000000000e+02 1.906630000000000075e-46
1.442500000000000000e+02 1.916150000000000099e-46
1.445000000000000000e+02 1.931009999999999806e-46
1.447500000000000000e+02 1.955539999999999864e-46
1.450000000000000000e+02 1.992840000000000043e-46
1.452500000000000000e+02 2.054410000000000179e-46
1.455000000000000000e+02 2.149419999999999920e-46
1.457500000000000000e+02 2.303949999999999987e-46
1.460000000000000000e+02 2.561269999999999830e-46
1.462500000000000000e+02 3.002740000000000103e-46
1.465000000000000000e+02 3.775219999999999833e-46
1.467500000000000000e+02 5.123049999999999918e-46
1.470000000000000000e+02 7.516289999999999366e-46
1.472500000000000000e+02 1.182559999999999975e-45
1.475000000000000000e+02 1.971879999999999848e-45
1.477500000000000000e+02 3.456970000000000241e-45
1.480000000000000000e+02 6.314260000000000039e-45
1.482500000000000000e+02 1.203010000000000068e-44
1.485000000000000000e+02 2.402469999999999771e-44
1.487500000000000000e+02 5.097729999999999939e-44
1.490000000000000000e+02 1.176649999999999933e-43
1.492500000000000000e+02 3.050619999999999829e-43
1.495000000000000000e+02 8.594860000000000473e-43
1.497500000000000000e+02 3.416879999999999718e-42
1.500000000000000000e+02 6.734849999999999786e-41
1.502500000000000000e+02 3.760510000000000179e-42
1.505000000000000000e+02 8.881150000000000021e-43
1.507500000000000000e+02 3.158940000000000186e-43
1.510000000000000000e+02 1.206809999999999966e-43
1.512500000000000000e+02 5.185800000000000143e-44
1.515000000000000000e+02 2.428820000000000024e-44
1.517500000000000000e+02 1.209299999999999913e-44
1.520000000000000000e+02 6.309850000000000131e-45
1.522500000000000000e+02 3.433929999999999703e-45
1.525000000000000000e+02 1.957179999999999946e-45
1.527500000000000000e+02 1.171629999999999983e-45
1.530000000000000000e+02 7.441280000000000524e-46
1.532500000000000000e+02 5.084019999999999695e-46
1.535000000000000000e+02 3.766359999999999618e-46
1.537500000000000000e+02 3.022080000000000027e-46
1.540000000000000000e+02 2.598369999999999961e-46
1.542500000000000000e+02 2.351809999999999816e-46
1.545000000000000000e+02 2.203239999999999854e-46
1.547500000000000000e+02 2.115380000000000172e-46
1.550000000000000000e+02 2.072580000000000037e-46
1.552500000000000000e+02 2.057249999999999848e-46
1.555000000000000000e+02 2.061259999999999972e-46
1.557500000000000000e+02 2.084940000000000118e-46
1.560000000000000000e+02 2.138280000000000015e-46
1.562500000000000000e+02 2.239330000000000191e-46
1.565000000000000000e+02 2.467020000000000115e-46
1.567500000000000000e+02 3.111000000000000002e-46
1.570000000000000000e+02 6.055069999999999690e-46
1.572500000000000000e+02 3.697080000000000144e-45
1.575000000000000000e+02 2.192709999999999958e-45
1.577500000000000000e+02 4.619980000000000066e-46
1.580000000000000000e+02 2.850169999999999960e-46
1.582500000000000000e+02 2.379239999999999986e-46
1.585000000000000000e+02 2.199580000000000106e-46
1.587500000000000000e+02 2.115439999999999836e-46
1.590000000000000000e+02 2.065289999999999984e-46
1.592500000000000000e+02 2.034159999999999901e-46
1.595000000000000000e+02 2.013770000000000017e-46
1.597500000000000000e+02 1.998610000000000044e-46
1.600000000000000000e+02 1.987900000000000066e-46
1.602500000000000000e+02 1.979760000000000101e-46
1.605000000000000000e+02 1.972759999999999981e-46
1.607500000000000000e+02 1.966480000000000111e-46
1.610000000000000000e+02 1.961350000000000030e-46
1.612500000000000000e+02 1.957209999999999856e-46
1.615000000000000000e+02 1.954269999999999968e-46
1.617500000000000000e+02 1.952430000000000150e-46
1.620000000000000000e+02 1.950649999999999996e-46
1.622500000000000000e+02 1.949370000000000157e-46
1.625000000000000000e+02 1.948330000000000141e-46
1.627500000000000000e+02 1.947759999999999829e-46
1.630000000000000000e+02 1.947300000000000069e-46
1.632500000000000000e+02 1.946859999999999808e-46
1.635000000000000000e+02 1.946279999999999942e-46
1.637500000000000000e+02 1.945970000000000120e-46
1.640000000000000000e+02 1.945560000000000081e-46
1.642500000000000000e+02 1.945469999999999806e-46
1.645000000000000000e+02 1.945270000000000147e-46
1.647500000000000000e+02 1.945299999999999979e-46
1.650000000000000000e+02 1.945130000000000153e-46
1.652500000000000000e+02 1.945089999999999988e-46
1.655000000000000000e+02 1.945150000000000041e-46
1.657500000000000000e+02 1.945089999999999988e-46
1.660000000000000000e+02 1.945099999999999932e-46
1.662500000000000000e+02 1.945109999999999876e-46
1.665000000000000000e+02 1.945299999999999979e-46
1.667500000000000000e+02 1.945589999999999913e-46
1.670000000000000000e+02 1.945560000000000081e-46
1.672500000000000000e+02 1.945850000000000014e-46
1.675000000000000000e+02 1.945929999999999955e-46
1.677500000000000000e+02 1.946030000000000174e-46
1.680000000000000000e+02 1.946279999999999942e-46
1.682500000000000000e+02 1.946380000000000160e-46
1.685000000000000000e+02 1.946489999999999934e-46
1.687500000000000000e+02 1.946670000000000094e-46
1.690000000000000000e+02 1.946569999999999875e-46
1.692500000000000000e+02 1.946810000000000088e-46
1.695000000000000000e+02 1.946730000000000147e-46
1.697500000000000000e+02 1.946590000000000152e-46
1.700000000000000000e+02 1.946769999999999923e-46
1.702500000000000000e+02 1.946509999999999822e-46
1.705000000000000000e+02 1.946670000000000094e-46
1.707500000000000000e+02 1.946639999999999872e-46
1.710000000000000000e+02 1.946709999999999870e-46
1.712500000000000000e+02 1.946689999999999982e-46
1.715000000000000000e+02 1.946880000000000085e-46
1.717500000000000000e+02 1.946579999999999819e-46
1.720000000000000000e+02 1.946299999999999830e-46
1.722500000000000000e+02 1.946180000000000112e-46
1.725000000000000000e+02 1.946040000000000118e-46
1.727500000000000000e+02 1.945890000000000179e-46
1.730000000000000000e+02 1.945690000000000131e-46
1.732500000000000000e+02 1.945469999999999806e-46
1.735000000000000000e+02 1.945410000000000142e-46
1.737500000000000000e+02 1.945169999999999929e-46
1.740000000000000000e+02 1.944959999999999937e-46
1.742500000000000000e+02 1.944959999999999937e-46
1.745000000000000000e+02 1.944780000000000166e-46
1.747500000000000000e+02 1.944520000000000065e-46
1.750000000000000000e+02 1.944310000000000073e-46
1.752500000000000000e+02 1.943909999999999977e-46
1.755000000000000000e+02 1.943449999999999828e-46
1.757500000000000000e+02 1.942949999999999903e-46
1.760000000000000000e+02 1.942720000000000023e-46
1.762500000000000000e+02 1.942459999999999922e-46
1.765000000000000000e+02 1.942230000000000042e-46
1.767500000000000000e+02 1.941800000000000114e-46
1.770000000000000000e+02 1.941530000000000069e-46
1.772500000000000000e+02 1.941009999999999866e-46
1.775000000000000000e+02 1.940610000000000160e-46
1.777500000000000000e+02 1.940459999999999832e-46
1.780000000000000000e+02 1.940200000000000120e-46
1.782500000000000000e+02 1.939800000000000024e-46
1.785000000000000000e+02 1.939399999999999928e-46
1.787500000000000000e+02 1.938769999999999952e-46
1.790000000000000000e+02 1.938299999999999859e-46
1.792500000000000000e+02 1.937809999999999878e-46
1.795000000000000000e+02 1.937379999999999950e-46
1.797500000000000000e+02 1.936629999999999868e-46
1.800000000000000000e+02 1.936149999999999831e-46
1.802500000000000000e+02 1.935519999999999855e-46
1.805000000000000000e+02 1.935060000000000095e-46
1.807500000000000000e+02 1.934609999999999890e-46
1.810000000000000000e+02 1.934129999999999853e-46
1.812500000000000000e+02 1.933689999999999981e-46
1.815000000000000000e+02 1.932859999999999957e-46
1.817500000000000000e+02 1.932239999999999925e-46
1.820000000000000000e+02 1.931570000000000173e-46
1.822500000000000000e+02 1.931150000000000189e-46
1.825000000000000000e+02 1.930489999999999993e-46
1.827500000000000000e+02 1.929830000000000185e-46
1.830000000000000000e+02 1.929189999999999876e-46
1.832500000000000000e+02 1.928499999999999847e-46
1.835000000000000000e+02 1.927869999999999871e-46
1.837500000000000000e+02 1.927179999999999842e-46
1.840000000000000000e+02 1.926710000000000138e-46
1.842500000000000000e+02 1.925900000000000002e-46
1.845000000000000000e+02 1.925089999999999866e-46
1.847500000000000000e+02 1.924490000000000112e-46
1.850000000000000000e+02 1.923709999999999808e-46
1.852500000000000000e+02 1.923209999999999883e-46
1.855000000000000000e+02 1.922560000000000019e-46
1.857500000000000000e+02 1.921879999999999934e-46
1.860000000000000000e+02 1.920950000000000081e-46
1.862500000000000000e+02 1.920279999999999940e-46
1.865000000000000000e+02 1.919490000000000082e-46
1.867500000000000000e+02 1.918850000000000162e-46
1.870000000000000000e+02 1.917999999999999861e-46
1.872500000000000000e+02 1.917250000000000168e-46
1.875000000000000000e+02 1.916720000000000021e-46
1.877500000000000000e+02 1.916020000000000048e-46
1.880000000000000000e+02 1.915590000000000120e-46
1.882500000000000000e+02 1.914970000000000088e-46
1.885000000000000000e+02 1.914449999999999886e-46
1.887500000000000000e+02 1.914000000000000070e-46
1.890000000000000000e+02 1.913720000000000081e-46
1.892500000000000000e+02 1.913459999999999980e-46
1.895000000000000000e+02 1.912960000000000054e-46
1.897500000000000000e+02 1.912690000000000009e-46
1.900000000000000000e+02 1.912639999999999900e-46
1.902500000000000000e+02 1.912680000000000065e-46
1.905000000000000000e+02 1.912800000000000172e-46
1.907500000000000000e+02 1.913160000000000102e-46
1.910000000000000000e+02 1.913570000000000142e-46
1.912500000000000000e+02 1.914350000000000057e-46
1.915000000000000000e+02 1.915479999999999958e-46
1.917500000000000000e+02 1.917009999999999954e-46
1.920000000000000000e+02 1.918790000000000108e-46
1.922500000000000000e+02 1.921269999999999846e-46
1.925000000000000000e+02 1.924150000000000069e-46
1.927500000000000000e+02 1.927649999999999935e-46
1.930000000000000000e+02 1.932140000000000096e-46
1.932500000000000000e+02 1.937879999999999875e-46
1.935000000000000000e+02 1.945019999999999990e-46
1.937500000000000000e+02 1.954240000000000136e-46
1.940000000000000000e+02 1.965730000000000028e-46
1.942500000000000000e+02 1.978679999999999920e-46
1.945000000000000000e+02 1.994910000000000130e-46
1.947500000000000000e+02 2.014030000000000118e-46
1.950000000000000000e+02 2.038049999999999918e-46
1.952500000000000000e+02 2.060960000000000094e-46
1.955000000000000000e+02 2.086089999999999907e-46
1.957500000000000000e+02 2.118600000000000048e-46
1.960000000000000000e+02 2.158539999999999848e-46
1.962500000000000000e+02 2.208989999999999967e-46
1.965000000000000000e+02 2.275430000000000082e-46
1.967500000000000000e+02 2.364760000000000097e-46
1.970000000000000000e+02 2.492530000000000136e-46
1.972500000000000000e+02 2.682559999999999951e-46
1.975000000000000000e+02 2.976149999999999901e-46
1.977500000000000000e+02 3.466730000000000011e-46
1.980000000000000000e+02 4.365760000000000382e-46
1.982500000000000000e+02 6.275520000000000060e-46
1.985000000000000000e+02 1.153949999999999951e-45
1.987500000000000000e+02 3.681199999999999999e-45
1.990000000000000000e+02 2.537299999999999984e-44
1.992500000000000000e+02 3.385949999999999923e-45
1.995000000000000000e+02 1.108580000000000038e-45
1.997500000000000000e+02 6.093979999999999807e-46
2.000000000000000000e+02 4.265089999999999636e-46
2.002500000000000000e+02 3.402729999999999857e-46
2.005000000000000000e+02 2.927329999999999998e-46
2.007500000000000000e+02 2.638940000000000126e-46
2.010000000000000000e+02 2.453470000000000080e-46
2.012500000000000000e+02 2.327290000000000091e-46
2.015000000000000000e+02 2.235880000000000045e-46
2.017500000000000000e+02 2.166879999999999861e-46
2.020000000000000000e+02 2.113360000000000194e-46
2.022500000000000000e+02 2.071369999999999806e-46
2.025000000000000000e+02 2.038090000000000084e-46
2.027500000000000000e+02 2.010109999999999880e-46
2.030000000000000000e+02 1.985680000000000040e-46
2.032500000000000000e+02 1.960790000000000051e-46
2.035000000000000000e+02 1.938239999999999806e-46
2.037500000000000000e+02 1.919960000000000175e-46
2.040000000000000000e+02 1.903319999999999925e-46
2.042500000000000000e+02 1.890550000000000193e-46
2.045000000000000000e+02 1.879699999999999831e-46
2.047500000000000000e+02 1.870120000000000144e-46
2.050000000000000000e+02 1.861770000000000187e-46
2.052500000000000000e+02 1.854700000000000069e-46
2.055000000000000000e+02 1.849070000000000063e-46
2.057500000000000000e+02 1.843829999999999820e-46
2.060000000000000000e+02 1.839209999999999997e-46
2.062500000000000000e+02 1.834769999999999945e-46
2.065000000000000000e+02 1.830930000000000037e-46
2.067500000000000000e+02 1.827469999999999948e-46
2.070000000000000000e+02 1.824139999999999909e-46
2.072500000000000000e+02 1.820729999999999929e-46
2.075000000000000000e+02 1.817910000000000148e-46
2.077500000000000000e+02 1.814940000000000040e-46
2.080000000000000000e+02 1.812090000000000038e-46
2.082500000000000000e+02 1.809790000000000071e-46
2.085000000000000000e+02 1.807169999999999949e-46
2.087500000000000000e+02 1.805009999999999977e-46
2.090000000000000000e+02 1.802640000000000012e-46
2.092500000000000000e+02 1.800429999999999930e-46
2.095000000000000000e+02 1.798040000000000078e-46
2.097500000000000000e+02 1.795699999999999945e-46
2.100000000000000000e+02 1.793549999999999917e-46
2.102500000000000000e+02 1.791399999999999888e-46
2.105000000000000000e+02 1.789290000000000025e-46
2.107500000000000000e+02 1.787060000000000055e-46
2.110000000000000000e+02 1.784649999999999925e-46
2.112500000000000000e+02 1.782450000000000176e-46
2.115000000000000000e+02 1.780440000000000142e-46
2.117500000000000000e+02 1.778269999999999837e-46
2.120000000000000000e+02 1.776070000000000088e-46
2.122500000000000000e+02 1.774009999999999945e-46
2.125000000000000000e+02 1.772230000000000180e-46
2.127500000000000000e+02 1.770500000000000135e-46
2.130000000000000000e+02 1.768529999999999877e-46
2.132500000000000000e+02 1.766330000000000129e-46
2.135000000000000000e+02 1.764390000000000092e-46
2.137500000000000000e+02 1.762349999999999837e-46
2.140000000000000000e+02 1.760239999999999973e-46
2.142500000000000000e+02 1.758369999999999934e-46
2.145000000000000000e+02 1.756600000000000113e-46
2.147500000000000000e+02 1.754679999999999965e-46
2.150000000000000000e+02 1.752829999999999814e-46
2.152500000000000000e+02 1.750689999999999923e-46
2.155000000000000000e+02 1.748480000000000036e-46
2.157500000000000000e+02 1.746679999999999994e-46
2.160000000000000000e+02 1.744690000000000043e-46
2.162500000000000000e+02 1.742390000000000075e-46
2.165000000000000000e+02 1.740240000000000047e-46
2.167500000000000000e+02 1.738199999999999986e-46
2.170000000000000000e+02 1.736219999999999979e-46
2.172500000000000000e+02 1.734200000000000001e-46
2.175000000000000000e+02 1.732269999999999908e-46
2.177500000000000000e+02 1.730209999999999960e-46
2.180000000000000000e+02 1.728059999999999931e-46
2.182500000000000000e+02 1.726060000000000036e-46
2.185000000000000000e+02 1.724010000000000031e-46
2.187500000000000000e+02 1.721839999999999920e-46
2.190000000000000000e+02 1.719690000000000086e-46
2.192500000000000000e+02 1.717680000000000052e-46
2.195000000000000000e+02 1.715560000000000050e-46
2.197500000000000000e+02 1.713480000000000019e-46
2.200000000000000000e+02 1.711159999999999969e-46
2.202500000000000000e+02 1.709139999999999991e-46
2.205000000000000000e+02 1.706889999999999938e-46
2.207500000000000000e+02 1.704750000000000048e-46
2.210000000000000000e+02 1.702350000000000057e-46
2.212500000000000000e+02 1.700710000000000092e-46
2.215000000000000000e+02 1.698420000000000069e-46
2.217500000000000000e+02 1.696260000000000097e-46
2.220000000000000000e+02 1.693919999999999964e-46
2.222500000000000000e+02 1.691540000000000056e-46
2.225000000000000000e+02 1.689479999999999912e-46
2.227500000000000000e+02 1.687270000000000025e-46
2.230000000000000000e+02 1.684800000000000037e-46
2.232500000000000000e+02 1.682479999999999987e-46
2.235000000000000000e+02 1.680149999999999993e-46
2.237500000000000000e+02 1.677799999999999916e-46
2.240000000000000000e+02 1.675690000000000053e-46
2.242500000000000000e+02 1.673400000000000030e-46
2.245000000000000000e+02 1.670939999999999985e-46
2.247500000000000000e+02 1.668749999999999986e-46
2.250000000000000000e+02 1.666450000000000019e-46
2.252500000000000000e+02 1.664129999999999969e-46
2.255000000000000000e+02 1.661839999999999946e-46
2.257500000000000000e+02 1.659609999999999976e-46
2.260000000000000000e+02 1.657489999999999974e-46
2.262500000000000000e+02 1.655190000000000007e-46
2.265000000000000000e+02 1.652680000000000048e-46
2.267500000000000000e+02 1.650479999999999910e-46
2.270000000000000000e+02 1.648079999999999919e-46
2.272500000000000000e+02 1.645700000000000010e-46
2.275000000000000000e+02 1.643319999999999907e-46
2.277500000000000000e+02 1.640960000000000081e-46
2.280000000000000000e+02 1.638180000000000076e-46
2.282500000000000000e+02 1.635799999999999973e-46
2.285000000000000000e+02 1.632970000000000054e-46
2.287500000000000000e+02 1.630300000000000018e-46
2.290000000000000000e+02 1.627639999999999926e-46
2.292500000000000000e+02 1.624970000000000084e-46
2.295000000000000000e+02 1.622389999999999933e-46
2.297500000000000000e+02 1.620080000000000021e-46
2.300000000000000000e+02 1.617530000000000092e-46
2.302500000000000000e+02 1.615100000000000074e-46
2.305000000000000000e+02 1.612460000000000064e-46
2.307500000000000000e+02 1.609489999999999956e-46
2.310000000000000000e+02 1.606849999999999946e-46
2.312500000000000000e+02 1.604109999999999912e-46
2.315000000000000000e+02 1.601340000000000046e-46
2.317500000000000000e+02 1.598560000000000042e-46
2.320000000000000000e+02 1.595610000000000016e-46
2.322500000000000000e+02 1.592949999999999924e-46
2.325000000000000000e+02 1.590029999999999925e-46
2.327500000000000000e+02 1.587319999999999918e-46
2.330000000000000000e+02 1.584609999999999911e-46
2.332500000000000000e+02 1.582120000000000034e-46
2.335000000000000000e+02 1.579270000000000033e-46
2.337500000000000000e+02 1.576380000000000060e-46
2.340000000000000000e+02 1.573700000000000080e-46
2.342500000000000000e+02 1.570960000000000046e-46
2.345000000000000000e+02 1.568280000000000066e-46
2.347500000000000000e+02 1.565670000000000083e-46
2.350000000000000000e+02 1.562869999999999996e-46
2.352500000000000000e+02 1.560199999999999959e-46
2.355000000000000000e+02 1.557389999999999928e-46
2.357500000000000000e+02 1.554779999999999945e-46
2.360000000000000000e+02 1.552199999999999989e-46
2.362500000000000000e+02 1.549300000000000072e-46
2.365000000000000000e+02 1.546660000000000062e-46
2.367500000000000000e+02 1.544020000000000053e-46
2.370000000000000000e+02 1.541210000000000022e-46
2.372500000000000000e+02 1.538299999999999967e-46
2.375000000000000000e+02 1.535780000000000064e-46
2.377500000000000000e+02 1.533550000000000094e-46
2.380000000000000000e+02 1.530799999999999921e-46
2.382500000000000000e+02 1.528179999999999994e-46
2.385000000000000000e+02 1.525280000000000078e-46
2.387500000000000000e+02 1.522510000000000017e-46
2.390000000000000000e+02 1.519599999999999963e-46
2.392500000000000000e+02 1.516950000000000009e-46
2.395000000000000000e+02 1.514480000000000020e-46
2.397500000000000000e+02 1.511840000000000010e-46
2.400000000000000000e+02 1.509379999999999966e-46
2.402500000000000000e+02 1.506820000000000092e-46
2.405000000000000000e+02 1.504369999999999992e-46
2.407500000000000000e+02 1.501830000000000006e-46
2.410000000000000000e+02 1.499050000000000002e-46
2.412500000000000000e+02 1.496330000000000050e-46
2.415000000000000000e+02 1.493760000000000038e-46
2.417500000000000000e+02 1.491239999999999940e-46
2.420000000000000000e+02 1.488720000000000037e-46
2.422500000000000000e+02 1.485970000000000059e-46
2.425000000000000000e+02 1.483389999999999908e-46
2.427500000000000000e+02 1.480520000000000019e-46
2.430000000000000000e+02 1.477870000000000065e-46
2.432500000000000000e+02 1.475109999999999948e-46
2.435000000000000000e+02 1.472550000000000075e-46
2.437500000000000000e+02 1.469889999999999982e-46
2.440000000000000000e+02 1.467310000000000026e-46
2.442500000000000000e+02 1.464320000000000029e-46
2.445000000000000000e+02 1.461640000000000049e-46
2.447500000000000000e+02 1.459100000000000063e-46
2.450000000000000000e+02 1.456159999999999982e-46
2.452500000000000000e+02 1.453190000000000068e-46
2.455000000000000000e+02 1.450329999999999928e-46
2.457500000000000000e+02 1.447800000000000080e-46
2.460000000000000000e+02 1.445179999999999959e-46
2.462500000000000000e+02 1.442480000000000090e-46
2.465000000000000000e+02 1.439850000000000024e-46
2.467500000000000000e+02 1.437249999999999985e-46
2.470000000000000000e+02 1.434549999999999922e-46
2.472500000000000000e+02 1.431950000000000078e-46
2.475000000000000000e+02 1.428949999999999943e-46
2.477500000000000000e+02 1.426600000000000061e-46
2.480000000000000000e+02 1.424499999999999947e-46
2.482500000000000000e+02 1.422190000000000036e-46
2.485000000000000000e+02 1.419599999999999941e-46
2.487500000000000000e+02 1.416980000000000014e-46
2.490000000000000000e+02 1.414549999999999996e-46
2.492500000000000000e+02 1.412049999999999981e-46
2.495000000000000000e+02 1.409710000000000043e-46
2.497500000000000000e+02 1.407770000000000006e-46
2.500000000000000000e+02 1.405689999999999975e-46
2.502500000000000000e+02 1.403059999999999909e-46
2.505000000000000000e+02 1.400939999999999907e-46
2.507500000000000000e+02 1.398019999999999908e-46
2.510000000000000000e+02 1.395779999999999994e-46
2.512500000000000000e+02 1.393289999999999923e-46
2.515000000000000000e+02 1.390940000000000041e-46
2.517500000000000000e+02 1.388699999999999933e-46
2.520000000000000000e+02 1.386359999999999995e-46
2.522500000000000000e+02 1.383980000000000086e-46
2.525000000000000000e+02 1.381690000000000063e-46
2.527500000000000000e+02 1.379479999999999981e-46
2.530000000000000000e+02 1.377350000000000035e-46
2.532500000000000000e+02 1.374980000000000071e-46
2.535000000000000000e+02 1.372730000000000018e-46
2.537500000000000000e+02 1.370500000000000048e-46
2.540000000000000000e+02 1.368439999999999905e-46
2.542500000000000000e+02 1.366109999999999911e-46
2.545000000000000000e+02 1.364049999999999962e-46
2.547500000000000000e+02 1.361659999999999915e-46
2.550000000000000000e+02 1.359580000000000079e-46
2.552500000000000000e+02 1.357579999999999989e-46
