0.000000000000000000e+00 5.000000000000000000e-01
2.500000000000000000e-01 5.000000000000000000e-01
5.000000000000000000e-01 5.000000000000000000e-01
7.500000000000000000e-01 5.000000000000000000e-01
1.000000000000000000e+00 5.000000000000000000e-01
1.250000000000000000e+00 5.000000000000000000e-01
1.500000000000000000e+00 5.000000000000000000e-01
1.750000000000000000e+00 5.000000000000000000e-01
2.000000000000000000e+00 5.000000000000000000e-01
2.250000000000000000e+00 5.000000000000000000e-01
2.500000000000000000e+00 5.000000000000000000e-01
2.750000000000000000e+00 5.000000000000000000e-01
3.000000000000000000e+00 5.000000000000000000e-01
3.250000000000000000e+00 5.000000000000000000e-01
3.500000000000000000e+00 5.000000000000000000e-01
3.750000000000000000e+00 5.000000000000000000e-01
4.000000000000000000e+00 5.000000000000000000e-01
4.250000000000000000e+00 5.000000000000000000e-01
4.500000000000000000e+00 5.000000000000000000e-01
4.750000000000000000e+00 5.000000000000000000e-01
5.000000000000000000e+00 5.000000000000000000e-01
5.250000000000000000e+00 5.000000000000000000e-01
5.500000000000000000e+00 5.000000000000000000e-01
5.750000000000000000e+00 5.000000000000000000e-01
6.000000000000000000e+00 5.000000000000000000e-01
6.250000000000000000e+00 5.000000000000000000e-01
6.500000000000000000e+00 5.000000000000000000e-01
6.750000000000000000e+00 5.000000000000000000e-01
7.000000000000000000e+00 5.000000000000000000e-01
7.250000000000000000e+00 5.000000000000000000e-01
7.500000000000000000e+00 5.000000000000000000e-01
7.750000000000000000e+00 5.000000000000000000e-01
8.000000000000000000e+00 5.000000000000000000e-01
8.250000000000000000e+00 5.000000000000000000e-01
8.500000000000000000e+00 5.000000000000000000e-01
8.750000000000000000e+00 5.000000000000000000e-01
9.000000000000000000e+00 5.000000000000000000e-01
9.250000000000000000e+00 5.000000000000000000e-01
9.500000000000000000e+00 5.000000000000000000e-01
9.750000000000000000e+00 5.000000000000000000e-01
1.000000000000000000e+01 5.000000000000000000e-01
1.025000000000000000e+01 5.000000000000000000e-01
1.050000000000000000e+01 5.000000000000000000e-01
1.075000000000000000e+01 5.000000000000000000e-01
1.100000000000000000e+01 5.000000000000000000e-01
1.125000000000000000e+01 5.000000000000000000e-01
1.150000000000000000e+01 5.000000000000000000e-01
1.175000000000000000e+01 5.000000000000000000e-01
1.200000000000000000e+01 5.000000000000000000e-01
1.225000000000000000e+01 5.000000000000000000e-01
1.250000000000000000e+01 5.000000000000000000e-01
1.275000000000000000e+01 5.000000000000000000e-01
1.300000000000000000e+01 5.000000000000000000e-01
1.325000000000000000e+01 5.000000000000000000e-01
1.350000000000000000e+01 5.000000000000000000e-01
1.375000000000000000e+01 5.000000000000000000e-01
1.400000000000000000e+01 5.000000000000000000e-01
1.425000000000000000e+01 5.000000000000000000e-01
1.450000000000000000e+01 5.000000000000000000e-01
1.475000000000000000e+01 5.000000000000000000e-01
1.500000000000000000e+01 5.000000000000000000e-01
1.525000000000000000e+01 5.000000000000000000e-01
1.550000000000000000e+01 5.000000000000000000e-01
1.575000000000000000e+01 5.000000000000000000e-01
1.600000000000000000e+01 4.342979999999999709e-43
1.625000000000000000e+01 3.515259999999999853e-43
1.650000000000000000e+01 2.844180000000000049e-43
1.675000000000000000e+01 2.301659999999999977e-43
1.700000000000000000e+01 1.857869999999999986e-43
1.725000000000000000e+01 1.492989999999999918e-43
1.750000000000000000e+01 1.199639999999999966e-43
1.775000000000000000e+01 9.618030000000000846e-44
1.800000000000000000e+01 7.745550000000000169e-44
1.825000000000000000e+01 6.246670000000000259e-44
1.850000000000000000e+01 5.042060000000000181e-44
1.875000000000000000e+01 4.090989999999999859e-44
1.900000000000000000e+01 3.342679999999999991e-44
1.925000000000000000e+01 2.757299999999999822e-44
1.950000000000000000e+01 2.280879999999999913e-44
1.975000000000000000e+01 1.888980000000000093e-44
2.000000000000000000e+01 1.572709999999999878e-44
2.025000000000000000e+01 1.317159999999999981e-44
2.050000000000000000e+01 1.104860000000000003e-44
2.075000000000000000e+01 9.298529999999999473e-45
2.100000000000000000e+01 7.844379999999999914e-45
2.125000000000000000e+01 6.637579999999999581e-45
2.150000000000000000e+01 5.629709999999999910e-45
2.175000000000000000e+01 4.778809999999999802e-45
2.200000000000000000e+01 4.072890000000000060e-45
2.225000000000000000e+01 3.482339999999999878e-45
2.250000000000000000e+01 2.985690000000000202e-45
2.275000000000000000e+01 2.569579999999999855e-45
2.300000000000000000e+01 2.218789999999999979e-45
2.325000000000000000e+01 1.922929999999999894e-45
2.350000000000000000e+01 1.673889999999999855e-45
2.375000000000000000e+01 1.464609999999999846e-45
2.400000000000000000e+01 1.287039999999999941e-45
2.425000000000000000e+01 1.136619999999999983e-45
2.450000000000000000e+01 1.010519999999999936e-45
2.475000000000000000e+01 9.061130000000000277e-46
2.500000000000000000e+01 8.154540000000000584e-46
2.525000000000000000e+01 7.388379999999999333e-46
2.550000000000000000e+01 6.739730000000000293e-46
2.575000000000000000e+01 6.204040000000000137e-46
2.600000000000000000e+01 5.779469999999999827e-46
2.625000000000000000e+01 5.480460000000000252e-46
2.650000000000000000e+01 5.408509999999999847e-46
2.675000000000000000e+01 5.782099999999999893e-46
2.700000000000000000e+01 7.079020000000000099e-46
2.725000000000000000e+01 1.533499999999999946e-45
2.750000000000000000e+01 1.007129999999999953e-44
2.775000000000000000e+01 1.312319999999999926e-45
2.800000000000000000e+01 6.006840000000000375e-46
2.825000000000000000e+01 4.415079999999999822e-46
2.850000000000000000e+01 3.695770000000000161e-46
2.875000000000000000e+01 3.253269999999999817e-46
2.900000000000000000e+01 2.966149999999999841e-46
2.925000000000000000e+01 2.763829999999999942e-46
2.950000000000000000e+01 2.612439999999999810e-46
2.975000000000000000e+01 2.491809999999999886e-46
3.000000000000000000e+01 2.389360000000000153e-46
3.025000000000000000e+01 2.304280000000000086e-46
3.050000000000000000e+01 2.229420000000000015e-46
3.075000000000000000e+01 2.160909999999999812e-46
3.100000000000000000e+01 2.100279999999999863e-46
3.125000000000000000e+01 2.042289999999999922e-46
3.150000000000000000e+01 1.991739999999999974e-46
3.175000000000000000e+01 1.945589999999999913e-46
3.200000000000000000e+01 1.900469999999999923e-46
3.225000000000000000e+01 1.856119999999999903e-46
3.250000000000000000e+01 1.815340000000000136e-46
3.275000000000000000e+01 1.777110000000000104e-46
3.300000000000000000e+01 1.741339999999999921e-46
3.325000000000000000e+01 1.705960000000000085e-46
3.350000000000000000e+01 1.672520000000000091e-46
3.375000000000000000e+01 1.638789999999999970e-46
3.400000000000000000e+01 1.607840000000000047e-46
3.425000000000000000e+01 1.579209999999999979e-46
3.450000000000000000e+01 1.551530000000000042e-46
3.475000000000000000e+01 1.525379999999999907e-46
3.500000000000000000e+01 1.500269999999999982e-46
3.525000000000000000e+01 1.476249999999999988e-46
3.550000000000000000e+01 1.452490000000000095e-46
3.575000000000000000e+01 1.429600000000000001e-46
3.600000000000000000e+01 1.407550000000000070e-46
3.625000000000000000e+01 1.385779999999999934e-46
3.650000000000000000e+01 1.364970000000000066e-46
3.675000000000000000e+01 1.345179999999999937e-46
3.700000000000000000e+01 1.325760000000000071e-46
3.725000000000000000e+01 1.306759999999999995e-46
3.750000000000000000e+01 1.288260000000000039e-46
3.775000000000000000e+01 1.270169999999999928e-46
3.800000000000000000e+01 1.252390000000000027e-46
3.825000000000000000e+01 1.234469999999999937e-46
3.850000000000000000e+01 1.216949999999999943e-46
3.875000000000000000e+01 1.200070000000000064e-46
3.900000000000000000e+01 1.183660000000000083e-46
3.925000000000000000e+01 1.167169999999999966e-46
3.950000000000000000e+01 1.150939999999999950e-46
3.975000000000000000e+01 1.134650000000000076e-46
4.000000000000000000e+01 1.119160000000000004e-46
4.025000000000000000e+01 1.103990000000000086e-46
4.050000000000000000e+01 1.089169999999999961e-46
4.075000000000000000e+01 1.073909999999999963e-46
4.100000000000000000e+01 1.059580000000000013e-46
4.125000000000000000e+01 1.045519999999999914e-46
4.150000000000000000e+01 1.031350000000000042e-46
4.175000000000000000e+01 1.017580000000000070e-46
4.200000000000000000e+01 1.004459999999999963e-46
4.225000000000000000e+01 9.910719999999999547e-47
4.250000000000000000e+01 9.782190000000000648e-47
4.275000000000000000e+01 9.652629999999999344e-47
4.300000000000000000e+01 9.525480000000000893e-47
4.325000000000000000e+01 9.402389999999999952e-47
4.350000000000000000e+01 9.280709999999999679e-47
4.375000000000000000e+01 9.160399999999999132e-47
4.400000000000000000e+01 9.042849999999999478e-47
4.425000000000000000e+01 8.927309999999999081e-47
4.450000000000000000e+01 8.813429999999999898e-47
4.475000000000000000e+01 8.702590000000000431e-47
4.500000000000000000e+01 8.594239999999999869e-47
4.525000000000000000e+01 8.485569999999999541e-47
4.550000000000000000e+01 8.381640000000000115e-47
4.575000000000000000e+01 8.278829999999999868e-47
4.600000000000000000e+01 8.179709999999999590e-47
4.625000000000000000e+01 8.080590000000000284e-47
4.650000000000000000e+01 7.982919999999999673e-47
4.675000000000000000e+01 7.887680000000000441e-47
4.700000000000000000e+01 7.793939999999999623e-47
4.725000000000000000e+01 7.702189999999999535e-47
4.750000000000000000e+01 7.613369999999999973e-47
4.775000000000000000e+01 7.525330000000000325e-47
4.800000000000000000e+01 7.438130000000000062e-47
4.825000000000000000e+01 7.352359999999999966e-47
4.850000000000000000e+01 7.267390000000000256e-47
4.875000000000000000e+01 7.184709999999999597e-47
4.900000000000000000e+01 7.104820000000000053e-47
4.925000000000000000e+01 7.025090000000000392e-47
4.950000000000000000e+01 6.948029999999999990e-47
4.975000000000000000e+01 6.871170000000000413e-47
5.000000000000000000e+01 6.795430000000000015e-47
5.025000000000000000e+01 6.721479999999999521e-47
5.050000000000000000e+01 6.649909999999999713e-47
5.075000000000000000e+01 6.578630000000000422e-47
5.100000000000000000e+01 6.509170000000000284e-47
5.125000000000000000e+01 6.440830000000000296e-47
5.150000000000000000e+01 6.373690000000000402e-47
5.175000000000000000e+01 6.308740000000000118e-47
5.200000000000000000e+01 6.243920000000000467e-47
5.225000000000000000e+01 6.181690000000000134e-47
5.250000000000000000e+01 6.117489999999999544e-47
5.275000000000000000e+01 6.055619999999999919e-47
5.300000000000000000e+01 5.994100000000000281e-47
5.325000000000000000e+01 5.934709999999999811e-47
5.350000000000000000e+01 5.876990000000000305e-47
5.375000000000000000e+01 5.818710000000000237e-47
5.400000000000000000e+01 5.762170000000000353e-47
5.425000000000000000e+01 5.706060000000000396e-47
5.450000000000000000e+01 5.651099999999999839e-47
5.475000000000000000e+01 5.597890000000000188e-47
5.500000000000000000e+01 5.544899999999999889e-47
5.525000000000000000e+01 5.493510000000000362e-47
5.550000000000000000e+01 5.442199999999999804e-47
5.575000000000000000e+01 5.391360000000000117e-47
5.600000000000000000e+01 5.342040000000000288e-47
5.625000000000000000e+01 5.293949999999999801e-47
5.650000000000000000e+01 5.247370000000000395e-47
5.675000000000000000e+01 5.201520000000000211e-47
5.700000000000000000e+01 5.156560000000000104e-47
5.725000000000000000e+01 5.112410000000000132e-47
5.750000000000000000e+01 5.069909999999999681e-47
5.775000000000000000e+01 5.028610000000000294e-47
5.800000000000000000e+01 4.991129999999999567e-47
5.825000000000000000e+01 4.960770000000000427e-47
5.850000000000000000e+01 4.936609999999999660e-47
5.875000000000000000e+01 4.922319999999999681e-47
5.900000000000000000e+01 4.915310000000000200e-47
5.925000000000000000e+01 4.924310000000000410e-47
5.950000000000000000e+01 4.971709999999999701e-47
5.975000000000000000e+01 5.218020000000000272e-47
6.000000000000000000e+01 2.626040000000000110e-45
6.025000000000000000e+01 5.167460000000000380e-47
6.050000000000000000e+01 4.821779999999999957e-47
6.075000000000000000e+01 4.692479999999999922e-47
6.100000000000000000e+01 4.606040000000000074e-47
6.125000000000000000e+01 4.536910000000000423e-47
6.150000000000000000e+01 4.477010000000000083e-47
6.175000000000000000e+01 4.425520000000000144e-47
6.200000000000000000e+01 4.380109999999999637e-47
6.225000000000000000e+01 4.339360000000000090e-47
6.250000000000000000e+01 4.302760000000000176e-47
6.275000000000000000e+01 4.267399999999999839e-47
6.300000000000000000e+01 4.233809999999999907e-47
6.325000000000000000e+01 4.201409999999999831e-47
6.350000000000000000e+01 4.169500000000000126e-47
6.375000000000000000e+01 4.138039999999999848e-47
6.400000000000000000e+01 4.107550000000000074e-47
6.425000000000000000e+01 4.077779999999999772e-47
6.450000000000000000e+01 4.047819999999999853e-47
6.475000000000000000e+01 4.018849999999999938e-47
6.500000000000000000e+01 3.990599999999999981e-47
6.525000000000000000e+01 3.962910000000000099e-47
6.550000000000000000e+01 3.935590000000000190e-47
6.575000000000000000e+01 3.908339999999999986e-47
6.600000000000000000e+01 3.881239999999999915e-47
6.625000000000000000e+01 3.854730000000000142e-47
6.650000000000000000e+01 3.828400000000000236e-47
6.675000000000000000e+01 3.802350000000000125e-47
6.700000000000000000e+01 3.777190000000000091e-47
6.725000000000000000e+01 3.752129999999999984e-47
6.750000000000000000e+01 3.727640000000000188e-47
6.775000000000000000e+01 3.703260000000000068e-47
6.800000000000000000e+01 3.679079999999999802e-47
6.825000000000000000e+01 3.655529999999999804e-47
6.850000000000000000e+01 3.631750000000000217e-47
6.875000000000000000e+01 3.608499999999999998e-47
6.900000000000000000e+01 3.586309999999999975e-47
6.925000000000000000e+01 3.563949999999999834e-47
6.950000000000000000e+01 3.541269999999999927e-47
6.975000000000000000e+01 3.519810000000000098e-47
7.000000000000000000e+01 3.498380000000000004e-47
7.025000000000000000e+01 3.477230000000000191e-47
7.050000000000000000e+01 3.456259999999999760e-47
7.075000000000000000e+01 3.436000000000000024e-47
7.100000000000000000e+01 3.415799999999999758e-47
7.125000000000000000e+01 3.396089999999999862e-47
7.150000000000000000e+01 3.376829999999999879e-47
7.175000000000000000e+01 3.357330000000000072e-47
7.200000000000000000e+01 3.338340000000000134e-47
7.225000000000000000e+01 3.319390000000000168e-47
7.250000000000000000e+01 3.300689999999999774e-47
7.275000000000000000e+01 3.282689999999999840e-47
7.300000000000000000e+01 3.264760000000000098e-47
7.325000000000000000e+01 3.247050000000000195e-47
7.350000000000000000e+01 3.229910000000000117e-47
7.375000000000000000e+01 3.212440000000000038e-47
7.400000000000000000e+01 3.195180000000000048e-47
7.425000000000000000e+01 3.178719999999999957e-47
7.450000000000000000e+01 3.162130000000000205e-47
7.475000000000000000e+01 3.145750000000000056e-47
7.500000000000000000e+01 3.129520000000000041e-47
7.525000000000000000e+01 3.113469999999999893e-47
7.550000000000000000e+01 3.097999999999999806e-47
7.575000000000000000e+01 3.082710000000000074e-47
7.600000000000000000e+01 3.067439999999999841e-47
7.625000000000000000e+01 3.052509999999999845e-47
7.650000000000000000e+01 3.037920000000000085e-47
7.675000000000000000e+01 3.023450000000000238e-47
7.700000000000000000e+01 3.008800000000000037e-47
7.725000000000000000e+01 2.994600000000000235e-47
7.750000000000000000e+01 2.980599999999999800e-47
7.775000000000000000e+01 2.966710000000000014e-47
7.800000000000000000e+01 2.953419999999999788e-47
7.825000000000000000e+01 2.940300000000000167e-47
7.850000000000000000e+01 2.927189999999999809e-47
7.875000000000000000e+01 2.914290000000000026e-47
7.900000000000000000e+01 2.901670000000000039e-47
7.925000000000000000e+01 2.889010000000000080e-47
7.950000000000000000e+01 2.876359999999999872e-47
7.975000000000000000e+01 2.864049999999999900e-47
8.000000000000000000e+01 2.851850000000000090e-47
8.025000000000000000e+01 2.839910000000000090e-47
8.050000000000000000e+01 2.828129999999999973e-47
8.075000000000000000e+01 2.816460000000000019e-47
8.100000000000000000e+01 2.805239999999999977e-47
8.125000000000000000e+01 2.793620000000000229e-47
8.150000000000000000e+01 2.782329999999999996e-47
8.175000000000000000e+01 2.771840000000000148e-47
8.200000000000000000e+01 2.761249999999999888e-47
8.225000000000000000e+01 2.750629999999999893e-47
8.250000000000000000e+01 2.739929999999999957e-47
8.275000000000000000e+01 2.729549999999999786e-47
8.300000000000000000e+01 2.719449999999999896e-47
8.325000000000000000e+01 2.709609999999999815e-47
8.350000000000000000e+01 2.699529999999999911e-47
8.375000000000000000e+01 2.689769999999999771e-47
8.400000000000000000e+01 2.680389999999999840e-47
8.425000000000000000e+01 2.671000000000000159e-47
8.450000000000000000e+01 2.661570000000000021e-47
8.475000000000000000e+01 2.652259999999999795e-47
8.500000000000000000e+01 2.642979999999999790e-47
8.525000000000000000e+01 2.633869999999999904e-47
8.550000000000000000e+01 2.625129999999999989e-47
8.575000000000000000e+01 2.616319999999999883e-47
8.600000000000000000e+01 2.607830000000000029e-47
8.625000000000000000e+01 2.599349999999999924e-47
8.650000000000000000e+01 2.590999999999999966e-47
8.675000000000000000e+01 2.582760000000000172e-47
8.700000000000000000e+01 2.574599999999999832e-47
8.725000000000000000e+01 2.566610000000000097e-47
8.750000000000000000e+01 2.558969999999999863e-47
8.775000000000000000e+01 2.551239999999999937e-47
8.800000000000000000e+01 2.543580000000000204e-47
8.825000000000000000e+01 2.536050000000000132e-47
8.850000000000000000e+01 2.528790000000000105e-47
8.875000000000000000e+01 2.521499999999999857e-47
8.900000000000000000e+01 2.514299999999999786e-47
8.925000000000000000e+01 2.507129999999999937e-47
8.950000000000000000e+01 2.499960000000000087e-47
8.975000000000000000e+01 2.493229999999999915e-47
9.000000000000000000e+01 2.486689999999999846e-47
9.025000000000000000e+01 2.479929999999999939e-47
9.050000000000000000e+01 2.473240000000000224e-47
9.075000000000000000e+01 2.466649999999999949e-47
9.100000000000000000e+01 2.460200000000000058e-47
9.125000000000000000e+01 2.453980000000000241e-47
9.150000000000000000e+01 2.447819999999999894e-47
9.175000000000000000e+01 2.441460000000000180e-47
9.200000000000000000e+01 2.435290000000000084e-47
9.225000000000000000e+01 2.429390000000000032e-47
9.250000000000000000e+01 2.423450000000000010e-47
9.275000000000000000e+01 2.417609999999999915e-47
9.300000000000000000e+01 2.411890000000000218e-47
9.325000000000000000e+01 2.406360000000000139e-47
9.350000000000000000e+01 2.401029999999999913e-47
9.375000000000000000e+01 2.395570000000000025e-47
9.400000000000000000e+01 2.390349999999999962e-47
9.425000000000000000e+01 2.385510000000000106e-47
9.450000000000000000e+01 2.380380000000000220e-47
9.475000000000000000e+01 2.375269999999999832e-47
9.500000000000000000e+01 2.370420000000000227e-47
9.525000000000000000e+01 2.365670000000000062e-47
9.550000000000000000e+01 2.360850000000000192e-47
9.575000000000000000e+01 2.356060000000000056e-47
9.600000000000000000e+01 2.351530000000000216e-47
9.625000000000000000e+01 2.347079999999999831e-47
9.650000000000000000e+01 2.342589999999999962e-47
9.675000000000000000e+01 2.338339999999999917e-47
9.700000000000000000e+01 2.334310000000000197e-47
9.725000000000000000e+01 2.330209999999999799e-47
9.750000000000000000e+01 2.325960000000000240e-47
9.775000000000000000e+01 2.322020000000000210e-47
9.800000000000000000e+01 2.318060000000000196e-47
9.825000000000000000e+01 2.314180000000000122e-47
9.850000000000000000e+01 2.310289999999999813e-47
9.875000000000000000e+01 2.306699999999999771e-47
9.900000000000000000e+01 2.302789999999999962e-47
9.925000000000000000e+01 2.299199999999999920e-47
9.950000000000000000e+01 2.295419999999999773e-47
9.975000000000000000e+01 2.292019999999999834e-47
1.000000000000000000e+02 2.288650000000000116e-47
1.002500000000000000e+02 2.285239999999999942e-47
1.005000000000000000e+02 2.281959999999999915e-47
1.007500000000000000e+02 2.278730000000000095e-47
1.010000000000000000e+02 2.275490000000000038e-47
1.012500000000000000e+02 2.272360000000000145e-47
1.015000000000000000e+02 2.269229999999999765e-47
1.017500000000000000e+02 2.266239999999999768e-47
1.020000000000000000e+02 2.263490000000000082e-47
1.022500000000000000e+02 2.260540000000000057e-47
1.025000000000000000e+02 2.257700000000000194e-47
1.027500000000000000e+02 2.255080000000000169e-47
1.030000000000000000e+02 2.252629999999999777e-47
1.032500000000000000e+02 2.250010000000000239e-47
1.035000000000000000e+02 2.247209999999999860e-47
1.037500000000000000e+02 2.244589999999999836e-47
1.040000000000000000e+02 2.242230000000000107e-47
1.042500000000000000e+02 2.239909999999999863e-47
1.045000000000000000e+02 2.237430000000000222e-47
1.047500000000000000e+02 2.234779999999999976e-47
1.050000000000000000e+02 2.232509999999999939e-47
1.052500000000000000e+02 2.230350000000000063e-47
1.055000000000000000e+02 2.228170000000000202e-47
1.057500000000000000e+02 2.226199999999999945e-47
1.060000000000000000e+02 2.223980000000000113e-47
1.062500000000000000e+02 2.222060000000000062e-47
1.065000000000000000e+02 2.220060000000000069e-47
1.067500000000000000e+02 2.218179999999999989e-47
1.070000000000000000e+02 2.216459999999999791e-47
1.072500000000000000e+02 2.214459999999999798e-47
1.075000000000000000e+02 2.212689999999999880e-47
1.077500000000000000e+02 2.211030000000000124e-47
1.080000000000000000e+02 2.209179999999999779e-47
1.082500000000000000e+02 2.207650000000000171e-47
1.085000000000000000e+02 2.206299999999999945e-47
1.087500000000000000e+02 2.204869999999999777e-47
1.090000000000000000e+02 2.203249999999999992e-47
1.092500000000000000e+02 2.201799999999999840e-47
1.095000000000000000e+02 2.200629999999999968e-47
1.097500000000000000e+02 2.199500000000000067e-47
1.100000000000000000e+02 2.197949999999999988e-47
1.102500000000000000e+02 2.196680000000000189e-47
1.105000000000000000e+02 2.195409999999999905e-47
1.107500000000000000e+02 2.194319999999999974e-47
1.110000000000000000e+02 2.193119999999999881e-47
1.112500000000000000e+02 2.192000000000000216e-47
1.115000000000000000e+02 2.190979999999999991e-47
1.117500000000000000e+02 2.189989999999999988e-47
1.120000000000000000e+02 2.189240000000000051e-47
1.122500000000000000e+02 2.188290000000000018e-47
1.125000000000000000e+02 2.187369999999999963e-47
1.127500000000000000e+02 2.186419999999999930e-47
1.130000000000000000e+02 2.185459999999999905e-47
1.132500000000000000e+02 2.184669999999999997e-47
1.135000000000000000e+02 2.183809999999999899e-47
1.137500000000000000e+02 2.183089999999999940e-47
1.140000000000000000e+02 2.182429999999999938e-47
1.142500000000000000e+02 2.181870000000000105e-47
1.145000000000000000e+02 2.181310000000000029e-47
1.147500000000000000e+02 2.180779999999999932e-47
1.150000000000000000e+02 2.180190000000000121e-47
1.152500000000000000e+02 2.179670000000000016e-47
1.155000000000000000e+02 2.179210000000000110e-47
1.157500000000000000e+02 2.178890000000000101e-47
1.160000000000000000e+02 2.178449999999999938e-47
1.162500000000000000e+02 2.177880000000000112e-47
1.165000000000000000e+02 2.177459999999999934e-47
1.167500000000000000e+02 2.177030000000000006e-47
1.170000000000000000e+02 2.176749999999999968e-47
1.172500000000000000e+02 2.176199999999999885e-47
1.175000000000000000e+02 2.176010000000000024e-47
1.177500000000000000e+02 2.175900000000000105e-47
1.180000000000000000e+02 2.175809999999999928e-47
1.182500000000000000e+02 2.175419999999999971e-47
1.185000000000000000e+02 2.175059999999999991e-47
1.187500000000000000e+02 2.175179999999999904e-47
1.190000000000000000e+02 2.174990000000000043e-47
1.192500000000000000e+02 2.174839999999999910e-47
1.195000000000000000e+02 2.174900000000000109e-47
1.197500000000000000e+02 2.174700000000000012e-47
1.200000000000000000e+02 2.174819999999999924e-47
1.202500000000000000e+02 2.174920000000000094e-47
1.205000000000000000e+02 2.175280000000000073e-47
1.207500000000000000e+02 2.175560000000000111e-47
1.210000000000000000e+02 2.175769999999999957e-47
1.212500000000000000e+02 2.176199999999999885e-47
1.215000000000000000e+02 2.176469999999999930e-47
1.217500000000000000e+02 2.176809999999999924e-47
1.220000000000000000e+02 2.177109999999999947e-47
1.222500000000000000e+02 2.177519999999999890e-47
1.225000000000000000e+02 2.177870000000000120e-47
1.227500000000000000e+02 2.178200000000000121e-47
1.230000000000000000e+02 2.178739999999999968e-47
1.232500000000000000e+02 2.179149999999999911e-47
1.235000000000000000e+02 2.179640000000000038e-47
1.237500000000000000e+02 2.180530000000000115e-47
1.240000000000000000e+02 2.181010000000000006e-47
1.242500000000000000e+02 2.181580000000000074e-47
1.245000000000000000e+02 2.182099999999999936e-47
1.247500000000000000e+02 2.182540000000000100e-47
1.250000000000000000e+02 2.183200000000000103e-47
1.252500000000000000e+02 2.183610000000000045e-47
1.255000000000000000e+02 2.184280000000000040e-47
1.257500000000000000e+02 2.184970000000000021e-47
1.260000000000000000e+02 2.185590000000000052e-47
1.262500000000000000e+02 2.186119999999999907e-47
1.265000000000000000e+02 2.186809999999999888e-47
1.267500000000000000e+02 2.187510000000000104e-47
1.270000000000000000e+02 2.188240000000000055e-47
1.272500000000000000e+02 2.189260000000000037e-47
1.275000000000000000e+02 2.190100000000000150e-47
1.277500000000000000e+02 2.190789999999999888e-47
1.280000000000000000e+02 2.191670000000000215e-47
1.282500000000000000e+02 2.192579999999999791e-47
1.285000000000000000e+02 2.193369999999999941e-47
1.287500000000000000e+02 2.194419999999999901e-47
1.290000000000000000e+02 2.195489999999999846e-47
1.292500000000000000e+02 2.196510000000000071e-47
1.295000000000000000e+02 2.197589999999999765e-47
1.297500000000000000e+02 2.198519999999999813e-47
1.300000000000000000e+02 2.199549999999999787e-47
1.302500000000000000e+02 2.200479999999999835e-47
1.305000000000000000e+02 2.201529999999999795e-47
1.307500000000000000e+02 2.202800000000000079e-47
1.310000000000000000e+02 2.204029999999999907e-47
1.312500000000000000e+02 2.205380000000000133e-47
1.315000000000000000e+02 2.206510000000000034e-47
1.317500000000000000e+02 2.207759999999999847e-47
1.320000000000000000e+02 2.209050000000000117e-47
1.322500000000000000e+02 2.210319999999999915e-47
1.325000000000000000e+02 2.211429999999999831e-47
1.327500000000000000e+02 2.212680000000000130e-47
1.330000000000000000e+02 2.213960000000000165e-47
1.332500000000000000e+02 2.215220000000000213e-47
1.335000000000000000e+02 2.216479999999999776e-47
1.337500000000000000e+02 2.217949999999999914e-47
1.340000000000000000e+02 2.219150000000000007e-47
1.342500000000000000e+02 2.220620000000000145e-47
1.345000000000000000e+02 2.222170000000000224e-47
1.347500000000000000e+02 2.223599999999999906e-47
1.350000000000000000e+02 2.224780000000000013e-47
1.352500000000000000e+02 2.226130000000000239e-47
1.355000000000000000e+02 2.227349999999999831e-47
1.357500000000000000e+02 2.228629999999999865e-47
1.360000000000000000e+02 2.230170000000000195e-47
1.362500000000000000e+02 2.231750000000000009e-47
1.365000000000000000e+02 2.233120000000000221e-47
1.367500000000000000e+02 2.234429999999999990e-47
1.370000000000000000e+02 2.235849999999999921e-47
1.372500000000000000e+02 2.237160000000000177e-47
1.375000000000000000e+02 2.238669999999999799e-47
1.377500000000000000e+02 2.240119999999999952e-47
1.380000000000000000e+02 2.241490000000000163e-47
1.382500000000000000e+02 2.243220000000000111e-47
1.385000000000000000e+02 2.244480000000000160e-47
1.387500000000000000e+02 2.246119999999999930e-47
1.390000000000000000e+02 2.247849999999999877e-47
1.392500000000000000e+02 2.249240000000000074e-47
1.395000000000000000e+02 2.250710000000000212e-47
1.397500000000000000e+02 2.252279999999999791e-47
1.400000000000000000e+02 2.253869999999999841e-47
1.402500000000000000e+02 2.255570000000000053e-47
1.405000000000000000e+02 2.257069999999999926e-47
1.407500000000000000e+02 2.258609999999999770e-47
1.410000000000000000e+02 2.260289999999999997e-47
1.412500000000000000e+02 2.261800000000000106e-47
1.415000000000000000e+02 2.263419999999999891e-47
1.417500000000000000e+02 2.264929999999999999e-47
1.420000000000000000e+02 2.266590000000000241e-47
1.422500000000000000e+02 2.268289999999999968e-47
1.425000000000000000e+02 2.269939999999999974e-47
1.427500000000000000e+02 2.271880000000000010e-47
1.430000000000000000e+02 2.273530000000000016e-47
1.432500000000000000e+02 2.275250000000000214e-47
1.435000000000000000e+02 2.277200000000000000e-47
1.437500000000000000e+02 2.278869999999999992e-47
1.440000000000000000e+02 2.280389999999999850e-47
1.442500000000000000e+02 2.282159999999999768e-47
1.445000000000000000e+02 2.283930000000000173e-47
1.447500000000000000e+02 2.285809999999999767e-47
1.450000000000000000e+02 2.287410000000000053e-47
1.452500000000000000e+02 2.289049999999999823e-47
1.455000000000000000e+02 2.290490000000000226e-47
1.457500000000000000e+02 2.292249999999999909e-47
1.460000000000000000e+02 2.293950000000000121e-47
1.462500000000000000e+02 2.295760000000000010e-47
1.465000000000000000e+02 2.297410000000000016e-47
1.467500000000000000e+02 2.299020000000000052e-47
1.470000000000000000e+02 2.300869999999999911e-47
1.472500000000000000e+02 2.302710000000000021e-47
1.475000000000000000e+02 2.304630000000000072e-47
1.477500000000000000e+02 2.306510000000000153e-47
1.480000000000000000e+02 2.308200000000000130e-47
1.482500000000000000e+02 2.309910000000000092e-47
1.485000000000000000e+02 2.311640000000000039e-47
1.487500000000000000e+02 2.313449999999999928e-47
1.490000000000000000e+02 2.315230000000000082e-47
1.492500000000000000e+02 2.317170000000000119e-47
1.495000000000000000e+02 2.318940000000000037e-47
1.497500000000000000e+02 2.320619999999999778e-47
1.500000000000000000e+02 2.322249999999999799e-47
1.502500000000000000e+02 2.323899999999999805e-47
1.505000000000000000e+02 2.325480000000000105e-47
1.507500000000000000e+02 2.327250000000000023e-47
1.510000000000000000e+02 2.328720000000000161e-47
1.512500000000000000e+02 2.330339999999999946e-47
1.515000000000000000e+02 2.331870000000000040e-47
1.517500000000000000e+02 2.333440000000000105e-47
1.520000000000000000e+02 2.335199999999999788e-47
1.522500000000000000e+02 2.336800000000000073e-47
1.525000000000000000e+02 2.338620000000000198e-47
1.527500000000000000e+02 2.340350000000000145e-47
1.530000000000000000e+02 2.342129999999999813e-47
1.532500000000000000e+02 2.343630000000000172e-47
1.535000000000000000e+02 2.344919999999999956e-47
1.537500000000000000e+02 2.346589999999999947e-47
1.540000000000000000e+02 2.348210000000000219e-47
1.542500000000000000e+02 2.349489999999999767e-47
1.545000000000000000e+02 2.351019999999999861e-47
1.547500000000000000e+02 2.352649999999999881e-47
1.550000000000000000e+02 2.354250000000000167e-47
1.552500000000000000e+02 2.355820000000000232e-47
1.555000000000000000e+02 2.357260000000000149e-47
1.557500000000000000e+02 2.358569999999999918e-47
1.560000000000000000e+02 2.359829999999999967e-47
1.562500000000000000e+02 2.361289999999999869e-47
1.565000000000000000e+02 2.362859999999999934e-47
1.567500000000000000e+02 2.364230000000000145e-47
1.570000000000000000e+02 2.365610000000000106e-47
1.572500000000000000e+02 2.366930000000000111e-47
1.575000000000000000e+02 2.368379999999999778e-47
1.577500000000000000e+02 2.369920000000000107e-47
1.580000000000000000e+02 2.371340000000000039e-47
1.582500000000000000e+02 2.372819999999999926e-47
1.585000000000000000e+02 2.374370000000000006e-47
1.587500000000000000e+02 2.375829999999999908e-47
1.590000000000000000e+02 2.377229999999999854e-47
1.592500000000000000e+02 2.378449999999999933e-47
1.595000000000000000e+02 2.379820000000000144e-47
1.597500000000000000e+02 2.380730000000000206e-47
1.600000000000000000e+02 2.381929999999999813e-47
1.602500000000000000e+02 2.383169999999999876e-47
1.605000000000000000e+02 2.384050000000000204e-47
1.607500000000000000e+02 2.385169999999999869e-47
1.610000000000000000e+02 2.386150000000000123e-47
1.612500000000000000e+02 2.387100000000000156e-47
1.615000000000000000e+02 2.388230000000000057e-47
1.617500000000000000e+02 2.389120000000000134e-47
1.620000000000000000e+02 2.390170000000000094e-47
1.622500000000000000e+02 2.391240000000000039e-47
1.625000000000000000e+02 2.392119999999999880e-47
1.627500000000000000e+02 2.393169999999999840e-47
1.630000000000000000e+02 2.394139999999999858e-47
1.632500000000000000e+02 2.394879999999999802e-47
1.635000000000000000e+02 2.395729999999999908e-47
1.637500000000000000e+02 2.396710000000000162e-47
1.640000000000000000e+02 2.397399999999999899e-47
1.642500000000000000e+02 2.398010000000000182e-47
1.645000000000000000e+02 2.398810000000000081e-47
1.647500000000000000e+02 2.399410000000000128e-47
1.650000000000000000e+02 2.400119999999999851e-47
1.652500000000000000e+02 2.400610000000000221e-47
1.655000000000000000e+02 2.401410000000000121e-47
1.657500000000000000e+02 2.402150000000000064e-47
1.660000000000000000e+02 2.402639999999999948e-47
1.662500000000000000e+02 2.403169999999999803e-47
1.665000000000000000e+02 2.403789999999999835e-47
1.667500000000000000e+02 2.404360000000000146e-47
1.670000000000000000e+02 2.404819999999999809e-47
1.672500000000000000e+02 2.405259999999999973e-47
1.675000000000000000e+02 2.405769999999999842e-47
1.677500000000000000e+02 2.405869999999999769e-47
1.680000000000000000e+02 2.406360000000000139e-47
1.682500000000000000e+02 2.406759999999999846e-47
1.685000000000000000e+02 2.406960000000000185e-47
1.687500000000000000e+02 2.407169999999999788e-47
1.690000000000000000e+02 2.407649999999999923e-47
1.692500000000000000e+02 2.408179999999999777e-47
1.695000000000000000e+02 2.408429999999999837e-47
1.697500000000000000e+02 2.408790000000000059e-47
1.700000000000000000e+02 2.409250000000000208e-47
1.702500000000000000e+02 2.409419999999999841e-47
1.705000000000000000e+02 2.409620000000000180e-47
1.707500000000000000e+02 2.409800000000000048e-47
1.710000000000000000e+02 2.409580000000000210e-47
1.712500000000000000e+02 2.409720000000000107e-47
1.715000000000000000e+02 2.409879999999999990e-47
1.717500000000000000e+02 2.409879999999999990e-47
1.720000000000000000e+02 2.409809999999999798e-47
1.722500000000000000e+02 2.409210000000000238e-47
1.725000000000000000e+02 2.409219999999999987e-47
1.727500000000000000e+02 2.409049999999999869e-47
1.730000000000000000e+02 2.408960000000000178e-47
1.732500000000000000e+02 2.408719999999999868e-47
1.735000000000000000e+02 2.408420000000000087e-47
1.737500000000000000e+02 2.408380000000000117e-47
1.740000000000000000e+02 2.408050000000000116e-47
1.742500000000000000e+02 2.407740000000000100e-47
1.745000000000000000e+02 2.407600000000000202e-47
1.747500000000000000e+02 2.407580000000000217e-47
1.750000000000000000e+02 2.407100000000000083e-47
1.752500000000000000e+02 2.406719999999999875e-47
1.755000000000000000e+02 2.406150000000000050e-47
1.757500000000000000e+02 2.405560000000000239e-47
1.760000000000000000e+02 2.404989999999999927e-47
1.762500000000000000e+02 2.404300000000000190e-47
1.765000000000000000e+02 2.403760000000000100e-47
1.767500000000000000e+02 2.403259999999999980e-47
1.770000000000000000e+02 2.402500000000000051e-47
1.772500000000000000e+02 2.401609999999999974e-47
1.775000000000000000e+02 2.400750000000000118e-47
1.777500000000000000e+02 2.399970000000000204e-47
1.780000000000000000e+02 2.399290000000000216e-47
1.782500000000000000e+02 2.398710000000000155e-47
1.785000000000000000e+02 2.397800000000000092e-47
1.787500000000000000e+02 2.396949999999999986e-47
1.790000000000000000e+02 2.396030000000000174e-47
1.792500000000000000e+02 2.394980000000000215e-47
1.795000000000000000e+02 2.393990000000000211e-47
1.797500000000000000e+02 2.392950000000000001e-47
1.800000000000000000e+02 2.391729999999999923e-47
1.802500000000000000e+02 2.390770000000000140e-47
1.805000000000000000e+02 2.389649999999999989e-47
1.807500000000000000e+02 2.388609999999999779e-47
1.810000000000000000e+02 2.387419999999999922e-47
1.812500000000000000e+02 2.385999999999999990e-47
1.815000000000000000e+02 2.384850000000000104e-47
1.817500000000000000e+02 2.383769999999999923e-47
1.820000000000000000e+02 2.382440000000000168e-47
1.822500000000000000e+02 2.381260000000000061e-47
1.825000000000000000e+02 2.379989999999999776e-47
1.827500000000000000e+02 2.378440000000000183e-47
1.830000000000000000e+02 2.376919999999999839e-47
1.832500000000000000e+02 2.375399999999999980e-47
1.835000000000000000e+02 2.373659999999999797e-47
1.837500000000000000e+02 2.372029999999999776e-47
1.840000000000000000e+02 2.370589999999999859e-47
1.842500000000000000e+02 2.368660000000000058e-47
1.845000000000000000e+02 2.366799999999999963e-47
1.847500000000000000e+02 2.364990000000000074e-47
1.850000000000000000e+02 2.363340000000000068e-47
1.852500000000000000e+02 2.361630000000000106e-47
1.855000000000000000e+02 2.359739999999999790e-47
1.857500000000000000e+02 2.357679999999999841e-47
1.860000000000000000e+02 2.355779999999999775e-47
1.862500000000000000e+02 2.353799999999999768e-47
1.865000000000000000e+02 2.351550000000000202e-47
1.867500000000000000e+02 2.349440000000000046e-47
1.870000000000000000e+02 2.347329999999999891e-47
1.872500000000000000e+02 2.345130000000000045e-47
1.875000000000000000e+02 2.342860000000000007e-47
1.877500000000000000e+02 2.340479999999999807e-47
1.880000000000000000e+02 2.338259999999999976e-47
1.882500000000000000e+02 2.336060000000000130e-47
1.885000000000000000e+02 2.333779999999999856e-47
1.887500000000000000e+02 2.331239999999999773e-47
1.890000000000000000e+02 2.329099999999999883e-47
1.892500000000000000e+02 2.326789999999999874e-47
1.895000000000000000e+02 2.324260000000000027e-47
1.897500000000000000e+02 2.321629999999999767e-47
1.900000000000000000e+02 2.319230000000000067e-47
1.902500000000000000e+02 2.316570000000000072e-47
1.905000000000000000e+02 2.313759999999999944e-47
1.907500000000000000e+02 2.310639999999999800e-47
1.910000000000000000e+02 2.307990000000000041e-47
1.912500000000000000e+02 2.305049999999999765e-47
1.915000000000000000e+02 2.301850000000000165e-47
1.917500000000000000e+02 2.299040000000000037e-47
1.920000000000000000e+02 2.296059999999999790e-47
1.922500000000000000e+02 2.293210000000000177e-47
1.925000000000000000e+02 2.289930000000000151e-47
1.927500000000000000e+02 2.286710000000000080e-47
1.930000000000000000e+02 2.283490000000000009e-47
1.932500000000000000e+02 2.280570000000000204e-47
1.935000000000000000e+02 2.277620000000000179e-47
1.937500000000000000e+02 2.274400000000000108e-47
1.940000000000000000e+02 2.271160000000000052e-47
1.942500000000000000e+02 2.267889999999999775e-47
1.945000000000000000e+02 2.264639999999999969e-47
1.947500000000000000e+02 2.261080000000000147e-47
1.950000000000000000e+02 2.257619999999999766e-47
1.952500000000000000e+02 2.254340000000000225e-47
1.955000000000000000e+02 2.250959999999999786e-47
1.957500000000000000e+02 2.247169999999999890e-47
1.960000000000000000e+02 2.243510000000000141e-47
1.962500000000000000e+02 2.239690000000000024e-47
1.965000000000000000e+02 2.236009999999999804e-47
1.967500000000000000e+02 2.232110000000000232e-47
1.970000000000000000e+02 2.228259999999999893e-47
1.972500000000000000e+02 2.224480000000000233e-47
1.975000000000000000e+02 2.220660000000000116e-47
1.977500000000000000e+02 2.216720000000000086e-47
1.980000000000000000e+02 2.213010000000000132e-47
1.982500000000000000e+02 2.208820000000000043e-47
1.985000000000000000e+02 2.204569999999999997e-47
1.987500000000000000e+02 2.200359999999999923e-47
1.990000000000000000e+02 2.196209999999999804e-47
1.992500000000000000e+02 2.192000000000000216e-47
1.995000000000000000e+02 2.187809999999999884e-47
1.997500000000000000e+02 2.183479999999999897e-47
2.000000000000000000e+02 2.179119999999999933e-47
2.002500000000000000e+02 2.174769999999999961e-47
2.005000000000000000e+02 2.170260000000000106e-47
2.007500000000000000e+02 2.165899999999999899e-47
2.010000000000000000e+02 2.161440000000000007e-47
2.012500000000000000e+02 2.156919999999999917e-47
2.015000000000000000e+02 2.152030000000000098e-47
2.017500000000000000e+02 2.147549999999999978e-47
2.020000000000000000e+02 2.142860000000000012e-47
2.022500000000000000e+02 2.138289999999999959e-47
2.025000000000000000e+02 2.133369999999999918e-47
2.027500000000000000e+02 2.128669999999999960e-47
2.030000000000000000e+02 2.123960000000000009e-47
2.032500000000000000e+02 2.118990000000000005e-47
2.035000000000000000e+02 2.114119999999999928e-47
2.037500000000000000e+02 2.109350000000000021e-47
2.040000000000000000e+02 2.104380000000000018e-47
2.042500000000000000e+02 2.099380000000000036e-47
2.045000000000000000e+02 2.094159999999999973e-47
2.047500000000000000e+02 2.089219999999999947e-47
2.050000000000000000e+02 2.083969999999999905e-47
2.052500000000000000e+02 2.078710000000000114e-47
2.055000000000000000e+02 2.073319999999999932e-47
2.057500000000000000e+02 2.068110000000000105e-47
2.060000000000000000e+02 2.062619999999999996e-47
2.062500000000000000e+02 2.057200000000000079e-47
2.065000000000000000e+02 2.051809999999999897e-47
2.067500000000000000e+02 2.046340000000000017e-47
2.070000000000000000e+02 2.040920000000000100e-47
2.072500000000000000e+02 2.035419999999999999e-47
2.075000000000000000e+02 2.029879999999999927e-47
2.077500000000000000e+02 2.024299999999999884e-47
2.080000000000000000e+02 2.018639999999999900e-47
2.082500000000000000e+02 2.012909999999999967e-47
2.085000000000000000e+02 2.007269999999999968e-47
2.087500000000000000e+02 2.001389999999999902e-47
2.090000000000000000e+02 1.995769999999999889e-47
2.092500000000000000e+02 1.990079999999999927e-47
2.095000000000000000e+02 1.984369999999999979e-47
2.097500000000000000e+02 1.978379999999999994e-47
2.100000000000000000e+02 1.972370000000000023e-47
2.102500000000000000e+02 1.966430000000000002e-47
2.105000000000000000e+02 1.960569999999999921e-47
2.107500000000000000e+02 1.954559999999999950e-47
2.110000000000000000e+02 1.948669999999999892e-47
2.112500000000000000e+02 1.942870000000000010e-47
2.115000000000000000e+02 1.936800000000000084e-47
2.117500000000000000e+02 1.930619999999999994e-47
2.120000000000000000e+02 1.924310000000000001e-47
2.122500000000000000e+02 1.918000000000000007e-47
2.125000000000000000e+02 1.911630000000000057e-47
2.127500000000000000e+02 1.905580000000000116e-47
2.130000000000000000e+02 1.899290000000000107e-47
2.132500000000000000e+02 1.893110000000000018e-47
2.135000000000000000e+02 1.886810000000000017e-47
2.137500000000000000e+02 1.880450000000000060e-47
2.140000000000000000e+02 1.874059999999999881e-47
2.142500000000000000e+02 1.867550000000000034e-47
2.145000000000000000e+02 1.861230000000000047e-47
2.147500000000000000e+02 1.854630000000000023e-47
2.150000000000000000e+02 1.848260000000000073e-47
2.152500000000000000e+02 1.841889999999999880e-47
2.155000000000000000e+02 1.835199999999999922e-47
2.157500000000000000e+02 1.828919999999999906e-47
2.160000000000000000e+02 1.822229999999999948e-47
2.162500000000000000e+02 1.815579999999999960e-47
2.165000000000000000e+02 1.808709999999999890e-47
2.167500000000000000e+02 1.802210000000000036e-47
2.170000000000000000e+02 1.795429999999999900e-47
2.172500000000000000e+02 1.788789999999999905e-47
2.175000000000000000e+02 1.782250000000000080e-47
2.177500000000000000e+02 1.775509999999999915e-47
2.180000000000000000e+02 1.768839999999999942e-47
2.182500000000000000e+02 1.762169999999999969e-47
2.185000000000000000e+02 1.755380000000000084e-47
2.187500000000000000e+02 1.748569999999999970e-47
2.190000000000000000e+02 1.741639999999999945e-47
2.192500000000000000e+02 1.734860000000000052e-47
2.195000000000000000e+02 1.728200000000000072e-47
2.197500000000000000e+02 1.721389999999999958e-47
2.200000000000000000e+02 1.714600000000000073e-47
2.202500000000000000e+02 1.707779999999999967e-47
2.205000000000000000e+02 1.701030000000000052e-47
2.207500000000000000e+02 1.694120000000000012e-47
2.210000000000000000e+02 1.687410000000000068e-47
2.212500000000000000e+02 1.680599999999999955e-47
2.215000000000000000e+02 1.673979999999999945e-47
2.217500000000000000e+02 1.666999999999999956e-47
2.220000000000000000e+02 1.660300000000000005e-47
2.222500000000000000e+02 1.653439999999999928e-47
2.225000000000000000e+02 1.646509999999999902e-47
2.227500000000000000e+02 1.639660000000000061e-47
2.230000000000000000e+02 1.632960000000000110e-47
2.232500000000000000e+02 1.626169999999999982e-47
2.235000000000000000e+02 1.619450000000000046e-47
2.237500000000000000e+02 1.612549999999999998e-47
2.240000000000000000e+02 1.605739999999999884e-47
2.242500000000000000e+02 1.598949999999999999e-47
2.245000000000000000e+02 1.592419999999999924e-47
2.247500000000000000e+02 1.585680000000000002e-47
2.250000000000000000e+02 1.578839999999999910e-47
2.252500000000000000e+02 1.571980000000000076e-47
2.255000000000000000e+02 1.564879999999999932e-47
2.257500000000000000e+02 1.557990000000000121e-47
2.260000000000000000e+02 1.551239999999999963e-47
2.262500000000000000e+02 1.544239999999999989e-47
2.265000000000000000e+02 1.537560000000000023e-47
2.267500000000000000e+02 1.530639999999999990e-47
2.270000000000000000e+02 1.523719999999999957e-47
2.272500000000000000e+02 1.516640000000000041e-47
2.275000000000000000e+02 1.509789999999999957e-47
2.277500000000000000e+02 1.503000000000000072e-47
2.280000000000000000e+02 1.496219999999999937e-47
2.282500000000000000e+02 1.489209999999999970e-47
2.285000000000000000e+02 1.482629999999999931e-47
2.287500000000000000e+02 1.475900000000000001e-47
2.290000000000000000e+02 1.469130000000000102e-47
2.292500000000000000e+02 1.462500000000000099e-47
2.295000000000000000e+02 1.455650000000000015e-47
2.297500000000000000e+02 1.448859999999999887e-47
2.300000000000000000e+02 1.442149999999999943e-47
2.302500000000000000e+02 1.435400000000000029e-47
2.305000000000000000e+02 1.428450000000000018e-47
2.307500000000000000e+02 1.421519999999999992e-47
2.310000000000000000e+02 1.414689999999999893e-47
2.312500000000000000e+02 1.407780000000000096e-47
2.315000000000000000e+02 1.400999999999999960e-47
2.317500000000000000e+02 1.393940000000000030e-47
2.320000000000000000e+02 1.387200000000000108e-47
2.322500000000000000e+02 1.380519999999999900e-47
2.325000000000000000e+02 1.373620000000000095e-47
2.327500000000000000e+02 1.366720000000000047e-47
2.330000000000000000e+02 1.359820000000000000e-47
2.332500000000000000e+02 1.353120000000000049e-47
2.335000000000000000e+02 1.346200000000000016e-47
2.337500000000000000e+02 1.339299999999999968e-47
2.340000000000000000e+02 1.332610000000000010e-47
2.342500000000000000e+02 1.325999999999999993e-47
2.345000000000000000e+02 1.319389999999999976e-47
2.347500000000000000e+02 1.312660000000000047e-47
2.350000000000000000e+02 1.306020000000000052e-47
2.352500000000000000e+02 1.299360000000000071e-47
2.355000000000000000e+02 1.292740000000000061e-47
2.357500000000000000e+02 1.286209999999999986e-47
2.360000000000000000e+02 1.279329999999999923e-47
2.362500000000000000e+02 1.272440000000000112e-47
2.365000000000000000e+02 1.265850000000000080e-47
2.367500000000000000e+02 1.259099999999999922e-47
2.370000000000000000e+02 1.252429999999999949e-47
2.372500000000000000e+02 1.245799999999999947e-47
2.375000000000000000e+02 1.239300000000000092e-47
2.377500000000000000e+02 1.232710000000000061e-47
2.380000000000000000e+02 1.226140000000000014e-47
2.382500000000000000e+02 1.219400000000000092e-47
2.385000000000000000e+02 1.212760000000000097e-47
2.387500000000000000e+02 1.206180000000000058e-47
2.390000000000000000e+02 1.199470000000000115e-47
2.392500000000000000e+02 1.192870000000000090e-47
2.395000000000000000e+02 1.186270000000000066e-47
2.397500000000000000e+02 1.179829999999999924e-47
2.400000000000000000e+02 1.173330000000000070e-47
2.402500000000000000e+02 1.166939999999999891e-47
2.405000000000000000e+02 1.160470000000000015e-47
2.407500000000000000e+02 1.153740000000000086e-47
2.410000000000000000e+02 1.147150000000000054e-47
2.412500000000000000e+02 1.140689999999999927e-47
2.415000000000000000e+02 1.134210000000000058e-47
2.417500000000000000e+02 1.127769999999999916e-47
2.420000000000000000e+02 1.121499999999999893e-47
2.422500000000000000e+02 1.115119999999999950e-47
2.425000000000000000e+02 1.108799999999999964e-47
2.427500000000000000e+02 1.102630000000000110e-47
2.430000000000000000e+02 1.096219999999999947e-47
2.432500000000000000e+02 1.089879999999999975e-47
2.435000000000000000e+02 1.084030000000000009e-47
2.437500000000000000e+02 1.077799999999999956e-47
2.440000000000000000e+02 1.071519999999999940e-47
2.442500000000000000e+02 1.065450000000000014e-47
2.445000000000000000e+02 1.058990000000000008e-47
2.447500000000000000e+02 1.053079999999999964e-47
2.450000000000000000e+02 1.047000000000000045e-47
2.452500000000000000e+02 1.040890000000000026e-47
2.455000000000000000e+02 1.034849999999999956e-47
2.457500000000000000e+02 1.028829999999999992e-47
2.460000000000000000e+02 1.022790000000000044e-47
2.462500000000000000e+02 1.016759999999999966e-47
2.465000000000000000e+02 1.010749999999999996e-47
2.467500000000000000e+02 1.004770000000000003e-47
2.470000000000000000e+02 9.991139999999999674e-48
2.472500000000000000e+02 9.931669999999999749e-48
2.475000000000000000e+02 9.873979999999999978e-48
2.477500000000000000e+02 9.815009999999999687e-48
2.480000000000000000e+02 9.757500000000000027e-48
2.482500000000000000e+02 9.699669999999999629e-48
2.485000000000000000e+02 9.643829999999999717e-48
2.487500000000000000e+02 9.586869999999999654e-48
2.490000000000000000e+02 9.530269999999999813e-48
2.492500000000000000e+02 9.472380000000000189e-48
2.495000000000000000e+02 9.413399999999999418e-48
2.497500000000000000e+02 9.354910000000000233e-48
2.500000000000000000e+02 9.300179999999999994e-48
2.502500000000000000e+02 9.245490000000000455e-48
2.505000000000000000e+02 9.189609999999999844e-48
2.507500000000000000e+02 9.133229999999999599e-48
2.510000000000000000e+02 9.079389999999999437e-48
2.512500000000000000e+02 9.027480000000000534e-48
2.515000000000000000e+02 8.975279999999999899e-48
2.517500000000000000e+02 8.920089999999999511e-48
2.520000000000000000e+02 8.865350000000000009e-48
2.522500000000000000e+02 8.810330000000000468e-48
2.525000000000000000e+02 8.758399999999999393e-48
2.527500000000000000e+02 8.703110000000000293e-48
2.530000000000000000e+02 8.650879999999999437e-48
2.532500000000000000e+02 8.598480000000000164e-48
2.535000000000000000e+02 8.546159999999999861e-48
2.537500000000000000e+02 8.493379999999999408e-48
2.540000000000000000e+02 8.441360000000000100e-48
2.542500000000000000e+02 8.391499999999999694e-48
2.545000000000000000e+02 8.339880000000000093e-48
2.547500000000000000e+02 8.289379999999999428e-48
2.550000000000000000e+02 8.239040000000000347e-48
2.552500000000000000e+02 8.189789999999999981e-48
