0.000000000000000000e+00 5.000000000000000000e-01
2.500000000000000000e-01 5.000000000000000000e-01
5.000000000000000000e-01 5.000000000000000000e-01
7.500000000000000000e-01 5.000000000000000000e-01
1.000000000000000000e+00 5.000000000000000000e-01
1.250000000000000000e+00 5.000000000000000000e-01
1.500000000000000000e+00 5.000000000000000000e-01
1.750000000000000000e+00 5.000000000000000000e-01
2.000000000000000000e+00 5.000000000000000000e-01
2.250000000000000000e+00 5.000000000000000000e-01
2.500000000000000000e+00 5.000000000000000000e-01
2.750000000000000000e+00 5.000000000000000000e-01
3.000000000000000000e+00 5.000000000000000000e-01
3.250000000000000000e+00 5.000000000000000000e-01
3.500000000000000000e+00 5.000000000000000000e-01
3.750000000000000000e+00 5.000000000000000000e-01
4.000000000000000000e+00 5.000000000000000000e-01
4.250000000000000000e+00 5.000000000000000000e-01
4.500000000000000000e+00 5.000000000000000000e-01
4.750000000000000000e+00 5.000000000000000000e-01
5.000000000000000000e+00 5.000000000000000000e-01
5.250000000000000000e+00 5.000000000000000000e-01
5.500000000000000000e+00 5.000000000000000000e-01
5.750000000000000000e+00 5.000000000000000000e-01
6.000000000000000000e+00 5.000000000000000000e-01
6.250000000000000000e+00 5.000000000000000000e-01
6.500000000000000000e+00 5.000000000000000000e-01
6.750000000000000000e+00 5.000000000000000000e-01
7.000000000000000000e+00 5.000000000000000000e-01
7.250000000000000000e+00 5.000000000000000000e-01
7.500000000000000000e+00 5.000000000000000000e-01
7.750000000000000000e+00 5.000000000000000000e-01
8.000000000000000000e+00 5.000000000000000000e-01
8.250000000000000000e+00 5.000000000000000000e-01
8.500000000000000000e+00 5.000000000000000000e-01
8.750000000000000000e+00 5.000000000000000000e-01
9.000000000000000000e+00 5.000000000000000000e-01
9.250000000000000000e+00 5.000000000000000000e-01
9.500000000000000000e+00 5.000000000000000000e-01
9.750000000000000000e+00 5.000000000000000000e-01
1.000000000000000000e+01 5.000000000000000000e-01
1.025000000000000000e+01 5.000000000000000000e-01
1.050000000000000000e+01 5.000000000000000000e-01
1.075000000000000000e+01 5.000000000000000000e-01
1.100000000000000000e+01 5.000000000000000000e-01
1.125000000000000000e+01 5.000000000000000000e-01
1.150000000000000000e+01 5.000000000000000000e-01
1.175000000000000000e+01 5.000000000000000000e-01
1.200000000000000000e+01 5.000000000000000000e-01
1.225000000000000000e+01 5.000000000000000000e-01
1.250000000000000000e+01 5.000000000000000000e-01
1.275000000000000000e+01 5.000000000000000000e-01
1.300000000000000000e+01 5.000000000000000000e-01
1.325000000000000000e+01 5.000000000000000000e-01
1.350000000000000000e+01 5.000000000000000000e-01
1.375000000000000000e+01 5.000000000000000000e-01
1.400000000000000000e+01 5.000000000000000000e-01
1.425000000000000000e+01 5.000000000000000000e-01
1.450000000000000000e+01 5.000000000000000000e-01
1.475000000000000000e+01 5.000000000000000000e-01
1.500000000000000000e+01 5.000000000000000000e-01
1.525000000000000000e+01 5.000000000000000000e-01
1.550000000000000000e+01 5.000000000000000000e-01
1.575000000000000000e+01 5.000000000000000000e-01
1.600000000000000000e+01 3.270889999999999961e-43
1.625000000000000000e+01 2.568390000000000079e-43
1.650000000000000000e+01 2.018579999999999832e-43
1.675000000000000000e+01 1.586169999999999972e-43
1.700000000000000000e+01 1.247079999999999905e-43
1.725000000000000000e+01 9.822839999999999478e-44
1.750000000000000000e+01 7.748540000000000181e-44
1.775000000000000000e+01 6.130490000000000190e-44
1.800000000000000000e+01 4.857570000000000378e-44
1.825000000000000000e+01 3.856660000000000102e-44
1.850000000000000000e+01 3.067880000000000071e-44
1.875000000000000000e+01 2.446939999999999960e-44
1.900000000000000000e+01 1.960110000000000106e-44
1.925000000000000000e+01 1.574729999999999903e-44
1.950000000000000000e+01 1.269369999999999946e-44
1.975000000000000000e+01 1.027700000000000058e-44
2.000000000000000000e+01 8.360800000000000065e-45
2.025000000000000000e+01 6.830040000000000036e-45
2.050000000000000000e+01 5.613169999999999723e-45
2.075000000000000000e+01 4.640089999999999883e-45
2.100000000000000000e+01 3.852900000000000229e-45
2.125000000000000000e+01 3.211900000000000083e-45
2.150000000000000000e+01 2.692189999999999981e-45
2.175000000000000000e+01 2.270469999999999906e-45
2.200000000000000000e+01 1.926620000000000097e-45
2.225000000000000000e+01 1.645870000000000109e-45
2.250000000000000000e+01 1.416939999999999887e-45
2.275000000000000000e+01 1.229479999999999929e-45
2.300000000000000000e+01 1.075619999999999925e-45
2.325000000000000000e+01 9.476890000000000092e-46
2.350000000000000000e+01 8.418970000000000709e-46
2.375000000000000000e+01 7.549279999999999933e-46
2.400000000000000000e+01 6.826189999999999640e-46
2.425000000000000000e+01 6.229340000000000166e-46
2.450000000000000000e+01 5.734500000000000165e-46
2.475000000000000000e+01 5.320290000000000235e-46
2.500000000000000000e+01 4.973479999999999716e-46
2.525000000000000000e+01 4.680769999999999899e-46
2.550000000000000000e+01 4.433230000000000181e-46
2.575000000000000000e+01 4.221809999999999854e-46
2.600000000000000000e+01 4.043599999999999640e-46
2.625000000000000000e+01 3.890000000000000204e-46
2.650000000000000000e+01 3.756179999999999786e-46
2.675000000000000000e+01 3.639620000000000039e-46
2.700000000000000000e+01 3.536950000000000370e-46
2.725000000000000000e+01 3.447089999999999820e-46
2.750000000000000000e+01 3.366069999999999986e-46
2.775000000000000000e+01 3.290350000000000060e-46
2.800000000000000000e+01 3.218019999999999837e-46
2.825000000000000000e+01 3.148240000000000128e-46
2.850000000000000000e+01 3.078740000000000018e-46
2.875000000000000000e+01 3.011049999999999895e-46
2.900000000000000000e+01 2.946210000000000162e-46
2.925000000000000000e+01 2.881700000000000139e-46
2.950000000000000000e+01 2.820859999999999808e-46
2.975000000000000000e+01 2.760489999999999959e-46
3.000000000000000000e+01 2.702340000000000136e-46
3.025000000000000000e+01 2.645929999999999913e-46
3.050000000000000000e+01 2.590609999999999815e-46
3.075000000000000000e+01 2.537009999999999817e-46
3.100000000000000000e+01 2.484709999999999936e-46
3.125000000000000000e+01 2.434039999999999882e-46
3.150000000000000000e+01 2.384840000000000159e-46
3.175000000000000000e+01 2.337199999999999877e-46
3.200000000000000000e+01 2.291000000000000096e-46
3.225000000000000000e+01 2.245979999999999935e-46
3.250000000000000000e+01 2.201839999999999908e-46
3.275000000000000000e+01 2.158900000000000167e-46
3.300000000000000000e+01 2.117299999999999931e-46
3.325000000000000000e+01 2.076740000000000100e-46
3.350000000000000000e+01 2.036890000000000185e-46
3.375000000000000000e+01 1.998200000000000004e-46
3.400000000000000000e+01 1.960679999999999889e-46
3.425000000000000000e+01 1.924589999999999941e-46
3.450000000000000000e+01 1.888779999999999983e-46
3.475000000000000000e+01 1.853759999999999883e-46
3.500000000000000000e+01 1.819539999999999975e-46
3.525000000000000000e+01 1.785450000000000117e-46
3.550000000000000000e+01 1.752949999999999920e-46
3.575000000000000000e+01 1.721300000000000024e-46
3.600000000000000000e+01 1.690409999999999960e-46
3.625000000000000000e+01 1.660160000000000010e-46
3.650000000000000000e+01 1.630699999999999919e-46
3.675000000000000000e+01 1.601970000000000022e-46
3.700000000000000000e+01 1.573780000000000021e-46
3.725000000000000000e+01 1.546499999999999985e-46
3.750000000000000000e+01 1.519609999999999907e-46
3.775000000000000000e+01 1.493270000000000057e-46
3.800000000000000000e+01 1.468009999999999999e-46
3.825000000000000000e+01 1.443040000000000069e-46
3.850000000000000000e+01 1.418519999999999954e-46
3.875000000000000000e+01 1.394669999999999981e-46
3.900000000000000000e+01 1.371109999999999941e-46
3.925000000000000000e+01 1.348400000000000008e-46
3.950000000000000000e+01 1.326129999999999946e-46
3.975000000000000000e+01 1.304730000000000073e-46
4.000000000000000000e+01 1.283539999999999998e-46
4.025000000000000000e+01 1.262740000000000074e-46
4.050000000000000000e+01 1.242359999999999940e-46
4.075000000000000000e+01 1.222329999999999987e-46
4.100000000000000000e+01 1.202820000000000042e-46
4.125000000000000000e+01 1.183779999999999995e-46
4.150000000000000000e+01 1.165420000000000033e-46
4.175000000000000000e+01 1.147160000000000095e-46
4.200000000000000000e+01 1.129179999999999952e-46
4.225000000000000000e+01 1.111689999999999985e-46
4.250000000000000000e+01 1.094510000000000033e-46
4.275000000000000000e+01 1.077879999999999922e-46
4.300000000000000000e+01 1.061660000000000045e-46
4.325000000000000000e+01 1.045710000000000018e-46
4.350000000000000000e+01 1.030140000000000005e-46
4.375000000000000000e+01 1.014810000000000010e-46
4.400000000000000000e+01 9.998220000000000076e-47
4.425000000000000000e+01 9.851189999999999666e-47
4.450000000000000000e+01 9.706900000000000650e-47
4.475000000000000000e+01 9.565480000000000746e-47
4.500000000000000000e+01 9.427789999999999810e-47
4.525000000000000000e+01 9.292630000000000666e-47
4.550000000000000000e+01 9.159459999999999335e-47
4.575000000000000000e+01 9.030420000000000567e-47
4.600000000000000000e+01 8.904289999999999909e-47
4.625000000000000000e+01 8.780500000000000940e-47
4.650000000000000000e+01 8.659589999999999860e-47
4.675000000000000000e+01 8.539980000000000258e-47
4.700000000000000000e+01 8.423389999999999901e-47
4.725000000000000000e+01 8.310650000000000368e-47
4.750000000000000000e+01 8.198579999999999615e-47
4.775000000000000000e+01 8.090349999999999937e-47
4.800000000000000000e+01 7.982620000000000379e-47
4.825000000000000000e+01 7.877489999999999888e-47
4.850000000000000000e+01 7.775080000000000320e-47
4.875000000000000000e+01 7.675140000000000157e-47
4.900000000000000000e+01 7.576190000000000483e-47
4.925000000000000000e+01 7.479400000000000200e-47
4.950000000000000000e+01 7.384979999999999880e-47
4.975000000000000000e+01 7.291749999999999904e-47
5.000000000000000000e+01 7.200090000000000479e-47
5.025000000000000000e+01 7.110640000000000163e-47
5.050000000000000000e+01 7.022899999999999810e-47
5.075000000000000000e+01 6.937549999999999892e-47
5.100000000000000000e+01 6.853350000000000347e-47
5.125000000000000000e+01 6.770979999999999704e-47
5.150000000000000000e+01 6.690580000000000291e-47
5.175000000000000000e+01 6.611739999999999734e-47
5.200000000000000000e+01 6.534269999999999875e-47
5.225000000000000000e+01 6.458770000000000274e-47
5.250000000000000000e+01 6.384260000000000190e-47
5.275000000000000000e+01 6.311619999999999952e-47
5.300000000000000000e+01 6.240719999999999896e-47
5.325000000000000000e+01 6.170169999999999827e-47
5.350000000000000000e+01 6.100720000000000410e-47
5.375000000000000000e+01 6.033369999999999940e-47
5.400000000000000000e+01 5.967080000000000152e-47
5.425000000000000000e+01 5.901760000000000382e-47
5.450000000000000000e+01 5.837420000000000380e-47
5.475000000000000000e+01 5.774229999999999778e-47
5.500000000000000000e+01 5.712940000000000215e-47
5.525000000000000000e+01 5.652779999999999580e-47
5.550000000000000000e+01 5.593850000000000232e-47
5.575000000000000000e+01 5.536740000000000035e-47
5.600000000000000000e+01 5.479869999999999663e-47
5.625000000000000000e+01 5.423970000000000282e-47
5.650000000000000000e+01 5.369349999999999962e-47
5.675000000000000000e+01 5.315349999999999674e-47
5.700000000000000000e+01 5.262370000000000097e-47
5.725000000000000000e+01 5.210380000000000038e-47
5.750000000000000000e+01 5.159420000000000439e-47
5.775000000000000000e+01 5.109300000000000224e-47
5.800000000000000000e+01 5.060159999999999777e-47
5.825000000000000000e+01 5.012070000000000263e-47
5.850000000000000000e+01 4.965339999999999751e-47
5.875000000000000000e+01 4.919129999999999831e-47
5.900000000000000000e+01 4.873819999999999737e-47
5.925000000000000000e+01 4.829209999999999617e-47
5.950000000000000000e+01 4.785650000000000428e-47
5.975000000000000000e+01 4.742910000000000152e-47
6.000000000000000000e+01 4.700350000000000231e-47
6.025000000000000000e+01 4.658789999999999576e-47
6.050000000000000000e+01 4.618049999999999779e-47
6.075000000000000000e+01 4.576910000000000276e-47
6.100000000000000000e+01 4.537559999999999703e-47
6.125000000000000000e+01 4.498940000000000297e-47
6.150000000000000000e+01 4.461559999999999982e-47
6.175000000000000000e+01 4.424110000000000448e-47
6.200000000000000000e+01 4.386819999999999824e-47
6.225000000000000000e+01 4.350950000000000104e-47
6.250000000000000000e+01 4.315170000000000075e-47
6.275000000000000000e+01 4.280340000000000079e-47
6.300000000000000000e+01 4.246059999999999923e-47
6.325000000000000000e+01 4.212310000000000107e-47
6.350000000000000000e+01 4.178970000000000235e-47
6.375000000000000000e+01 4.146349999999999834e-47
6.400000000000000000e+01 4.114279999999999760e-47
6.425000000000000000e+01 4.082310000000000098e-47
6.450000000000000000e+01 4.051509999999999823e-47
6.475000000000000000e+01 4.020840000000000181e-47
6.500000000000000000e+01 3.990119999999999846e-47
6.525000000000000000e+01 3.961180000000000152e-47
6.550000000000000000e+01 3.932060000000000103e-47
6.575000000000000000e+01 3.903569999999999836e-47
6.600000000000000000e+01 3.875219999999999952e-47
6.625000000000000000e+01 3.848019999999999955e-47
6.650000000000000000e+01 3.821189999999999929e-47
6.675000000000000000e+01 3.794499999999999801e-47
6.700000000000000000e+01 3.768200000000000117e-47
6.725000000000000000e+01 3.742510000000000228e-47
6.750000000000000000e+01 3.717189999999999825e-47
6.775000000000000000e+01 3.692299999999999836e-47
6.800000000000000000e+01 3.667810000000000040e-47
6.825000000000000000e+01 3.643910000000000055e-47
6.850000000000000000e+01 3.620590000000000131e-47
6.875000000000000000e+01 3.597129999999999824e-47
6.900000000000000000e+01 3.574259999999999813e-47
6.925000000000000000e+01 3.552179999999999952e-47
6.950000000000000000e+01 3.529790000000000076e-47
6.975000000000000000e+01 3.508169999999999878e-47
7.000000000000000000e+01 3.486730000000000034e-47
7.025000000000000000e+01 3.465880000000000002e-47
7.050000000000000000e+01 3.445260000000000043e-47
7.075000000000000000e+01 3.425089999999999998e-47
7.100000000000000000e+01 3.405249999999999954e-47
7.125000000000000000e+01 3.385440000000000132e-47
7.150000000000000000e+01 3.366089999999999972e-47
7.175000000000000000e+01 3.347100000000000034e-47
7.200000000000000000e+01 3.328320000000000186e-47
7.225000000000000000e+01 3.309689999999999984e-47
7.250000000000000000e+01 3.291679999999999815e-47
7.275000000000000000e+01 3.273530000000000234e-47
7.300000000000000000e+01 3.256009999999999948e-47
7.325000000000000000e+01 3.239020000000000003e-47
7.350000000000000000e+01 3.221939999999999881e-47
7.375000000000000000e+01 3.205129999999999804e-47
7.400000000000000000e+01 3.188600000000000008e-47
7.425000000000000000e+01 3.172580000000000082e-47
7.450000000000000000e+01 3.157120000000000231e-47
7.475000000000000000e+01 3.141329999999999893e-47
7.500000000000000000e+01 3.125940000000000234e-47
7.525000000000000000e+01 3.110989999999999766e-47
7.550000000000000000e+01 3.096430000000000228e-47
7.575000000000000000e+01 3.081879999999999953e-47
7.600000000000000000e+01 3.067959999999999946e-47
7.625000000000000000e+01 3.053849999999999835e-47
7.650000000000000000e+01 3.039720000000000225e-47
7.675000000000000000e+01 3.026290000000000101e-47
7.700000000000000000e+01 3.013010000000000111e-47
7.725000000000000000e+01 2.999969999999999945e-47
7.750000000000000000e+01 2.987070000000000163e-47
7.775000000000000000e+01 2.974080000000000203e-47
7.800000000000000000e+01 2.961609999999999862e-47
7.825000000000000000e+01 2.949390000000000068e-47
7.850000000000000000e+01 2.937259999999999964e-47
7.875000000000000000e+01 2.925260000000000008e-47
7.900000000000000000e+01 2.913829999999999877e-47
7.925000000000000000e+01 2.902210000000000129e-47
7.950000000000000000e+01 2.891010000000000073e-47
7.975000000000000000e+01 2.879869999999999973e-47
8.000000000000000000e+01 2.868990000000000168e-47
8.025000000000000000e+01 2.858149999999999848e-47
8.050000000000000000e+01 2.847990000000000002e-47
8.075000000000000000e+01 2.837620000000000067e-47
8.100000000000000000e+01 2.827410000000000015e-47
8.125000000000000000e+01 2.817589999999999920e-47
8.150000000000000000e+01 2.808159999999999782e-47
8.175000000000000000e+01 2.798699999999999909e-47
8.200000000000000000e+01 2.789570000000000037e-47
8.225000000000000000e+01 2.780219999999999840e-47
8.250000000000000000e+01 2.771039999999999762e-47
8.275000000000000000e+01 2.762290000000000098e-47
8.300000000000000000e+01 2.753309999999999874e-47
8.325000000000000000e+01 2.744899999999999960e-47
8.350000000000000000e+01 2.736499999999999797e-47
8.375000000000000000e+01 2.728169999999999825e-47
8.400000000000000000e+01 2.719839999999999853e-47
8.425000000000000000e+01 2.711870000000000104e-47
8.450000000000000000e+01 2.704030000000000016e-47
8.475000000000000000e+01 2.696320000000000076e-47
8.500000000000000000e+01 2.688650000000000106e-47
8.525000000000000000e+01 2.681080000000000064e-47
8.550000000000000000e+01 2.673800000000000051e-47
8.575000000000000000e+01 2.666579999999999995e-47
8.600000000000000000e+01 2.659749999999999896e-47
8.625000000000000000e+01 2.652549999999999826e-47
8.650000000000000000e+01 2.645559999999999844e-47
8.675000000000000000e+01 2.638730000000000231e-47
8.700000000000000000e+01 2.632410000000000002e-47
8.725000000000000000e+01 2.626150000000000214e-47
8.750000000000000000e+01 2.620009999999999853e-47
8.775000000000000000e+01 2.613699999999999859e-47
8.800000000000000000e+01 2.607469999999999806e-47
8.825000000000000000e+01 2.601870000000000021e-47
8.850000000000000000e+01 2.596069999999999897e-47
8.875000000000000000e+01 2.590579999999999788e-47
8.900000000000000000e+01 2.584949999999999782e-47
8.925000000000000000e+01 2.579319999999999776e-47
8.950000000000000000e+01 2.573999999999999786e-47
8.975000000000000000e+01 2.568820000000000179e-47
9.000000000000000000e+01 2.563489999999999953e-47
9.025000000000000000e+01 2.558510000000000200e-47
9.050000000000000000e+01 2.553509999999999975e-47
9.075000000000000000e+01 2.548650000000000134e-47
9.100000000000000000e+01 2.543910000000000205e-47
9.125000000000000000e+01 2.539259999999999967e-47
9.150000000000000000e+01 2.534799999999999832e-47
9.175000000000000000e+01 2.530280000000000228e-47
9.200000000000000000e+01 2.526110000000000124e-47
9.225000000000000000e+01 2.521860000000000079e-47
9.250000000000000000e+01 2.517639999999999769e-47
9.275000000000000000e+01 2.513519999999999872e-47
9.300000000000000000e+01 2.509519999999999886e-47
9.325000000000000000e+01 2.505749999999999976e-47
9.350000000000000000e+01 2.502060000000000006e-47
9.375000000000000000e+01 2.498609999999999861e-47
9.400000000000000000e+01 2.494830000000000200e-47
9.425000000000000000e+01 2.491349999999999834e-47
9.450000000000000000e+01 2.487849999999999968e-47
9.475000000000000000e+01 2.484450000000000030e-47
9.500000000000000000e+01 2.481389999999999841e-47
9.525000000000000000e+01 2.478169999999999771e-47
9.550000000000000000e+01 2.475059999999999862e-47
9.575000000000000000e+01 2.472470000000000059e-47
9.600000000000000000e+01 2.469799999999999828e-47
9.625000000000000000e+01 2.467360000000000158e-47
9.650000000000000000e+01 2.464909999999999766e-47
9.675000000000000000e+01 2.462240000000000021e-47
9.700000000000000000e+01 2.459449999999999878e-47
9.725000000000000000e+01 2.457190000000000076e-47
9.750000000000000000e+01 2.454550000000000066e-47
9.775000000000000000e+01 2.452539999999999838e-47
9.800000000000000000e+01 2.450300000000000021e-47
9.825000000000000000e+01 2.448100000000000175e-47
9.850000000000000000e+01 2.446300000000000036e-47
9.875000000000000000e+01 2.444390000000000220e-47
9.900000000000000000e+01 2.442789999999999935e-47
9.925000000000000000e+01 2.440820000000000163e-47
9.950000000000000000e+01 2.438880000000000126e-47
9.975000000000000000e+01 2.437480000000000180e-47
1.000000000000000000e+02 2.435440000000000217e-47
1.002500000000000000e+02 2.434180000000000168e-47
1.005000000000000000e+02 2.432860000000000163e-47
1.007500000000000000e+02 2.431089999999999759e-47
1.010000000000000000e+02 2.429609999999999871e-47
1.012500000000000000e+02 2.428189999999999940e-47
1.015000000000000000e+02 2.426889999999999920e-47
1.017500000000000000e+02 2.425620000000000122e-47
1.020000000000000000e+02 2.424809999999999986e-47
1.022500000000000000e+02 2.423700000000000070e-47
1.025000000000000000e+02 2.422679999999999846e-47
1.027500000000000000e+02 2.421600000000000151e-47
1.030000000000000000e+02 2.420579999999999926e-47
1.032500000000000000e+02 2.419999999999999865e-47
1.035000000000000000e+02 2.419259999999999921e-47
1.037500000000000000e+02 2.418499999999999992e-47
1.040000000000000000e+02 2.417709999999999842e-47
1.042500000000000000e+02 2.417290000000000150e-47
1.045000000000000000e+02 2.416639999999999897e-47
1.047500000000000000e+02 2.416229999999999954e-47
1.050000000000000000e+02 2.415850000000000233e-47
1.052500000000000000e+02 2.415379999999999848e-47
1.055000000000000000e+02 2.415120000000000039e-47
1.057500000000000000e+02 2.414869999999999979e-47
1.060000000000000000e+02 2.414719999999999846e-47
1.062500000000000000e+02 2.414469999999999786e-47
1.065000000000000000e+02 2.414440000000000051e-47
1.067500000000000000e+02 2.414610000000000169e-47
1.070000000000000000e+02 2.415020000000000112e-47
1.072500000000000000e+02 2.415089999999999817e-47
1.075000000000000000e+02 2.414670000000000125e-47
1.077500000000000000e+02 2.414929999999999935e-47
1.080000000000000000e+02 2.415129999999999788e-47
1.082500000000000000e+02 2.415270000000000172e-47
1.085000000000000000e+02 2.415620000000000158e-47
1.087500000000000000e+02 2.415879999999999968e-47
1.090000000000000000e+02 2.416079999999999821e-47
1.092500000000000000e+02 2.416139999999999777e-47
1.095000000000000000e+02 2.416460000000000029e-47
1.097500000000000000e+02 2.417060000000000075e-47
1.100000000000000000e+02 2.417410000000000062e-47
1.102500000000000000e+02 2.418010000000000108e-47
1.105000000000000000e+02 2.418519999999999977e-47
1.107500000000000000e+02 2.418940000000000156e-47
1.110000000000000000e+02 2.419489999999999996e-47
1.112500000000000000e+02 2.419959999999999894e-47
1.115000000000000000e+02 2.420490000000000235e-47
1.117500000000000000e+02 2.421170000000000223e-47
1.120000000000000000e+02 2.421930000000000152e-47
1.122500000000000000e+02 2.422719999999999816e-47
1.125000000000000000e+02 2.423199999999999951e-47
1.127500000000000000e+02 2.423970000000000115e-47
1.130000000000000000e+02 2.424920000000000148e-47
1.132500000000000000e+02 2.425589999999999900e-47
1.135000000000000000e+02 2.426559999999999919e-47
1.137500000000000000e+02 2.427609999999999878e-47
1.140000000000000000e+02 2.428699999999999809e-47
1.142500000000000000e+02 2.429870000000000167e-47
1.145000000000000000e+02 2.430860000000000170e-47
1.147500000000000000e+02 2.431620000000000100e-47
1.150000000000000000e+02 2.432690000000000045e-47
1.152500000000000000e+02 2.433799999999999960e-47
1.155000000000000000e+02 2.435060000000000009e-47
1.157500000000000000e+02 2.436129999999999954e-47
1.160000000000000000e+02 2.437110000000000208e-47
1.162500000000000000e+02 2.438169999999999917e-47
1.165000000000000000e+02 2.439199999999999892e-47
1.167500000000000000e+02 2.440419999999999970e-47
1.170000000000000000e+02 2.441620000000000063e-47
1.172500000000000000e+02 2.442729999999999979e-47
1.175000000000000000e+02 2.444010000000000013e-47
1.177500000000000000e+02 2.445150000000000150e-47
1.180000000000000000e+02 2.446140000000000153e-47
1.182500000000000000e+02 2.447039999999999980e-47
1.185000000000000000e+02 2.447790000000000159e-47
1.187500000000000000e+02 2.448769999999999927e-47
1.190000000000000000e+02 2.449890000000000079e-47
1.192500000000000000e+02 2.451039999999999965e-47
1.195000000000000000e+02 2.452189999999999851e-47
1.197500000000000000e+02 2.453580000000000048e-47
1.200000000000000000e+02 2.454979999999999994e-47
1.202500000000000000e+02 2.455600000000000026e-47
1.205000000000000000e+02 2.456960000000000002e-47
1.207500000000000000e+02 2.458009999999999961e-47
1.210000000000000000e+02 2.458849999999999832e-47
1.212500000000000000e+02 2.460229999999999793e-47
1.215000000000000000e+02 2.461280000000000239e-47
1.217500000000000000e+02 2.462249999999999771e-47
1.220000000000000000e+02 2.463329999999999951e-47
1.222500000000000000e+02 2.464129999999999851e-47
1.225000000000000000e+02 2.465199999999999796e-47
1.227500000000000000e+02 2.466399999999999889e-47
1.230000000000000000e+02 2.467569999999999761e-47
1.232500000000000000e+02 2.468869999999999780e-47
1.235000000000000000e+02 2.469610000000000210e-47
1.237500000000000000e+02 2.470470000000000066e-47
1.240000000000000000e+02 2.471389999999999878e-47
1.242500000000000000e+02 2.472430000000000088e-47
1.245000000000000000e+02 2.473540000000000004e-47
1.247500000000000000e+02 2.474580000000000214e-47
1.250000000000000000e+02 2.475599999999999953e-47
1.252500000000000000e+02 2.476459999999999808e-47
1.255000000000000000e+02 2.477110000000000061e-47
1.257500000000000000e+02 2.477860000000000241e-47
1.260000000000000000e+02 2.478640000000000155e-47
1.262500000000000000e+02 2.479440000000000055e-47
1.265000000000000000e+02 2.480259999999999940e-47
1.267500000000000000e+02 2.480899999999999957e-47
1.270000000000000000e+02 2.481409999999999827e-47
1.272500000000000000e+02 2.482279999999999918e-47
1.275000000000000000e+02 2.482899999999999950e-47
1.277500000000000000e+02 2.483699999999999850e-47
1.280000000000000000e+02 2.484419999999999808e-47
1.282500000000000000e+02 2.484629999999999898e-47
1.285000000000000000e+02 2.485180000000000224e-47
1.287500000000000000e+02 2.485400000000000062e-47
1.290000000000000000e+02 2.485559999999999945e-47
1.292500000000000000e+02 2.486350000000000095e-47
1.295000000000000000e+02 2.486870000000000201e-47
1.297500000000000000e+02 2.487750000000000042e-47
1.300000000000000000e+02 2.488769999999999780e-47
1.302500000000000000e+02 2.489180000000000209e-47
1.305000000000000000e+02 2.489590000000000152e-47
1.307500000000000000e+02 2.490040000000000065e-47
1.310000000000000000e+02 2.490689999999999832e-47
1.312500000000000000e+02 2.490629999999999876e-47
1.315000000000000000e+02 2.490930000000000142e-47
1.317500000000000000e+02 2.490859999999999950e-47
1.320000000000000000e+02 2.490979999999999862e-47
1.322500000000000000e+02 2.491360000000000070e-47
1.325000000000000000e+02 2.491280000000000128e-47
1.327500000000000000e+02 2.491510000000000203e-47
1.330000000000000000e+02 2.491280000000000128e-47
1.332500000000000000e+02 2.491380000000000055e-47
1.335000000000000000e+02 2.491129999999999995e-47
1.337500000000000000e+02 2.490799999999999994e-47
1.340000000000000000e+02 2.490979999999999862e-47
1.342500000000000000e+02 2.490879999999999935e-47
1.345000000000000000e+02 2.490109999999999771e-47
1.347500000000000000e+02 2.489800000000000241e-47
1.350000000000000000e+02 2.489770000000000020e-47
1.352500000000000000e+02 2.489440000000000018e-47
1.355000000000000000e+02 2.489090000000000032e-47
1.357500000000000000e+02 2.488000000000000102e-47
1.360000000000000000e+02 2.487249999999999922e-47
1.362500000000000000e+02 2.487050000000000069e-47
1.365000000000000000e+02 2.486850000000000215e-47
1.367500000000000000e+02 2.486450000000000022e-47
1.370000000000000000e+02 2.485499999999999989e-47
1.372500000000000000e+02 2.485369999999999841e-47
1.375000000000000000e+02 2.484800000000000016e-47
1.377500000000000000e+02 2.483860000000000219e-47
1.380000000000000000e+02 2.483460000000000026e-47
1.382500000000000000e+02 2.482459999999999786e-47
1.385000000000000000e+02 2.482000000000000124e-47
1.387500000000000000e+02 2.481269999999999929e-47
1.390000000000000000e+02 2.480370000000000103e-47
1.392500000000000000e+02 2.479500000000000011e-47
1.395000000000000000e+02 2.478499999999999772e-47
1.397500000000000000e+02 2.477940000000000182e-47
1.400000000000000000e+02 2.476950000000000179e-47
1.402500000000000000e+02 2.475529999999999761e-47
1.405000000000000000e+02 2.474279999999999948e-47
1.407500000000000000e+02 2.473190000000000017e-47
1.410000000000000000e+02 2.471719999999999879e-47
1.412500000000000000e+02 2.470359999999999904e-47
1.415000000000000000e+02 2.468709999999999898e-47
1.417500000000000000e+02 2.467409999999999878e-47
1.420000000000000000e+02 2.466319999999999948e-47
1.422500000000000000e+02 2.464479999999999838e-47
1.425000000000000000e+02 2.462860000000000053e-47
1.427500000000000000e+02 2.461130000000000105e-47
1.430000000000000000e+02 2.459440000000000129e-47
1.432500000000000000e+02 2.458020000000000197e-47
1.435000000000000000e+02 2.456220000000000058e-47
1.437500000000000000e+02 2.454009999999999976e-47
1.440000000000000000e+02 2.452249999999999807e-47
1.442500000000000000e+02 2.450220000000000080e-47
1.445000000000000000e+02 2.448289999999999793e-47
1.447500000000000000e+02 2.446700000000000229e-47
1.450000000000000000e+02 2.444769999999999942e-47
1.452500000000000000e+02 2.442949999999999817e-47
1.455000000000000000e+02 2.441130000000000179e-47
1.457500000000000000e+02 2.438710000000000008e-47
1.460000000000000000e+02 2.436789999999999957e-47
1.462500000000000000e+02 2.435150000000000186e-47
1.465000000000000000e+02 2.433099999999999987e-47
1.467500000000000000e+02 2.431000000000000068e-47
1.470000000000000000e+02 2.428949999999999869e-47
1.472500000000000000e+02 2.426969999999999861e-47
1.475000000000000000e+02 2.424949999999999883e-47
1.477500000000000000e+02 2.423069999999999803e-47
1.480000000000000000e+02 2.421140000000000002e-47
1.482500000000000000e+02 2.419149999999999759e-47
1.485000000000000000e+02 2.417080000000000061e-47
1.487500000000000000e+02 2.414929999999999935e-47
1.490000000000000000e+02 2.412480000000000029e-47
1.492500000000000000e+02 2.410050000000000108e-47
1.495000000000000000e+02 2.407539999999999760e-47
1.497500000000000000e+02 2.405290000000000194e-47
1.500000000000000000e+02 2.403020000000000156e-47
1.502500000000000000e+02 2.400690000000000162e-47
1.505000000000000000e+02 2.398260000000000241e-47
1.507500000000000000e+02 2.395720000000000158e-47
1.510000000000000000e+02 2.393350000000000194e-47
1.512500000000000000e+02 2.391209999999999818e-47
1.515000000000000000e+02 2.388910000000000045e-47
1.517500000000000000e+02 2.386489999999999874e-47
1.520000000000000000e+02 2.383849999999999864e-47
1.522500000000000000e+02 2.381220000000000090e-47
1.525000000000000000e+02 2.378279999999999814e-47
1.527500000000000000e+02 2.375479999999999922e-47
1.530000000000000000e+02 2.372580000000000102e-47
1.532500000000000000e+02 2.370060000000000005e-47
1.535000000000000000e+02 2.367089999999999994e-47
1.537500000000000000e+02 2.364199999999999924e-47
1.540000000000000000e+02 2.361579999999999900e-47
1.542500000000000000e+02 2.359599999999999892e-47
1.545000000000000000e+02 2.356729999999999808e-47
1.547500000000000000e+02 2.353989999999999872e-47
1.550000000000000000e+02 2.351699999999999848e-47
1.552500000000000000e+02 2.348640000000000147e-47
1.555000000000000000e+02 2.345380000000000105e-47
1.557500000000000000e+02 2.342709999999999874e-47
1.560000000000000000e+02 2.339559999999999995e-47
1.562500000000000000e+02 2.336040000000000144e-47
1.565000000000000000e+02 2.333219999999999780e-47
1.567500000000000000e+02 2.330459999999999858e-47
1.570000000000000000e+02 2.327440000000000127e-47
1.572500000000000000e+02 2.324040000000000188e-47
1.575000000000000000e+02 2.320519999999999851e-47
1.577500000000000000e+02 2.317580000000000061e-47
1.580000000000000000e+02 2.314880000000000095e-47
1.582500000000000000e+02 2.311750000000000202e-47
1.585000000000000000e+02 2.308709999999999999e-47
1.587500000000000000e+02 2.305730000000000238e-47
1.590000000000000000e+02 2.302240000000000122e-47
1.592500000000000000e+02 2.298860000000000169e-47
1.595000000000000000e+02 2.295629999999999862e-47
1.597500000000000000e+02 2.292180000000000203e-47
1.600000000000000000e+02 2.288479999999999998e-47
1.602500000000000000e+02 2.285359999999999854e-47
1.605000000000000000e+02 2.282380000000000093e-47
1.607500000000000000e+02 2.278639999999999917e-47
1.610000000000000000e+02 2.274870000000000007e-47
1.612500000000000000e+02 2.271129999999999831e-47
1.615000000000000000e+02 2.267729999999999892e-47
1.617500000000000000e+02 2.264360000000000174e-47
1.620000000000000000e+02 2.261249999999999780e-47
1.622500000000000000e+02 2.257519999999999839e-47
1.625000000000000000e+02 2.253650000000000002e-47
1.627500000000000000e+02 2.250119999999999915e-47
1.630000000000000000e+02 2.247109999999999934e-47
1.632500000000000000e+02 2.243289999999999816e-47
1.635000000000000000e+02 2.239809999999999936e-47
1.637500000000000000e+02 2.235860000000000157e-47
1.640000000000000000e+02 2.232480000000000204e-47
1.642500000000000000e+02 2.228649999999999851e-47
1.645000000000000000e+02 2.225269999999999897e-47
1.647500000000000000e+02 2.221960000000000135e-47
1.650000000000000000e+02 2.218279999999999915e-47
1.652500000000000000e+02 2.214479999999999784e-47
1.655000000000000000e+02 2.211559999999999979e-47
1.657500000000000000e+02 2.207770000000000083e-47
1.660000000000000000e+02 2.204459999999999835e-47
1.662500000000000000e+02 2.201210000000000029e-47
1.665000000000000000e+02 2.197630000000000222e-47
1.667500000000000000e+02 2.194310000000000225e-47
1.670000000000000000e+02 2.190829999999999858e-47
1.672500000000000000e+02 2.187210000000000081e-47
1.675000000000000000e+02 2.183240000000000073e-47
1.677500000000000000e+02 2.179439999999999941e-47
1.680000000000000000e+02 2.175890000000000112e-47
1.682500000000000000e+02 2.172660000000000049e-47
1.685000000000000000e+02 2.169330000000000059e-47
1.687500000000000000e+02 2.165589999999999883e-47
1.690000000000000000e+02 2.162159999999999966e-47
1.692500000000000000e+02 2.158670000000000093e-47
1.695000000000000000e+02 2.154660000000000115e-47
1.697500000000000000e+02 2.151460000000000030e-47
1.700000000000000000e+02 2.147790000000000045e-47
1.702500000000000000e+02 2.144209999999999995e-47
1.705000000000000000e+02 2.140500000000000041e-47
1.707500000000000000e+02 2.137599999999999978e-47
1.710000000000000000e+02 2.134820000000000071e-47
1.712500000000000000e+02 2.131739999999999898e-47
1.715000000000000000e+02 2.129069999999999910e-47
1.717500000000000000e+02 2.126419999999999908e-47
1.720000000000000000e+02 2.123399999999999933e-47
1.722500000000000000e+02 2.120880000000000079e-47
1.725000000000000000e+02 2.118149999999999892e-47
1.727500000000000000e+02 2.115489999999999897e-47
1.730000000000000000e+02 2.113059999999999976e-47
1.732500000000000000e+02 2.110250000000000091e-47
1.735000000000000000e+02 2.108040000000000009e-47
1.737500000000000000e+02 2.105390000000000007e-47
1.740000000000000000e+02 2.102920000000000115e-47
1.742500000000000000e+02 2.100819999999999953e-47
1.745000000000000000e+02 2.098740000000000019e-47
1.747500000000000000e+02 2.096839999999999953e-47
1.750000000000000000e+02 2.094199999999999943e-47
1.752500000000000000e+02 2.091919999999999913e-47
1.755000000000000000e+02 2.089889999999999942e-47
1.757500000000000000e+02 2.088020000000000097e-47
1.760000000000000000e+02 2.085949999999999913e-47
1.762500000000000000e+02 2.083840000000000001e-47
1.765000000000000000e+02 2.081659999999999897e-47
1.767500000000000000e+02 2.079319999999999910e-47
1.770000000000000000e+02 2.077659999999999912e-47
1.772500000000000000e+02 2.075629999999999941e-47
1.775000000000000000e+02 2.074080000000000105e-47
1.777500000000000000e+02 2.072339999999999921e-47
1.780000000000000000e+02 2.070949999999999968e-47
1.782500000000000000e+02 2.069520000000000044e-47
1.785000000000000000e+02 2.068059999999999898e-47
1.787500000000000000e+02 2.066110000000000112e-47
1.790000000000000000e+02 2.065399999999999903e-47
1.792500000000000000e+02 2.064200000000000053e-47
1.795000000000000000e+02 2.063170000000000079e-47
1.797500000000000000e+02 2.061830000000000089e-47
1.800000000000000000e+02 2.061099999999999895e-47
1.802500000000000000e+02 2.059890000000000052e-47
1.805000000000000000e+02 2.059109999999999895e-47
1.807500000000000000e+02 2.058709999999999945e-47
1.810000000000000000e+02 2.057820000000000111e-47
1.812500000000000000e+02 2.056709999999999952e-47
1.815000000000000000e+02 2.056119999999999898e-47
1.817500000000000000e+02 2.055840000000000103e-47
1.820000000000000000e+02 2.055560000000000066e-47
1.822500000000000000e+02 2.055419999999999925e-47
1.825000000000000000e+02 2.055039999999999961e-47
1.827500000000000000e+02 2.055329999999999991e-47
1.830000000000000000e+02 2.054830000000000114e-47
1.832500000000000000e+02 2.055049999999999953e-47
1.835000000000000000e+02 2.055009999999999983e-47
1.837500000000000000e+02 2.055409999999999932e-47
1.840000000000000000e+02 2.055779999999999904e-47
1.842500000000000000e+02 2.056069999999999935e-47
1.845000000000000000e+02 2.056809999999999879e-47
1.847500000000000000e+02 2.056719999999999945e-47
1.850000000000000000e+02 2.057160000000000108e-47
1.852500000000000000e+02 2.058029999999999957e-47
1.855000000000000000e+02 2.058940000000000019e-47
1.857500000000000000e+02 2.060039999999999942e-47
1.860000000000000000e+02 2.061180000000000079e-47
1.862500000000000000e+02 2.062289999999999995e-47
1.865000000000000000e+02 2.063359999999999940e-47
1.867500000000000000e+02 2.064649999999999967e-47
1.870000000000000000e+02 2.066419999999999885e-47
1.872500000000000000e+02 2.068150000000000075e-47
1.875000000000000000e+02 2.070140000000000075e-47
1.877500000000000000e+02 2.071760000000000103e-47
1.880000000000000000e+02 2.074450000000000076e-47
1.882500000000000000e+02 2.076740000000000100e-47
1.885000000000000000e+02 2.079209999999999991e-47
1.887500000000000000e+02 2.081349999999999881e-47
1.890000000000000000e+02 2.084269999999999929e-47
1.892500000000000000e+02 2.086740000000000063e-47
1.895000000000000000e+02 2.089410000000000051e-47
1.897500000000000000e+02 2.091909999999999920e-47
1.900000000000000000e+02 2.094849999999999953e-47
1.902500000000000000e+02 2.096809999999999975e-47
1.905000000000000000e+02 2.099559999999999904e-47
1.907500000000000000e+02 2.102459999999999966e-47
1.910000000000000000e+02 2.105179999999999917e-47
1.912500000000000000e+02 2.108050000000000002e-47
1.915000000000000000e+02 2.111330000000000029e-47
1.917500000000000000e+02 2.114509999999999886e-47
1.920000000000000000e+02 2.117940000000000046e-47
1.922500000000000000e+02 2.121610000000000030e-47
1.925000000000000000e+02 2.125009999999999969e-47
1.927500000000000000e+02 2.128920000000000020e-47
1.930000000000000000e+02 2.132430000000000121e-47
1.932500000000000000e+02 2.135709999999999905e-47
1.935000000000000000e+02 2.139629999999999949e-47
1.937500000000000000e+02 2.143349999999999896e-47
1.940000000000000000e+02 2.147790000000000045e-47
1.942500000000000000e+02 2.151639999999999898e-47
1.945000000000000000e+02 2.155849999999999972e-47
1.947500000000000000e+02 2.160000000000000091e-47
1.950000000000000000e+02 2.163859999999999935e-47
1.952500000000000000e+02 2.167759999999999994e-47
1.955000000000000000e+02 2.171970000000000068e-47
1.957500000000000000e+02 2.175880000000000120e-47
1.960000000000000000e+02 2.180340000000000011e-47
1.962500000000000000e+02 2.184809999999999895e-47
1.965000000000000000e+02 2.188659999999999990e-47
1.967500000000000000e+02 2.193239999999999793e-47
1.970000000000000000e+02 2.197770000000000120e-47
1.972500000000000000e+02 2.202390000000000137e-47
1.975000000000000000e+02 2.207179999999999786e-47
1.977500000000000000e+02 2.211859999999999759e-47
1.980000000000000000e+02 2.216259999999999937e-47
1.982500000000000000e+02 2.220600000000000160e-47
1.985000000000000000e+02 2.225369999999999824e-47
1.987500000000000000e+02 2.229960000000000106e-47
1.990000000000000000e+02 2.234609999999999858e-47
1.992500000000000000e+02 2.239769999999999965e-47
1.995000000000000000e+02 2.244830000000000146e-47
1.997500000000000000e+02 2.249709999999999973e-47
2.000000000000000000e+02 2.254659999999999991e-47
2.002500000000000000e+02 2.258759999999999903e-47
2.005000000000000000e+02 2.264159999999999834e-47
2.007500000000000000e+02 2.268850000000000043e-47
2.010000000000000000e+02 2.273649999999999928e-47
2.012500000000000000e+02 2.278159999999999783e-47
2.015000000000000000e+02 2.282650000000000138e-47
2.017500000000000000e+02 2.286840000000000228e-47
2.020000000000000000e+02 2.291689999999999833e-47
2.022500000000000000e+02 2.296260000000000130e-47
2.025000000000000000e+02 2.300989999999999823e-47
2.027500000000000000e+02 2.305569999999999870e-47
2.030000000000000000e+02 2.310169999999999901e-47
2.032500000000000000e+02 2.314289999999999799e-47
2.035000000000000000e+02 2.318490000000000124e-47
2.037500000000000000e+02 2.322849999999999845e-47
2.040000000000000000e+02 2.326680000000000198e-47
2.042500000000000000e+02 2.330649999999999962e-47
2.045000000000000000e+02 2.335360000000000156e-47
2.047500000000000000e+02 2.339870000000000011e-47
2.050000000000000000e+02 2.343869999999999996e-47
2.052500000000000000e+02 2.348930000000000177e-47
2.055000000000000000e+02 2.352789999999999779e-47
2.057500000000000000e+02 2.357220000000000178e-47
2.060000000000000000e+02 2.361429999999999767e-47
2.062500000000000000e+02 2.365940000000000107e-47
2.065000000000000000e+02 2.370469999999999947e-47
2.067500000000000000e+02 2.374279999999999829e-47
2.070000000000000000e+02 2.377860000000000122e-47
2.072500000000000000e+02 2.381329999999999766e-47
2.075000000000000000e+02 2.384759999999999926e-47
2.077500000000000000e+02 2.388039999999999953e-47
2.080000000000000000e+02 2.391220000000000053e-47
2.082500000000000000e+02 2.394440000000000124e-47
2.085000000000000000e+02 2.398300000000000212e-47
2.087500000000000000e+02 2.401299999999999958e-47
2.090000000000000000e+02 2.404819999999999809e-47
2.092500000000000000e+02 2.407829999999999791e-47
2.095000000000000000e+02 2.411089999999999832e-47
2.097500000000000000e+02 2.414240000000000197e-47
2.100000000000000000e+02 2.417230000000000194e-47
2.102500000000000000e+02 2.420280000000000146e-47
2.105000000000000000e+02 2.423270000000000142e-47
2.107500000000000000e+02 2.427009999999999832e-47
2.110000000000000000e+02 2.430300000000000095e-47
2.112500000000000000e+02 2.433609999999999856e-47
2.115000000000000000e+02 2.436840000000000163e-47
2.117500000000000000e+02 2.438769999999999964e-47
2.120000000000000000e+02 2.441179999999999899e-47
2.122500000000000000e+02 2.443970000000000042e-47
2.125000000000000000e+02 2.446220000000000095e-47
2.127500000000000000e+02 2.447950000000000042e-47
2.130000000000000000e+02 2.449910000000000064e-47
2.132500000000000000e+02 2.452760000000000163e-47
2.135000000000000000e+02 2.454630000000000008e-47
2.137500000000000000e+02 2.456410000000000162e-47
2.140000000000000000e+02 2.457349999999999959e-47
2.142500000000000000e+02 2.458570000000000037e-47
2.145000000000000000e+02 2.459719999999999923e-47
2.147500000000000000e+02 2.461010000000000193e-47
2.150000000000000000e+02 2.461710000000000166e-47
2.152500000000000000e+02 2.462209999999999800e-47
2.155000000000000000e+02 2.462279999999999992e-47
2.157500000000000000e+02 2.462760000000000126e-47
2.160000000000000000e+02 2.463269999999999995e-47
2.162500000000000000e+02 2.463340000000000187e-47
2.165000000000000000e+02 2.462760000000000126e-47
2.167500000000000000e+02 2.461799999999999857e-47
2.170000000000000000e+02 2.460459999999999867e-47
2.172500000000000000e+02 2.459469999999999864e-47
2.175000000000000000e+02 2.458310000000000228e-47
2.177500000000000000e+02 2.456740000000000163e-47
2.180000000000000000e+02 2.455429999999999908e-47
2.182500000000000000e+02 2.453679999999999975e-47
2.185000000000000000e+02 2.451270000000000040e-47
2.187500000000000000e+02 2.448849999999999869e-47
2.190000000000000000e+02 2.446530000000000110e-47
2.192500000000000000e+02 2.443850000000000130e-47
2.195000000000000000e+02 2.440530000000000132e-47
2.197500000000000000e+02 2.437139999999999943e-47
2.200000000000000000e+02 2.432769999999999986e-47
2.202500000000000000e+02 2.428820000000000207e-47
2.205000000000000000e+02 2.424309999999999866e-47
2.207500000000000000e+02 2.420160000000000234e-47
2.210000000000000000e+02 2.415490000000000010e-47
2.212500000000000000e+02 2.410830000000000023e-47
2.215000000000000000e+02 2.405239999999999987e-47
2.217500000000000000e+02 2.399760000000000114e-47
2.220000000000000000e+02 2.393020000000000193e-47
2.222500000000000000e+02 2.386449999999999903e-47
2.225000000000000000e+02 2.380139999999999909e-47
2.227500000000000000e+02 2.373650000000000047e-47
2.230000000000000000e+02 2.365360000000000046e-47
2.232500000000000000e+02 2.358029999999999828e-47
2.235000000000000000e+02 2.349679999999999870e-47
2.237500000000000000e+02 2.342169999999999784e-47
2.240000000000000000e+02 2.333280000000000222e-47
2.242500000000000000e+02 2.324800000000000117e-47
2.245000000000000000e+02 2.315560000000000083e-47
2.247500000000000000e+02 2.305759999999999973e-47
2.250000000000000000e+02 2.296670000000000072e-47
2.252500000000000000e+02 2.287080000000000052e-47
2.255000000000000000e+02 2.277450000000000060e-47
2.257500000000000000e+02 2.267680000000000172e-47
2.260000000000000000e+02 2.257040000000000191e-47
2.262500000000000000e+02 2.246139999999999915e-47
2.265000000000000000e+02 2.235240000000000125e-47
2.267500000000000000e+02 2.224219999999999937e-47
2.270000000000000000e+02 2.213179999999999764e-47
2.272500000000000000e+02 2.201839999999999810e-47
2.275000000000000000e+02 2.189719999999999942e-47
2.277500000000000000e+02 2.177560000000000104e-47
2.280000000000000000e+02 2.164909999999999895e-47
2.282500000000000000e+02 2.152050000000000083e-47
2.285000000000000000e+02 2.139150000000000058e-47
2.287500000000000000e+02 2.126620000000000004e-47
2.290000000000000000e+02 2.113200000000000117e-47
2.292500000000000000e+02 2.099859999999999927e-47
2.295000000000000000e+02 2.085810000000000015e-47
2.297500000000000000e+02 2.072659999999999930e-47
2.300000000000000000e+02 2.058679999999999967e-47
2.302500000000000000e+02 2.044310000000000046e-47
2.305000000000000000e+02 2.030050000000000045e-47
2.307500000000000000e+02 2.015869999999999985e-47
2.310000000000000000e+02 2.001810000000000081e-47
2.312500000000000000e+02 1.986779999999999915e-47
2.315000000000000000e+02 1.971720000000000014e-47
2.317500000000000000e+02 1.956969999999999886e-47
2.320000000000000000e+02 1.941569999999999991e-47
2.322500000000000000e+02 1.926309999999999993e-47
2.325000000000000000e+02 1.910940000000000076e-47
2.327500000000000000e+02 1.895179999999999959e-47
2.330000000000000000e+02 1.879710000000000116e-47
2.332500000000000000e+02 1.863810000000000101e-47
2.335000000000000000e+02 1.847890000000000101e-47
2.337500000000000000e+02 1.832159999999999962e-47
2.340000000000000000e+02 1.816060000000000094e-47
2.342500000000000000e+02 1.799530000000000055e-47
2.345000000000000000e+02 1.783260000000000069e-47
2.347500000000000000e+02 1.766779999999999993e-47
2.350000000000000000e+02 1.749959999999999924e-47
2.352500000000000000e+02 1.733699999999999930e-47
2.355000000000000000e+02 1.717580000000000077e-47
2.357500000000000000e+02 1.701060000000000030e-47
2.360000000000000000e+02 1.684710000000000103e-47
2.362500000000000000e+02 1.668450000000000109e-47
2.365000000000000000e+02 1.651749999999999951e-47
2.367500000000000000e+02 1.635760000000000003e-47
2.370000000000000000e+02 1.619559999999999965e-47
2.372500000000000000e+02 1.602920000000000007e-47
2.375000000000000000e+02 1.586379999999999975e-47
2.377500000000000000e+02 1.569839999999999943e-47
2.380000000000000000e+02 1.553110000000000051e-47
2.382500000000000000e+02 1.536550000000000034e-47
2.385000000000000000e+02 1.520809999999999902e-47
2.387500000000000000e+02 1.504670000000000064e-47
2.390000000000000000e+02 1.488879999999999968e-47
2.392500000000000000e+02 1.472389999999999900e-47
2.395000000000000000e+02 1.456379999999999966e-47
2.397500000000000000e+02 1.439809999999999957e-47
2.400000000000000000e+02 1.424249999999999936e-47
2.402500000000000000e+02 1.408299999999999958e-47
2.405000000000000000e+02 1.392520000000000099e-47
2.407500000000000000e+02 1.376529999999999907e-47
2.410000000000000000e+02 1.360370000000000083e-47
2.412500000000000000e+02 1.344560000000000002e-47
2.415000000000000000e+02 1.328940000000000026e-47
2.417500000000000000e+02 1.313290000000000071e-47
2.420000000000000000e+02 1.297279999999999894e-47
2.422500000000000000e+02 1.281359999999999894e-47
2.425000000000000000e+02 1.265910000000000036e-47
2.427500000000000000e+02 1.250290000000000059e-47
2.430000000000000000e+02 1.234630000000000112e-47
2.432500000000000000e+02 1.218979999999999914e-47
2.435000000000000000e+02 1.203530000000000056e-47
2.437500000000000000e+02 1.188220000000000095e-47
2.440000000000000000e+02 1.173199999999999922e-47
2.442500000000000000e+02 1.157770000000000049e-47
2.445000000000000000e+02 1.142530000000000037e-47
2.447500000000000000e+02 1.127540000000000085e-47
2.450000000000000000e+02 1.112680000000000037e-47
2.452500000000000000e+02 1.097640000000000121e-47
2.455000000000000000e+02 1.082830000000000037e-47
2.457500000000000000e+02 1.068090000000000023e-47
2.460000000000000000e+02 1.053520000000000006e-47
2.462500000000000000e+02 1.039230000000000027e-47
2.465000000000000000e+02 1.025009999999999997e-47
2.467500000000000000e+02 1.010609999999999977e-47
2.470000000000000000e+02 9.965460000000000021e-48
2.472500000000000000e+02 9.825990000000000390e-48
2.475000000000000000e+02 9.690720000000000111e-48
2.477500000000000000e+02 9.552099999999999857e-48
2.480000000000000000e+02 9.417359999999999433e-48
2.482500000000000000e+02 9.280319999999999479e-48
2.485000000000000000e+02 9.147310000000000461e-48
2.487500000000000000e+02 9.012819999999999854e-48
2.490000000000000000e+02 8.880849999999999587e-48
2.492500000000000000e+02 8.752419999999999886e-48
2.495000000000000000e+02 8.624509999999999561e-48
2.497500000000000000e+02 8.495339999999999673e-48
2.500000000000000000e+02 8.369599999999999945e-48
2.502500000000000000e+02 8.244350000000000587e-48
2.505000000000000000e+02 8.124920000000000367e-48
2.507500000000000000e+02 7.999519999999999904e-48
2.510000000000000000e+02 7.877429999999999932e-48
2.512500000000000000e+02 7.760489999999999831e-48
2.515000000000000000e+02 7.646710000000000331e-48
2.517500000000000000e+02 7.532219999999999651e-48
2.520000000000000000e+02 7.417849999999999854e-48
2.522500000000000000e+02 7.308599999999999708e-48
2.525000000000000000e+02 7.200119999999999971e-48
2.527500000000000000e+02 7.090950000000000009e-48
2.530000000000000000e+02 6.982040000000000344e-48
2.532500000000000000e+02 6.876759999999999476e-48
2.535000000000000000e+02 6.771809999999999825e-48
2.537500000000000000e+02 6.670889999999999894e-48
2.540000000000000000e+02 6.570679999999999929e-48
2.542500000000000000e+02 6.472510000000000413e-48
2.545000000000000000e+02 6.376569999999999506e-48
2.547500000000000000e+02 6.279889999999999628e-48
2.550000000000000000e+02 6.185209999999999499e-48
2.552500000000000000e+02 6.091900000000000554e-48
