0.000000000000000000e+00 5.000000000000000000e-01
2.500000000000000000e-01 5.000000000000000000e-01
5.000000000000000000e-01 5.000000000000000000e-01
7.500000000000000000e-01 5.000000000000000000e-01
1.000000000000000000e+00 5.000000000000000000e-01
1.250000000000000000e+00 5.000000000000000000e-01
1.500000000000000000e+00 5.000000000000000000e-01
1.750000000000000000e+00 5.000000000000000000e-01
2.000000000000000000e+00 5.000000000000000000e-01
2.250000000000000000e+00 5.000000000000000000e-01
2.500000000000000000e+00 5.000000000000000000e-01
2.750000000000000000e+00 5.000000000000000000e-01
3.000000000000000000e+00 5.000000000000000000e-01
3.250000000000000000e+00 5.000000000000000000e-01
3.500000000000000000e+00 5.000000000000000000e-01
3.750000000000000000e+00 5.000000000000000000e-01
4.000000000000000000e+00 5.000000000000000000e-01
4.250000000000000000e+00 5.000000000000000000e-01
4.500000000000000000e+00 5.000000000000000000e-01
4.750000000000000000e+00 5.000000000000000000e-01
5.000000000000000000e+00 5.000000000000000000e-01
5.250000000000000000e+00 5.000000000000000000e-01
5.500000000000000000e+00 5.000000000000000000e-01
5.750000000000000000e+00 5.000000000000000000e-01
6.000000000000000000e+00 5.000000000000000000e-01
6.250000000000000000e+00 5.000000000000000000e-01
6.500000000000000000e+00 5.000000000000000000e-01
6.750000000000000000e+00 5.000000000000000000e-01
7.000000000000000000e+00 5.000000000000000000e-01
7.250000000000000000e+00 5.000000000000000000e-01
7.500000000000000000e+00 5.000000000000000000e-01
7.750000000000000000e+00 5.000000000000000000e-01
8.000000000000000000e+00 5.000000000000000000e-01
8.250000000000000000e+00 5.000000000000000000e-01
8.500000000000000000e+00 5.000000000000000000e-01
8.750000000000000000e+00 5.000000000000000000e-01
9.000000000000000000e+00 5.000000000000000000e-01
9.250000000000000000e+00 5.000000000000000000e-01
9.500000000000000000e+00 5.000000000000000000e-01
9.750000000000000000e+00 5.000000000000000000e-01
1.000000000000000000e+01 5.000000000000000000e-01
1.025000000000000000e+01 5.000000000000000000e-01
1.050000000000000000e+01 5.000000000000000000e-01
1.075000000000000000e+01 5.000000000000000000e-01
1.100000000000000000e+01 5.000000000000000000e-01
1.125000000000000000e+01 5.000000000000000000e-01
1.150000000000000000e+01 5.000000000000000000e-01
1.175000000000000000e+01 5.000000000000000000e-01
1.200000000000000000e+01 5.000000000000000000e-01
1.225000000000000000e+01 5.000000000000000000e-01
1.250000000000000000e+01 5.000000000000000000e-01
1.275000000000000000e+01 5.000000000000000000e-01
1.300000000000000000e+01 5.000000000000000000e-01
1.325000000000000000e+01 5.000000000000000000e-01
1.350000000000000000e+01 5.000000000000000000e-01
1.375000000000000000e+01 5.000000000000000000e-01
1.400000000000000000e+01 5.000000000000000000e-01
1.425000000000000000e+01 5.000000000000000000e-01
1.450000000000000000e+01 5.000000000000000000e-01
1.475000000000000000e+01 5.000000000000000000e-01
1.500000000000000000e+01 5.000000000000000000e-01
1.525000000000000000e+01 5.000000000000000000e-01
1.550000000000000000e+01 5.000000000000000000e-01
1.575000000000000000e+01 5.000000000000000000e-01
1.600000000000000000e+01 1.119890000000000013e-42
1.625000000000000000e+01 1.061079999999999964e-42
1.650000000000000000e+01 1.022660000000000008e-42
1.675000000000000000e+01 9.801360000000000419e-43
1.700000000000000000e+01 9.156679999999999679e-43
1.725000000000000000e+01 8.488360000000000712e-43
1.750000000000000000e+01 7.893690000000000306e-43
1.775000000000000000e+01 7.394260000000000302e-43
1.800000000000000000e+01 6.652800000000000034e-43
1.825000000000000000e+01 5.961329999999999739e-43
1.850000000000000000e+01 5.406100000000000020e-43
1.875000000000000000e+01 4.874480000000000374e-43
1.900000000000000000e+01 4.353560000000000334e-43
1.925000000000000000e+01 3.826900000000000221e-43
1.950000000000000000e+01 3.319909999999999947e-43
1.975000000000000000e+01 2.828030000000000032e-43
2.000000000000000000e+01 2.445299999999999925e-43
2.025000000000000000e+01 2.288239999999999858e-43
2.050000000000000000e+01 1.963750000000000104e-43
2.075000000000000000e+01 1.617170000000000035e-43
2.100000000000000000e+01 1.361710000000000070e-43
2.125000000000000000e+01 1.267310000000000096e-43
2.150000000000000000e+01 1.666510000000000022e-43
2.175000000000000000e+01 3.511540000000000005e-43
2.200000000000000000e+01 6.702479999999999986e-43
2.225000000000000000e+01 2.816560000000000068e-43
2.250000000000000000e+01 9.303530000000000623e-44
2.275000000000000000e+01 3.937670000000000101e-44
2.300000000000000000e+01 2.232130000000000023e-44
2.325000000000000000e+01 1.474739999999999926e-44
2.350000000000000000e+01 1.050379999999999997e-44
2.375000000000000000e+01 7.832349999999999698e-45
2.400000000000000000e+01 6.085219999999999499e-45
2.425000000000000000e+01 4.898779999999999762e-45
2.450000000000000000e+01 4.058550000000000011e-45
2.475000000000000000e+01 3.444499999999999997e-45
2.500000000000000000e+01 2.993059999999999730e-45
2.525000000000000000e+01 2.652329999999999890e-45
2.550000000000000000e+01 2.382680000000000031e-45
2.575000000000000000e+01 2.171610000000000079e-45
2.600000000000000000e+01 2.000050000000000000e-45
2.625000000000000000e+01 1.862179999999999993e-45
2.650000000000000000e+01 1.747110000000000000e-45
2.675000000000000000e+01 1.648320000000000093e-45
2.700000000000000000e+01 1.564190000000000001e-45
2.725000000000000000e+01 1.480679999999999862e-45
2.750000000000000000e+01 1.400969999999999934e-45
2.775000000000000000e+01 1.325579999999999951e-45
2.800000000000000000e+01 1.251990000000000009e-45
2.825000000000000000e+01 1.184869999999999964e-45
2.850000000000000000e+01 1.125010000000000062e-45
2.875000000000000000e+01 1.068659999999999970e-45
2.900000000000000000e+01 1.014739999999999974e-45
2.925000000000000000e+01 9.642560000000000453e-46
2.950000000000000000e+01 9.204119999999999953e-46
2.975000000000000000e+01 8.821549999999999586e-46
3.000000000000000000e+01 8.457350000000000680e-46
3.025000000000000000e+01 8.122999999999999684e-46
3.050000000000000000e+01 7.815999999999999693e-46
3.075000000000000000e+01 7.523270000000000765e-46
3.100000000000000000e+01 7.251910000000000517e-46
3.125000000000000000e+01 6.997599999999999781e-46
3.150000000000000000e+01 6.761499999999999846e-46
3.175000000000000000e+01 6.538329999999999914e-46
3.200000000000000000e+01 6.325940000000000346e-46
3.225000000000000000e+01 6.124879999999999621e-46
3.250000000000000000e+01 5.935039999999999910e-46
3.275000000000000000e+01 5.756210000000000054e-46
3.300000000000000000e+01 5.581309999999999991e-46
3.325000000000000000e+01 5.414759999999999885e-46
3.350000000000000000e+01 5.257450000000000203e-46
3.375000000000000000e+01 5.104240000000000141e-46
3.400000000000000000e+01 4.959230000000000097e-46
3.425000000000000000e+01 4.819979999999999721e-46
3.450000000000000000e+01 4.684640000000000028e-46
3.475000000000000000e+01 4.555099999999999780e-46
3.500000000000000000e+01 4.432429999999999989e-46
3.525000000000000000e+01 4.311109999999999647e-46
3.550000000000000000e+01 4.193500000000000330e-46
3.575000000000000000e+01 4.083469999999999832e-46
3.600000000000000000e+01 3.977409999999999681e-46
3.625000000000000000e+01 3.873180000000000183e-46
3.650000000000000000e+01 3.775570000000000209e-46
3.675000000000000000e+01 3.680839999999999679e-46
3.700000000000000000e+01 3.591620000000000216e-46
3.725000000000000000e+01 3.501869999999999828e-46
3.750000000000000000e+01 3.418670000000000134e-46
3.775000000000000000e+01 3.338339999999999940e-46
3.800000000000000000e+01 3.260349999999999879e-46
3.825000000000000000e+01 3.186830000000000090e-46
3.850000000000000000e+01 3.115700000000000155e-46
3.875000000000000000e+01 3.048519999999999901e-46
3.900000000000000000e+01 2.981429999999999921e-46
3.925000000000000000e+01 2.918620000000000110e-46
3.950000000000000000e+01 2.857390000000000017e-46
3.975000000000000000e+01 2.798169999999999957e-46
4.000000000000000000e+01 2.739050000000000116e-46
4.025000000000000000e+01 2.681869999999999922e-46
4.050000000000000000e+01 2.625699999999999912e-46
4.075000000000000000e+01 2.570740000000000133e-46
4.100000000000000000e+01 2.517379999999999960e-46
4.125000000000000000e+01 2.466180000000000148e-46
4.150000000000000000e+01 2.415510000000000093e-46
4.175000000000000000e+01 2.366070000000000158e-46
4.200000000000000000e+01 2.318009999999999892e-46
4.225000000000000000e+01 2.270990000000000031e-46
4.250000000000000000e+01 2.225279999999999841e-46
4.275000000000000000e+01 2.181230000000000088e-46
4.300000000000000000e+01 2.137539999999999876e-46
4.325000000000000000e+01 2.095059999999999896e-46
4.350000000000000000e+01 2.053880000000000033e-46
4.375000000000000000e+01 2.013530000000000193e-46
4.400000000000000000e+01 1.975419999999999879e-46
4.425000000000000000e+01 1.937719999999999993e-46
4.450000000000000000e+01 1.900679999999999915e-46
4.475000000000000000e+01 1.863660000000000114e-46
4.500000000000000000e+01 1.827940000000000041e-46
4.525000000000000000e+01 1.793090000000000157e-46
4.550000000000000000e+01 1.759310000000000120e-46
4.575000000000000000e+01 1.726139999999999977e-46
4.600000000000000000e+01 1.693910000000000020e-46
4.625000000000000000e+01 1.662450000000000034e-46
4.650000000000000000e+01 1.632089999999999921e-46
4.675000000000000000e+01 1.602569999999999971e-46
4.700000000000000000e+01 1.573950000000000043e-46
4.725000000000000000e+01 1.545370000000000084e-46
4.750000000000000000e+01 1.517330000000000022e-46
4.775000000000000000e+01 1.489809999999999967e-46
4.800000000000000000e+01 1.463499999999999950e-46
4.825000000000000000e+01 1.437900000000000044e-46
4.850000000000000000e+01 1.412670000000000012e-46
4.875000000000000000e+01 1.387980000000000071e-46
4.900000000000000000e+01 1.363989999999999909e-46
4.925000000000000000e+01 1.340729999999999941e-46
4.950000000000000000e+01 1.317730000000000074e-46
4.975000000000000000e+01 1.295660000000000060e-46
5.000000000000000000e+01 1.273949999999999977e-46
5.025000000000000000e+01 1.252600000000000019e-46
5.050000000000000000e+01 1.232069999999999946e-46
5.075000000000000000e+01 1.211650000000000036e-46
5.100000000000000000e+01 1.191849999999999963e-46
5.125000000000000000e+01 1.172489999999999956e-46
5.150000000000000000e+01 1.153719999999999954e-46
5.175000000000000000e+01 1.135679999999999953e-46
5.200000000000000000e+01 1.117879999999999969e-46
5.225000000000000000e+01 1.100189999999999954e-46
5.250000000000000000e+01 1.083149999999999997e-46
5.275000000000000000e+01 1.066199999999999926e-46
5.300000000000000000e+01 1.049600000000000035e-46
5.325000000000000000e+01 1.033769999999999921e-46
5.350000000000000000e+01 1.018129999999999910e-46
5.375000000000000000e+01 1.002829999999999942e-46
5.400000000000000000e+01 9.879879999999999786e-47
5.425000000000000000e+01 9.735949999999999534e-47
5.450000000000000000e+01 9.594920000000000560e-47
5.475000000000000000e+01 9.458430000000000690e-47
5.500000000000000000e+01 9.324330000000000283e-47
5.525000000000000000e+01 9.194859999999999642e-47
5.550000000000000000e+01 9.067680000000000970e-47
5.575000000000000000e+01 8.946540000000000787e-47
5.600000000000000000e+01 8.830589999999999961e-47
5.625000000000000000e+01 8.719840000000000186e-47
5.650000000000000000e+01 8.616200000000000304e-47
5.675000000000000000e+01 8.521059999999999540e-47
5.700000000000000000e+01 8.443610000000000152e-47
5.725000000000000000e+01 8.390939999999999619e-47
5.750000000000000000e+01 8.363099999999999604e-47
5.775000000000000000e+01 8.375989999999999637e-47
5.800000000000000000e+01 8.424150000000000316e-47
5.825000000000000000e+01 8.516100000000000258e-47
5.850000000000000000e+01 8.619810000000000332e-47
5.875000000000000000e+01 8.661959999999999824e-47
5.900000000000000000e+01 8.611200000000000079e-47
5.925000000000000000e+01 8.518710000000000047e-47
5.950000000000000000e+01 8.395920000000000344e-47
5.975000000000000000e+01 8.273680000000000482e-47
6.000000000000000000e+01 8.153390000000000406e-47
6.025000000000000000e+01 8.035099999999999836e-47
6.050000000000000000e+01 7.911300000000000145e-47
6.075000000000000000e+01 7.774780000000000053e-47
6.100000000000000000e+01 7.610680000000000243e-47
6.125000000000000000e+01 7.403760000000000215e-47
6.150000000000000000e+01 7.167379999999999901e-47
6.175000000000000000e+01 6.936979999999999580e-47
6.200000000000000000e+01 6.732480000000000210e-47
6.225000000000000000e+01 6.567300000000000218e-47
6.250000000000000000e+01 6.433939999999999755e-47
6.275000000000000000e+01 6.321249999999999943e-47
6.300000000000000000e+01 6.226789999999999653e-47
6.325000000000000000e+01 6.141030000000000279e-47
6.350000000000000000e+01 6.058600000000000166e-47
6.375000000000000000e+01 5.984459999999999568e-47
6.400000000000000000e+01 5.912859999999999539e-47
6.425000000000000000e+01 5.842740000000000370e-47
6.450000000000000000e+01 5.776719999999999655e-47
6.475000000000000000e+01 5.711620000000000210e-47
6.500000000000000000e+01 5.649610000000000202e-47
6.525000000000000000e+01 5.586639999999999925e-47
6.550000000000000000e+01 5.524869999999999741e-47
6.575000000000000000e+01 5.465870000000000201e-47
6.600000000000000000e+01 5.407360000000000058e-47
6.625000000000000000e+01 5.351959999999999824e-47
6.650000000000000000e+01 5.296020000000000472e-47
6.675000000000000000e+01 5.240869999999999812e-47
6.700000000000000000e+01 5.187380000000000365e-47
6.725000000000000000e+01 5.135029999999999597e-47
6.750000000000000000e+01 5.082500000000000420e-47
6.775000000000000000e+01 5.033879999999999592e-47
6.800000000000000000e+01 4.985280000000000208e-47
6.825000000000000000e+01 4.936759999999999793e-47
6.850000000000000000e+01 4.892369999999999997e-47
6.875000000000000000e+01 4.849380000000000148e-47
6.900000000000000000e+01 4.807069999999999800e-47
6.925000000000000000e+01 4.763640000000000273e-47
6.950000000000000000e+01 4.722619999999999709e-47
6.975000000000000000e+01 4.680029999999999566e-47
7.000000000000000000e+01 4.641020000000000203e-47
7.025000000000000000e+01 4.603529999999999726e-47
7.050000000000000000e+01 4.566339999999999515e-47
7.075000000000000000e+01 4.530830000000000017e-47
7.100000000000000000e+01 4.496370000000000479e-47
7.125000000000000000e+01 4.461949999999999939e-47
7.150000000000000000e+01 4.429849999999999644e-47
7.175000000000000000e+01 4.396639999999999919e-47
7.200000000000000000e+01 4.364009999999999769e-47
7.225000000000000000e+01 4.333349999999999877e-47
7.250000000000000000e+01 4.304269999999999799e-47
7.275000000000000000e+01 4.274920000000000162e-47
7.300000000000000000e+01 4.246139999999999864e-47
7.325000000000000000e+01 4.218460000000000218e-47
7.350000000000000000e+01 4.191360000000000148e-47
7.375000000000000000e+01 4.165759999999999950e-47
7.400000000000000000e+01 4.140280000000000151e-47
7.425000000000000000e+01 4.114969999999999983e-47
7.450000000000000000e+01 4.091050000000000013e-47
7.475000000000000000e+01 4.067500000000000014e-47
7.500000000000000000e+01 4.044920000000000034e-47
7.525000000000000000e+01 4.022479999999999951e-47
7.550000000000000000e+01 4.000630000000000165e-47
7.575000000000000000e+01 3.979649999999999984e-47
7.600000000000000000e+01 3.959510000000000160e-47
7.625000000000000000e+01 3.939860000000000220e-47
7.650000000000000000e+01 3.920109999999999868e-47
7.675000000000000000e+01 3.900960000000000047e-47
7.700000000000000000e+01 3.882320000000000096e-47
7.725000000000000000e+01 3.864050000000000117e-47
7.750000000000000000e+01 3.846110000000000139e-47
7.775000000000000000e+01 3.828079999999999984e-47
7.800000000000000000e+01 3.811719999999999821e-47
7.825000000000000000e+01 3.795750000000000101e-47
7.850000000000000000e+01 3.779859999999999836e-47
7.875000000000000000e+01 3.764160000000000161e-47
7.900000000000000000e+01 3.749139999999999987e-47
7.925000000000000000e+01 3.734670000000000140e-47
7.950000000000000000e+01 3.720819999999999838e-47
7.975000000000000000e+01 3.706389999999999962e-47
8.000000000000000000e+01 3.692379999999999778e-47
8.025000000000000000e+01 3.678939999999999905e-47
8.050000000000000000e+01 3.665819999999999797e-47
8.075000000000000000e+01 3.653659999999999959e-47
8.100000000000000000e+01 3.640989999999999765e-47
8.125000000000000000e+01 3.628650000000000058e-47
8.150000000000000000e+01 3.616369999999999821e-47
8.175000000000000000e+01 3.604440000000000057e-47
8.200000000000000000e+01 3.592980000000000191e-47
8.225000000000000000e+01 3.581709999999999943e-47
8.250000000000000000e+01 3.571459999999999920e-47
8.275000000000000000e+01 3.561719999999999766e-47
8.300000000000000000e+01 3.551599999999999891e-47
8.325000000000000000e+01 3.541969999999999900e-47
8.350000000000000000e+01 3.533690000000000134e-47
8.375000000000000000e+01 3.524909999999999763e-47
8.400000000000000000e+01 3.516550000000000056e-47
8.425000000000000000e+01 3.507859999999999862e-47
8.450000000000000000e+01 3.499600000000000082e-47
8.475000000000000000e+01 3.491299999999999845e-47
8.500000000000000000e+01 3.483139999999999992e-47
8.525000000000000000e+01 3.475600000000000170e-47
8.550000000000000000e+01 3.468449999999999820e-47
8.575000000000000000e+01 3.462070000000000120e-47
8.600000000000000000e+01 3.455809999999999847e-47
8.625000000000000000e+01 3.449900000000000046e-47
8.650000000000000000e+01 3.443559999999999831e-47
8.675000000000000000e+01 3.437450000000000176e-47
8.700000000000000000e+01 3.431100000000000212e-47
8.725000000000000000e+01 3.425869999999999913e-47
8.750000000000000000e+01 3.421129999999999984e-47
8.775000000000000000e+01 3.415960000000000127e-47
8.800000000000000000e+01 3.411750000000000052e-47
8.825000000000000000e+01 3.407630000000000155e-47
8.850000000000000000e+01 3.404149999999999788e-47
8.875000000000000000e+01 3.400029999999999891e-47
8.900000000000000000e+01 3.395690000000000155e-47
8.925000000000000000e+01 3.392339999999999936e-47
8.950000000000000000e+01 3.388840000000000071e-47
8.975000000000000000e+01 3.385460000000000117e-47
9.000000000000000000e+01 3.382350000000000209e-47
9.025000000000000000e+01 3.378900000000000063e-47
9.050000000000000000e+01 3.376499999999999878e-47
9.075000000000000000e+01 3.372659999999999775e-47
9.100000000000000000e+01 3.370499999999999900e-47
9.125000000000000000e+01 3.368180000000000142e-47
9.150000000000000000e+01 3.365509999999999911e-47
9.175000000000000000e+01 3.363330000000000050e-47
9.200000000000000000e+01 3.361049999999999776e-47
9.225000000000000000e+01 3.359099999999999990e-47
9.250000000000000000e+01 3.356490000000000201e-47
9.275000000000000000e+01 3.355000000000000078e-47
9.300000000000000000e+01 3.353259999999999895e-47
9.325000000000000000e+01 3.350849999999999960e-47
9.350000000000000000e+01 3.348619999999999893e-47
9.375000000000000000e+01 3.346079999999999809e-47
9.400000000000000000e+01 3.344630000000000143e-47
9.425000000000000000e+01 3.343109999999999798e-47
9.450000000000000000e+01 3.341520000000000235e-47
9.475000000000000000e+01 3.340119999999999802e-47
9.500000000000000000e+01 3.339089999999999828e-47
9.525000000000000000e+01 3.337899999999999971e-47
9.550000000000000000e+01 3.336790000000000055e-47
9.575000000000000000e+01 3.335999999999999905e-47
9.600000000000000000e+01 3.334360000000000134e-47
9.625000000000000000e+01 3.333479999999999807e-47
9.650000000000000000e+01 3.333120000000000071e-47
9.675000000000000000e+01 3.331789999999999830e-47
9.700000000000000000e+01 3.331049999999999887e-47
9.725000000000000000e+01 3.330110000000000089e-47
9.750000000000000000e+01 3.330349999999999913e-47
9.775000000000000000e+01 3.329390000000000131e-47
9.800000000000000000e+01 3.328839999999999805e-47
9.825000000000000000e+01 3.328369999999999906e-47
9.850000000000000000e+01 3.328520000000000039e-47
9.875000000000000000e+01 3.328110000000000097e-47
9.900000000000000000e+01 3.328369999999999906e-47
9.925000000000000000e+01 3.328690000000000158e-47
9.950000000000000000e+01 3.329310000000000189e-47
9.975000000000000000e+01 3.329490000000000058e-47
1.000000000000000000e+02 3.330449999999999840e-47
1.002500000000000000e+02 3.330309999999999943e-47
1.005000000000000000e+02 3.330420000000000105e-47
1.007500000000000000e+02 3.330779999999999841e-47
1.010000000000000000e+02 3.331550000000000006e-47
1.012500000000000000e+02 3.332249999999999979e-47
1.015000000000000000e+02 3.332770000000000084e-47
1.017500000000000000e+02 3.333189999999999777e-47
1.020000000000000000e+02 3.333789999999999823e-47
1.022500000000000000e+02 3.333609999999999955e-47
1.025000000000000000e+02 3.333789999999999823e-47
1.027500000000000000e+02 3.334280000000000193e-47
1.030000000000000000e+02 3.335140000000000049e-47
1.032500000000000000e+02 3.335760000000000081e-47
1.035000000000000000e+02 3.336520000000000010e-47
1.037500000000000000e+02 3.336480000000000039e-47
1.040000000000000000e+02 3.337239999999999968e-47
1.042500000000000000e+02 3.337259999999999954e-47
1.045000000000000000e+02 3.338409999999999840e-47
1.047500000000000000e+02 3.338850000000000004e-47
1.050000000000000000e+02 3.339800000000000037e-47
1.052500000000000000e+02 3.340819999999999775e-47
1.055000000000000000e+02 3.341640000000000147e-47
1.057500000000000000e+02 3.342690000000000106e-47
1.060000000000000000e+02 3.343230000000000197e-47
1.062500000000000000e+02 3.343500000000000242e-47
1.065000000000000000e+02 3.344139999999999773e-47
1.067500000000000000e+02 3.344810000000000011e-47
1.070000000000000000e+02 3.345589999999999926e-47
1.072500000000000000e+02 3.346280000000000149e-47
1.075000000000000000e+02 3.347020000000000093e-47
1.077500000000000000e+02 3.347439999999999785e-47
1.080000000000000000e+02 3.348010000000000097e-47
1.082500000000000000e+02 3.348639999999999878e-47
1.085000000000000000e+02 3.349250000000000160e-47
1.087500000000000000e+02 3.349749999999999794e-47
1.090000000000000000e+02 3.349789999999999764e-47
1.092500000000000000e+02 3.350429999999999781e-47
1.095000000000000000e+02 3.351370000000000065e-47
1.097500000000000000e+02 3.351830000000000214e-47
1.100000000000000000e+02 3.351799999999999993e-47
1.102500000000000000e+02 3.351870000000000184e-47
1.105000000000000000e+02 3.352329999999999847e-47
1.107500000000000000e+02 3.352869999999999938e-47
1.110000000000000000e+02 3.352470000000000231e-47
1.112500000000000000e+02 3.352820000000000217e-47
1.115000000000000000e+02 3.353020000000000071e-47
1.117500000000000000e+02 3.353109999999999762e-47
1.120000000000000000e+02 3.353130000000000233e-47
1.122500000000000000e+02 3.353509999999999955e-47
1.125000000000000000e+02 3.353589999999999896e-47
1.127500000000000000e+02 3.353999999999999839e-47
1.130000000000000000e+02 3.354169999999999957e-47
1.132500000000000000e+02 3.353439999999999763e-47
1.135000000000000000e+02 3.353370000000000057e-47
1.137500000000000000e+02 3.353150000000000219e-47
1.140000000000000000e+02 3.353569999999999911e-47
1.142500000000000000e+02 3.353520000000000191e-47
1.145000000000000000e+02 3.352900000000000159e-47
1.147500000000000000e+02 3.352889999999999923e-47
1.150000000000000000e+02 3.352300000000000112e-47
1.152500000000000000e+02 3.351680000000000081e-47
1.155000000000000000e+02 3.351390000000000050e-47
1.157500000000000000e+02 3.351299999999999873e-47
1.160000000000000000e+02 3.350779999999999768e-47
1.162500000000000000e+02 3.350289999999999884e-47
1.165000000000000000e+02 3.349999999999999853e-47
1.167500000000000000e+02 3.349749999999999794e-47
1.170000000000000000e+02 3.349069999999999806e-47
1.172500000000000000e+02 3.348719999999999819e-47
1.175000000000000000e+02 3.347859999999999963e-47
1.177500000000000000e+02 3.347190000000000211e-47
1.180000000000000000e+02 3.346180000000000222e-47
1.182500000000000000e+02 3.345299999999999895e-47
1.185000000000000000e+02 3.344570000000000187e-47
1.187500000000000000e+02 3.343939999999999919e-47
1.190000000000000000e+02 3.343470000000000021e-47
1.192500000000000000e+02 3.342739999999999827e-47
1.195000000000000000e+02 3.341640000000000147e-47
1.197500000000000000e+02 3.340989999999999894e-47
1.200000000000000000e+02 3.340309999999999906e-47
1.202500000000000000e+02 3.339210000000000226e-47
1.205000000000000000e+02 3.338520000000000003e-47
1.207500000000000000e+02 3.337040000000000115e-47
1.210000000000000000e+02 3.336329999999999906e-47
1.212500000000000000e+02 3.334929999999999960e-47
1.215000000000000000e+02 3.333740000000000103e-47
1.217500000000000000e+02 3.332389999999999877e-47
1.220000000000000000e+02 3.330560000000000003e-47
1.222500000000000000e+02 3.329220000000000012e-47
1.225000000000000000e+02 3.328249999999999994e-47
1.227500000000000000e+02 3.326730000000000136e-47
1.230000000000000000e+02 3.325160000000000071e-47
1.232500000000000000e+02 3.323370000000000168e-47
1.235000000000000000e+02 3.322119999999999868e-47
1.237500000000000000e+02 3.320210000000000053e-47
1.240000000000000000e+02 3.318879999999999812e-47
1.242500000000000000e+02 3.316980000000000232e-47
1.245000000000000000e+02 3.314629999999999767e-47
1.247500000000000000e+02 3.312989999999999997e-47
1.250000000000000000e+02 3.310939999999999798e-47
1.252500000000000000e+02 3.308899999999999834e-47
1.255000000000000000e+02 3.307180000000000122e-47
1.257500000000000000e+02 3.305359999999999998e-47
1.260000000000000000e+02 3.302750000000000209e-47
1.262500000000000000e+02 3.300589999999999848e-47
1.265000000000000000e+02 3.298440000000000208e-47
1.267500000000000000e+02 3.296130000000000199e-47
1.270000000000000000e+02 3.294139999999999956e-47
1.272500000000000000e+02 3.291479999999999961e-47
1.275000000000000000e+02 3.288939999999999878e-47
1.277500000000000000e+02 3.286780000000000003e-47
1.280000000000000000e+02 3.284580000000000157e-47
1.282500000000000000e+02 3.282379999999999825e-47
1.285000000000000000e+02 3.280100000000000037e-47
1.287500000000000000e+02 3.277570000000000190e-47
1.290000000000000000e+02 3.275340000000000123e-47
1.292500000000000000e+02 3.272970000000000158e-47
1.295000000000000000e+02 3.270319999999999913e-47
1.297500000000000000e+02 3.267420000000000093e-47
1.300000000000000000e+02 3.264319999999999935e-47
1.302500000000000000e+02 3.261790000000000087e-47
1.305000000000000000e+02 3.258709999999999914e-47
1.307500000000000000e+02 3.255619999999999991e-47
1.310000000000000000e+02 3.252749999999999907e-47
1.312500000000000000e+02 3.249400000000000174e-47
1.315000000000000000e+02 3.245959999999999778e-47
1.317500000000000000e+02 3.243039999999999974e-47
1.320000000000000000e+02 3.240100000000000184e-47
1.322500000000000000e+02 3.237179999999999893e-47
1.325000000000000000e+02 3.234030000000000014e-47
1.327500000000000000e+02 3.231040000000000018e-47
1.330000000000000000e+02 3.228010000000000051e-47
1.332500000000000000e+02 3.224920000000000128e-47
1.335000000000000000e+02 3.221700000000000057e-47
1.337500000000000000e+02 3.218280000000000133e-47
1.340000000000000000e+02 3.214969999999999885e-47
1.342500000000000000e+02 3.211620000000000152e-47
1.345000000000000000e+02 3.208289999999999919e-47
1.347500000000000000e+02 3.205189999999999760e-47
1.350000000000000000e+02 3.201899999999999984e-47
1.352500000000000000e+02 3.198650000000000178e-47
1.355000000000000000e+02 3.195339999999999930e-47
1.357500000000000000e+02 3.191840000000000065e-47
1.360000000000000000e+02 3.188460000000000111e-47
1.362500000000000000e+02 3.185149999999999863e-47
1.365000000000000000e+02 3.181689999999999968e-47
1.367500000000000000e+02 3.178170000000000117e-47
1.370000000000000000e+02 3.174939999999999811e-47
1.372500000000000000e+02 3.170979999999999796e-47
1.375000000000000000e+02 3.167720000000000241e-47
1.377500000000000000e+02 3.164119999999999962e-47
1.380000000000000000e+02 3.160549999999999905e-47
1.382500000000000000e+02 3.156819999999999965e-47
1.385000000000000000e+02 3.152789999999999758e-47
1.387500000000000000e+02 3.149130000000000010e-47
1.390000000000000000e+02 3.144839999999999994e-47
1.392500000000000000e+02 3.141039999999999862e-47
1.395000000000000000e+02 3.137380000000000114e-47
1.397500000000000000e+02 3.133750000000000101e-47
1.400000000000000000e+02 3.129870000000000027e-47
1.402500000000000000e+02 3.125989999999999954e-47
1.405000000000000000e+02 3.122200000000000058e-47
1.407500000000000000e+02 3.117980000000000234e-47
1.410000000000000000e+02 3.114109999999999910e-47
1.412500000000000000e+02 3.109970000000000027e-47
1.415000000000000000e+02 3.105919999999999836e-47
1.417500000000000000e+02 3.101799999999999938e-47
1.420000000000000000e+02 3.097750000000000233e-47
1.422500000000000000e+02 3.093620000000000100e-47
1.425000000000000000e+02 3.089749999999999776e-47
1.427500000000000000e+02 3.085749999999999791e-47
1.430000000000000000e+02 3.081919999999999924e-47
1.432500000000000000e+02 3.077820000000000012e-47
1.435000000000000000e+02 3.073740000000000085e-47
1.437500000000000000e+02 3.069549999999999996e-47
1.440000000000000000e+02 3.065140000000000068e-47
1.442500000000000000e+02 3.061140000000000083e-47
1.445000000000000000e+02 3.057379999999999922e-47
1.447500000000000000e+02 3.052839999999999846e-47
1.450000000000000000e+02 3.049009999999999979e-47
1.452500000000000000e+02 3.044890000000000082e-47
1.455000000000000000e+02 3.040730000000000214e-47
1.457500000000000000e+02 3.036170000000000153e-47
1.460000000000000000e+02 3.031960000000000078e-47
1.462500000000000000e+02 3.028069999999999769e-47
1.465000000000000000e+02 3.023630000000000106e-47
1.467500000000000000e+02 3.019160000000000222e-47
1.470000000000000000e+02 3.014990000000000118e-47
1.472500000000000000e+02 3.010310000000000145e-47
1.475000000000000000e+02 3.006199999999999998e-47
1.477500000000000000e+02 3.002129999999999821e-47
1.480000000000000000e+02 2.998049999999999894e-47
1.482500000000000000e+02 2.993650000000000202e-47
1.485000000000000000e+02 2.989690000000000187e-47
1.487500000000000000e+02 2.985440000000000142e-47
1.490000000000000000e+02 2.980849999999999860e-47
1.492500000000000000e+02 2.977090000000000185e-47
1.495000000000000000e+02 2.972650000000000036e-47
1.497500000000000000e+02 2.968369999999999769e-47
1.500000000000000000e+02 2.963740000000000003e-47
1.502500000000000000e+02 2.959709999999999796e-47
1.505000000000000000e+02 2.955239999999999912e-47
1.507500000000000000e+02 2.950940000000000147e-47
1.510000000000000000e+02 2.946929999999999926e-47
1.512500000000000000e+02 2.942819999999999778e-47
1.515000000000000000e+02 2.938340000000000145e-47
1.517500000000000000e+02 2.933899999999999996e-47
1.520000000000000000e+02 2.929680000000000172e-47
1.522500000000000000e+02 2.925260000000000008e-47
1.525000000000000000e+02 2.920939999999999771e-47
1.527500000000000000e+02 2.916959999999999771e-47
1.530000000000000000e+02 2.912290000000000034e-47
1.532500000000000000e+02 2.907869999999999870e-47
1.535000000000000000e+02 2.903729999999999987e-47
1.537500000000000000e+02 2.899619999999999840e-47
1.540000000000000000e+02 2.895490000000000193e-47
1.542500000000000000e+02 2.891229999999999912e-47
1.545000000000000000e+02 2.886789999999999763e-47
1.547500000000000000e+02 2.882290000000000144e-47
1.550000000000000000e+02 2.878350000000000115e-47
1.552500000000000000e+02 2.874060000000000099e-47
1.555000000000000000e+02 2.869870000000000010e-47
1.557500000000000000e+02 2.865739999999999876e-47
1.560000000000000000e+02 2.861819999999999833e-47
1.562500000000000000e+02 2.857360000000000184e-47
1.565000000000000000e+02 2.853290000000000007e-47
1.567500000000000000e+02 2.849039999999999962e-47
1.570000000000000000e+02 2.844700000000000226e-47
1.572500000000000000e+02 2.840510000000000137e-47
1.575000000000000000e+02 2.836729999999999990e-47
1.577500000000000000e+02 2.832579999999999872e-47
1.580000000000000000e+02 2.828400000000000018e-47
1.582500000000000000e+02 2.824030000000000061e-47
1.585000000000000000e+02 2.819850000000000208e-47
1.587500000000000000e+02 2.815740000000000060e-47
1.590000000000000000e+02 2.811399999999999838e-47
1.592500000000000000e+02 2.807370000000000118e-47
1.595000000000000000e+02 2.803200000000000014e-47
1.597500000000000000e+02 2.799200000000000028e-47
1.600000000000000000e+02 2.795519999999999809e-47
1.602500000000000000e+02 2.791599999999999765e-47
1.605000000000000000e+02 2.787269999999999778e-47
1.607500000000000000e+02 2.783370000000000206e-47
1.610000000000000000e+02 2.779780000000000163e-47
1.612500000000000000e+02 2.775559999999999853e-47
1.615000000000000000e+02 2.771390000000000235e-47
1.617500000000000000e+02 2.766930000000000101e-47
1.620000000000000000e+02 2.762759999999999997e-47
1.622500000000000000e+02 2.758859999999999938e-47
1.625000000000000000e+02 2.755249999999999910e-47
1.627500000000000000e+02 2.750979999999999880e-47
1.630000000000000000e+02 2.747309999999999896e-47
1.632500000000000000e+02 2.743300000000000161e-47
1.635000000000000000e+02 2.739340000000000146e-47
1.637500000000000000e+02 2.735469999999999822e-47
1.640000000000000000e+02 2.731329999999999940e-47
1.642500000000000000e+02 2.727529999999999808e-47
1.645000000000000000e+02 2.723650000000000221e-47
1.647500000000000000e+02 2.720000000000000222e-47
1.650000000000000000e+02 2.716060000000000193e-47
1.652500000000000000e+02 2.712220000000000090e-47
1.655000000000000000e+02 2.708599999999999826e-47
1.657500000000000000e+02 2.704989999999999798e-47
1.660000000000000000e+02 2.701099999999999975e-47
1.662500000000000000e+02 2.697210000000000153e-47
1.665000000000000000e+02 2.693740000000000022e-47
1.667500000000000000e+02 2.690380000000000054e-47
1.670000000000000000e+02 2.687009999999999850e-47
1.672500000000000000e+02 2.683560000000000191e-47
1.675000000000000000e+02 2.679720000000000088e-47
1.677500000000000000e+02 2.676349999999999884e-47
1.680000000000000000e+02 2.672579999999999973e-47
1.682500000000000000e+02 2.668920000000000225e-47
1.685000000000000000e+02 2.665510000000000050e-47
1.687500000000000000e+02 2.662159999999999832e-47
1.690000000000000000e+02 2.658719999999999922e-47
1.692500000000000000e+02 2.655519999999999836e-47
1.695000000000000000e+02 2.652489999999999869e-47
1.697500000000000000e+02 2.649209999999999843e-47
1.700000000000000000e+02 2.646150000000000141e-47
1.702500000000000000e+02 2.643309999999999791e-47
1.705000000000000000e+02 2.640210000000000119e-47
1.707500000000000000e+02 2.637030000000000019e-47
1.710000000000000000e+02 2.633909999999999875e-47
1.712500000000000000e+02 2.630850000000000173e-47
1.715000000000000000e+02 2.627659999999999837e-47
1.717500000000000000e+02 2.624469999999999987e-47
1.720000000000000000e+02 2.621599999999999903e-47
1.722500000000000000e+02 2.618609999999999906e-47
1.725000000000000000e+02 2.615690000000000102e-47
1.727500000000000000e+02 2.612990000000000136e-47
1.730000000000000000e+02 2.610259999999999949e-47
1.732500000000000000e+02 2.607579999999999969e-47
1.735000000000000000e+02 2.604919999999999974e-47
1.737500000000000000e+02 2.602239999999999993e-47
1.740000000000000000e+02 2.599469999999999836e-47
1.742500000000000000e+02 2.596909999999999767e-47
1.745000000000000000e+02 2.593790000000000109e-47
1.747500000000000000e+02 2.591059999999999922e-47
1.750000000000000000e+02 2.588700000000000194e-47
1.752500000000000000e+02 2.586399999999999935e-47
1.755000000000000000e+02 2.583799999999999896e-47
1.757500000000000000e+02 2.581340000000000240e-47
1.760000000000000000e+02 2.578969999999999789e-47
1.762500000000000000e+02 2.576430000000000193e-47
1.765000000000000000e+02 2.574269999999999831e-47
1.767500000000000000e+02 2.571879999999999881e-47
1.770000000000000000e+02 2.569560000000000123e-47
1.772500000000000000e+02 2.567239999999999879e-47
1.775000000000000000e+02 2.565020000000000047e-47
1.777500000000000000e+02 2.562650000000000083e-47
1.780000000000000000e+02 2.560320000000000089e-47
1.782500000000000000e+02 2.558470000000000229e-47
1.785000000000000000e+02 2.556309999999999868e-47
1.787500000000000000e+02 2.554289999999999890e-47
1.790000000000000000e+02 2.552329999999999868e-47
1.792500000000000000e+02 2.550389999999999831e-47
1.795000000000000000e+02 2.548320000000000133e-47
1.797500000000000000e+02 2.546650000000000141e-47
1.800000000000000000e+02 2.545000000000000135e-47
1.802500000000000000e+02 2.543330000000000144e-47
1.805000000000000000e+02 2.541629999999999931e-47
1.807500000000000000e+02 2.539740000000000101e-47
1.810000000000000000e+02 2.538289999999999949e-47
1.812500000000000000e+02 2.537060000000000121e-47
1.815000000000000000e+02 2.535539999999999776e-47
1.817500000000000000e+02 2.534110000000000095e-47
1.820000000000000000e+02 2.532830000000000061e-47
1.822500000000000000e+02 2.531220000000000026e-47
1.825000000000000000e+02 2.529820000000000079e-47
1.827500000000000000e+02 2.528349999999999941e-47
1.830000000000000000e+02 2.527089999999999892e-47
1.832500000000000000e+02 2.525929999999999770e-47
1.835000000000000000e+02 2.524719999999999928e-47
1.837500000000000000e+02 2.523769999999999895e-47
1.840000000000000000e+02 2.522520000000000082e-47
1.842500000000000000e+02 2.521430000000000151e-47
1.845000000000000000e+02 2.520460000000000133e-47
1.847500000000000000e+02 2.519869999999999836e-47
1.850000000000000000e+02 2.518779999999999906e-47
1.852500000000000000e+02 2.517960000000000021e-47
1.855000000000000000e+02 2.516730000000000193e-47
1.857500000000000000e+02 2.516179999999999867e-47
1.860000000000000000e+02 2.515530000000000100e-47
1.862500000000000000e+02 2.514850000000000112e-47
1.865000000000000000e+02 2.514369999999999978e-47
1.867500000000000000e+02 2.513590000000000064e-47
1.870000000000000000e+02 2.512790000000000164e-47
1.872500000000000000e+02 2.512380000000000221e-47
1.875000000000000000e+02 2.511929999999999822e-47
1.877500000000000000e+02 2.511700000000000233e-47
1.880000000000000000e+02 2.511320000000000026e-47
1.882500000000000000e+02 2.511269999999999819e-47
1.885000000000000000e+02 2.511249999999999834e-47
1.887500000000000000e+02 2.511140000000000158e-47
1.890000000000000000e+02 2.511200000000000114e-47
1.892500000000000000e+02 2.511650000000000027e-47
1.895000000000000000e+02 2.511780000000000175e-47
1.897500000000000000e+02 2.512139999999999911e-47
1.900000000000000000e+02 2.512480000000000148e-47
1.902500000000000000e+02 2.512930000000000061e-47
1.905000000000000000e+02 2.513450000000000166e-47
1.907500000000000000e+02 2.513889999999999844e-47
1.910000000000000000e+02 2.514489999999999890e-47
1.912500000000000000e+02 2.514959999999999789e-47
1.915000000000000000e+02 2.515650000000000012e-47
1.917500000000000000e+02 2.516299999999999779e-47
1.920000000000000000e+02 2.517089999999999929e-47
1.922500000000000000e+02 2.517800000000000138e-47
1.925000000000000000e+02 2.519129999999999892e-47
1.927500000000000000e+02 2.519789999999999895e-47
1.930000000000000000e+02 2.521000000000000223e-47
1.932500000000000000e+02 2.521909999999999800e-47
1.935000000000000000e+02 2.522830000000000098e-47
1.937500000000000000e+02 2.523579999999999791e-47
1.940000000000000000e+02 2.524730000000000164e-47
1.942500000000000000e+02 2.525829999999999844e-47
1.945000000000000000e+02 2.527319999999999967e-47
1.947500000000000000e+02 2.528679999999999942e-47
1.950000000000000000e+02 2.530329999999999949e-47
1.952500000000000000e+02 2.531999999999999940e-47
1.955000000000000000e+02 2.533490000000000063e-47
1.957500000000000000e+02 2.535000000000000172e-47
1.960000000000000000e+02 2.536190000000000029e-47
1.962500000000000000e+02 2.538059999999999874e-47
1.965000000000000000e+02 2.539700000000000131e-47
1.967500000000000000e+02 2.541149999999999797e-47
1.970000000000000000e+02 2.543180000000000011e-47
1.972500000000000000e+02 2.544880000000000223e-47
1.975000000000000000e+02 2.546819999999999774e-47
1.977500000000000000e+02 2.549259999999999930e-47
1.980000000000000000e+02 2.551149999999999760e-47
1.982500000000000000e+02 2.553489999999999990e-47
1.985000000000000000e+02 2.555350000000000085e-47
1.987500000000000000e+02 2.557749999999999785e-47
1.990000000000000000e+02 2.559729999999999792e-47
1.992500000000000000e+02 2.562329999999999831e-47
1.995000000000000000e+02 2.564019999999999808e-47
1.997500000000000000e+02 2.566300000000000081e-47
2.000000000000000000e+02 2.569020000000000033e-47
2.002500000000000000e+02 2.571620000000000072e-47
2.005000000000000000e+02 2.574570000000000097e-47
2.007500000000000000e+02 2.576969999999999797e-47
2.010000000000000000e+02 2.579270000000000056e-47
2.012500000000000000e+02 2.581819999999999888e-47
2.015000000000000000e+02 2.583600000000000042e-47
2.017500000000000000e+02 2.586189999999999846e-47
2.020000000000000000e+02 2.588849999999999841e-47
2.022500000000000000e+02 2.591059999999999922e-47
2.025000000000000000e+02 2.594049999999999919e-47
2.027500000000000000e+02 2.596379999999999913e-47
2.030000000000000000e+02 2.598609999999999980e-47
2.032500000000000000e+02 2.601019999999999915e-47
2.035000000000000000e+02 2.603900000000000235e-47
2.037500000000000000e+02 2.606549999999999994e-47
2.040000000000000000e+02 2.609759999999999829e-47
2.042500000000000000e+02 2.612660000000000135e-47
2.045000000000000000e+02 2.615159999999999761e-47
2.047500000000000000e+02 2.618170000000000229e-47
2.050000000000000000e+02 2.620939999999999900e-47
2.052500000000000000e+02 2.623809999999999985e-47
2.055000000000000000e+02 2.627209999999999923e-47
2.057500000000000000e+02 2.629920000000000125e-47
2.060000000000000000e+02 2.632580000000000120e-47
2.062500000000000000e+02 2.635349999999999791e-47
2.065000000000000000e+02 2.637699999999999771e-47
2.067500000000000000e+02 2.640649999999999796e-47
2.070000000000000000e+02 2.643929999999999823e-47
2.072500000000000000e+02 2.646649999999999774e-47
2.075000000000000000e+02 2.649160000000000122e-47
2.077500000000000000e+02 2.651610000000000028e-47
2.080000000000000000e+02 2.654159999999999861e-47
2.082500000000000000e+02 2.657220000000000049e-47
2.085000000000000000e+02 2.660019999999999942e-47
2.087500000000000000e+02 2.662409999999999891e-47
2.090000000000000000e+02 2.665149999999999828e-47
2.092500000000000000e+02 2.668170000000000045e-47
2.095000000000000000e+02 2.671000000000000159e-47
2.097500000000000000e+02 2.673399999999999858e-47
2.100000000000000000e+02 2.675629999999999926e-47
2.102500000000000000e+02 2.678550000000000216e-47
2.105000000000000000e+02 2.681250000000000182e-47
2.107500000000000000e+02 2.684019999999999853e-47
2.110000000000000000e+02 2.686130000000000008e-47
2.112500000000000000e+02 2.688650000000000106e-47
2.115000000000000000e+02 2.691600000000000132e-47
2.117500000000000000e+02 2.694530000000000172e-47
2.120000000000000000e+02 2.697049999999999784e-47
2.122500000000000000e+02 2.699999999999999809e-47
2.125000000000000000e+02 2.702650000000000055e-47
2.127500000000000000e+02 2.704619999999999826e-47
2.130000000000000000e+02 2.707449999999999940e-47
2.132500000000000000e+02 2.710069999999999964e-47
2.135000000000000000e+02 2.712220000000000090e-47
2.137500000000000000e+02 2.713890000000000082e-47
2.140000000000000000e+02 2.715190000000000101e-47
2.142500000000000000e+02 2.717620000000000022e-47
2.145000000000000000e+02 2.719239999999999807e-47
2.147500000000000000e+02 2.721409999999999918e-47
2.150000000000000000e+02 2.722929999999999776e-47
2.152500000000000000e+02 2.724350000000000194e-47
2.155000000000000000e+02 2.725130000000000108e-47
2.157500000000000000e+02 2.726780000000000114e-47
2.160000000000000000e+02 2.729170000000000064e-47
2.162500000000000000e+02 2.730339999999999936e-47
2.165000000000000000e+02 2.731440000000000102e-47
2.167500000000000000e+02 2.731790000000000089e-47
2.170000000000000000e+02 2.731819999999999824e-47
2.172500000000000000e+02 2.732379999999999899e-47
2.175000000000000000e+02 2.732640000000000195e-47
2.177500000000000000e+02 2.732930000000000226e-47
2.180000000000000000e+02 2.733460000000000080e-47
2.182500000000000000e+02 2.732990000000000182e-47
2.185000000000000000e+02 2.732869999999999783e-47
2.187500000000000000e+02 2.732550000000000018e-47
2.190000000000000000e+02 2.731509999999999808e-47
2.192500000000000000e+02 2.731219999999999777e-47
2.195000000000000000e+02 2.730430000000000113e-47
2.197500000000000000e+02 2.729369999999999918e-47
2.200000000000000000e+02 2.727930000000000001e-47
2.202500000000000000e+02 2.726299999999999980e-47
2.205000000000000000e+02 2.725050000000000167e-47
2.207500000000000000e+02 2.722610000000000011e-47
2.210000000000000000e+02 2.720410000000000165e-47
2.212500000000000000e+02 2.717650000000000243e-47
2.215000000000000000e+02 2.715400000000000190e-47
2.217500000000000000e+02 2.713210000000000094e-47
2.220000000000000000e+02 2.710679999999999760e-47
2.222500000000000000e+02 2.707190000000000131e-47
2.225000000000000000e+02 2.703930000000000089e-47
2.227500000000000000e+02 2.700730000000000004e-47
2.230000000000000000e+02 2.697210000000000153e-47
2.232500000000000000e+02 2.693430000000000006e-47
2.235000000000000000e+02 2.688659999999999856e-47
2.237500000000000000e+02 2.683620000000000147e-47
2.240000000000000000e+02 2.678679999999999878e-47
2.242500000000000000e+02 2.673310000000000167e-47
2.245000000000000000e+02 2.667510000000000043e-47
2.247500000000000000e+02 2.662070000000000141e-47
2.250000000000000000e+02 2.655680000000000205e-47
2.252500000000000000e+02 2.648600000000000047e-47
2.255000000000000000e+02 2.640990000000000033e-47
2.257500000000000000e+02 2.633109999999999975e-47
2.260000000000000000e+02 2.624979999999999856e-47
2.262500000000000000e+02 2.616069999999999823e-47
2.265000000000000000e+02 2.607449999999999821e-47
2.267500000000000000e+02 2.597960000000000213e-47
2.270000000000000000e+02 2.588330000000000222e-47
2.272500000000000000e+02 2.577959999999999800e-47
2.275000000000000000e+02 2.567429999999999982e-47
2.277500000000000000e+02 2.556790000000000002e-47
2.280000000000000000e+02 2.545410000000000078e-47
2.282500000000000000e+02 2.534420000000000111e-47
2.285000000000000000e+02 2.522199999999999830e-47
2.287500000000000000e+02 2.510400000000000214e-47
2.290000000000000000e+02 2.497849999999999932e-47
2.292500000000000000e+02 2.484529999999999971e-47
2.295000000000000000e+02 2.471449999999999834e-47
2.297500000000000000e+02 2.457589999999999783e-47
2.300000000000000000e+02 2.443420000000000202e-47
2.302500000000000000e+02 2.428820000000000207e-47
2.305000000000000000e+02 2.413850000000000240e-47
2.307500000000000000e+02 2.398520000000000051e-47
2.310000000000000000e+02 2.383209999999999847e-47
2.312500000000000000e+02 2.367570000000000128e-47
2.315000000000000000e+02 2.350999999999999875e-47
2.317500000000000000e+02 2.334160000000000064e-47
2.320000000000000000e+02 2.317199999999999854e-47
2.322500000000000000e+02 2.300289999999999850e-47
2.325000000000000000e+02 2.282730000000000080e-47
2.327500000000000000e+02 2.265060000000000147e-47
2.330000000000000000e+02 2.246999999999999771e-47
2.332500000000000000e+02 2.228390000000000041e-47
2.335000000000000000e+02 2.209819999999999796e-47
2.337500000000000000e+02 2.190900000000000050e-47
2.340000000000000000e+02 2.171859999999999906e-47
2.342500000000000000e+02 2.152189999999999981e-47
2.345000000000000000e+02 2.132530000000000048e-47
2.347500000000000000e+02 2.112310000000000040e-47
2.350000000000000000e+02 2.092579999999999915e-47
2.352500000000000000e+02 2.072110000000000090e-47
2.355000000000000000e+02 2.051840000000000118e-47
2.357500000000000000e+02 2.031080000000000019e-47
2.360000000000000000e+02 2.010780000000000070e-47
2.362500000000000000e+02 1.989679999999999977e-47
2.365000000000000000e+02 1.969239999999999887e-47
2.367500000000000000e+02 1.947939999999999941e-47
2.370000000000000000e+02 1.926319999999999986e-47
2.372500000000000000e+02 1.905099999999999981e-47
2.375000000000000000e+02 1.883909999999999954e-47
2.377500000000000000e+02 1.862449999999999883e-47
2.380000000000000000e+02 1.841759999999999976e-47
2.382500000000000000e+02 1.820010000000000116e-47
2.385000000000000000e+02 1.797949999999999998e-47
2.387500000000000000e+02 1.776179999999999910e-47
2.390000000000000000e+02 1.754050000000000086e-47
2.392500000000000000e+02 1.731749999999999901e-47
2.395000000000000000e+02 1.709459999999999951e-47
2.397500000000000000e+02 1.687440000000000046e-47
2.400000000000000000e+02 1.665570000000000032e-47
2.402500000000000000e+02 1.642409999999999990e-47
2.405000000000000000e+02 1.619859999999999988e-47
2.407500000000000000e+02 1.597480000000000104e-47
2.410000000000000000e+02 1.574189999999999915e-47
2.412500000000000000e+02 1.551929999999999943e-47
2.415000000000000000e+02 1.528969999999999999e-47
2.417500000000000000e+02 1.505640000000000082e-47
2.420000000000000000e+02 1.482150000000000039e-47
2.422500000000000000e+02 1.458870000000000086e-47
2.425000000000000000e+02 1.435779999999999993e-47
2.427500000000000000e+02 1.412309999999999936e-47
2.430000000000000000e+02 1.389109999999999924e-47
2.432500000000000000e+02 1.365630000000000117e-47
2.435000000000000000e+02 1.342029999999999912e-47
2.437500000000000000e+02 1.318369999999999994e-47
2.440000000000000000e+02 1.294010000000000103e-47
2.442500000000000000e+02 1.270120000000000110e-47
2.445000000000000000e+02 1.246030000000000021e-47
2.447500000000000000e+02 1.222120000000000044e-47
2.450000000000000000e+02 1.198099999999999903e-47
2.452500000000000000e+02 1.173950000000000101e-47
2.455000000000000000e+02 1.149919999999999968e-47
2.457500000000000000e+02 1.126119999999999910e-47
2.460000000000000000e+02 1.102899999999999913e-47
2.462500000000000000e+02 1.079409999999999992e-47
2.465000000000000000e+02 1.056029999999999990e-47
2.467500000000000000e+02 1.033359999999999954e-47
2.470000000000000000e+02 1.010910000000000000e-47
2.472500000000000000e+02 9.888000000000000398e-48
2.475000000000000000e+02 9.670069999999999446e-48
2.477500000000000000e+02 9.458620000000000064e-48
2.480000000000000000e+02 9.257620000000000316e-48
2.482500000000000000e+02 9.058770000000000208e-48
2.485000000000000000e+02 8.863009999999999779e-48
2.487500000000000000e+02 8.670320000000000504e-48
2.490000000000000000e+02 8.477590000000000528e-48
2.492500000000000000e+02 8.290510000000000058e-48
2.495000000000000000e+02 8.101240000000000464e-48
2.497500000000000000e+02 7.907110000000000299e-48
2.500000000000000000e+02 7.722350000000000316e-48
2.502500000000000000e+02 7.542799999999999432e-48
2.505000000000000000e+02 7.362530000000000534e-48
2.507500000000000000e+02 7.195840000000000434e-48
2.510000000000000000e+02 7.040750000000000340e-48
2.512500000000000000e+02 6.897449999999999626e-48
2.515000000000000000e+02 6.757569999999999809e-48
2.517500000000000000e+02 6.624409999999999685e-48
2.520000000000000000e+02 6.487890000000000323e-48
2.522500000000000000e+02 6.407860000000000395e-48
2.525000000000000000e+02 6.473730000000000491e-48
2.527500000000000000e+02 6.750930000000000300e-48
2.530000000000000000e+02 7.200769999999999494e-48
2.532500000000000000e+02 7.780980000000000128e-48
2.535000000000000000e+02 8.475359999999999489e-48
2.537500000000000000e+02 9.221190000000000034e-48
2.540000000000000000e+02 1.011939999999999974e-47
2.542500000000000000e+02 1.117370000000000003e-47
2.545000000000000000e+02 1.243569999999999880e-47
2.547500000000000000e+02 1.391159999999999880e-47
2.550000000000000000e+02 1.557410000000000059e-47
2.552500000000000000e+02 1.742049999999999887e-47
