0.000000000000000000e+00 5.000000000000000000e-01
2.500000000000000000e-01 5.000000000000000000e-01
5.000000000000000000e-01 5.000000000000000000e-01
7.500000000000000000e-01 5.000000000000000000e-01
1.000000000000000000e+00 5.000000000000000000e-01
1.250000000000000000e+00 5.000000000000000000e-01
1.500000000000000000e+00 5.000000000000000000e-01
1.750000000000000000e+00 5.000000000000000000e-01
2.000000000000000000e+00 5.000000000000000000e-01
2.250000000000000000e+00 5.000000000000000000e-01
2.500000000000000000e+00 5.000000000000000000e-01
2.750000000000000000e+00 5.000000000000000000e-01
3.000000000000000000e+00 5.000000000000000000e-01
3.250000000000000000e+00 5.000000000000000000e-01
3.500000000000000000e+00 5.000000000000000000e-01
3.750000000000000000e+00 5.000000000000000000e-01
4.000000000000000000e+00 5.000000000000000000e-01
4.250000000000000000e+00 5.000000000000000000e-01
4.500000000000000000e+00 5.000000000000000000e-01
4.750000000000000000e+00 5.000000000000000000e-01
5.000000000000000000e+00 5.000000000000000000e-01
5.250000000000000000e+00 5.000000000000000000e-01
5.500000000000000000e+00 5.000000000000000000e-01
5.750000000000000000e+00 5.000000000000000000e-01
6.000000000000000000e+00 5.000000000000000000e-01
6.250000000000000000e+00 5.000000000000000000e-01
6.500000000000000000e+00 5.000000000000000000e-01
6.750000000000000000e+00 5.000000000000000000e-01
7.000000000000000000e+00 5.000000000000000000e-01
7.250000000000000000e+00 5.000000000000000000e-01
7.500000000000000000e+00 5.000000000000000000e-01
7.750000000000000000e+00 5.000000000000000000e-01
8.000000000000000000e+00 5.000000000000000000e-01
8.250000000000000000e+00 5.000000000000000000e-01
8.500000000000000000e+00 5.000000000000000000e-01
8.750000000000000000e+00 5.000000000000000000e-01
9.000000000000000000e+00 5.000000000000000000e-01
9.250000000000000000e+00 5.000000000000000000e-01
9.500000000000000000e+00 5.000000000000000000e-01
9.750000000000000000e+00 5.000000000000000000e-01
1.000000000000000000e+01 5.000000000000000000e-01
1.025000000000000000e+01 5.000000000000000000e-01
1.050000000000000000e+01 5.000000000000000000e-01
1.075000000000000000e+01 5.000000000000000000e-01
1.100000000000000000e+01 5.000000000000000000e-01
1.125000000000000000e+01 5.000000000000000000e-01
1.150000000000000000e+01 5.000000000000000000e-01
1.175000000000000000e+01 5.000000000000000000e-01
1.200000000000000000e+01 5.000000000000000000e-01
1.225000000000000000e+01 5.000000000000000000e-01
1.250000000000000000e+01 5.000000000000000000e-01
1.275000000000000000e+01 5.000000000000000000e-01
1.300000000000000000e+01 5.000000000000000000e-01
1.325000000000000000e+01 5.000000000000000000e-01
1.350000000000000000e+01 5.000000000000000000e-01
1.375000000000000000e+01 5.000000000000000000e-01
1.400000000000000000e+01 5.000000000000000000e-01
1.425000000000000000e+01 5.000000000000000000e-01
1.450000000000000000e+01 5.000000000000000000e-01
1.475000000000000000e+01 5.000000000000000000e-01
1.500000000000000000e+01 5.000000000000000000e-01
1.525000000000000000e+01 5.000000000000000000e-01
1.550000000000000000e+01 5.000000000000000000e-01
1.575000000000000000e+01 5.000000000000000000e-01
1.600000000000000000e+01 1.143819999999999970e-42
1.625000000000000000e+01 9.856049999999999213e-43
1.650000000000000000e+01 8.468619999999999610e-43
1.675000000000000000e+01 7.269450000000000561e-43
1.700000000000000000e+01 6.232909999999999777e-43
1.725000000000000000e+01 5.320330000000000117e-43
1.750000000000000000e+01 4.539130000000000119e-43
1.775000000000000000e+01 3.871759999999999982e-43
1.800000000000000000e+01 3.314809999999999878e-43
1.825000000000000000e+01 2.837459999999999809e-43
1.850000000000000000e+01 2.432879999999999937e-43
1.875000000000000000e+01 2.090470000000000074e-43
1.900000000000000000e+01 1.812410000000000146e-43
1.925000000000000000e+01 1.580160000000000004e-43
1.950000000000000000e+01 1.384740000000000029e-43
1.975000000000000000e+01 1.216769999999999952e-43
2.000000000000000000e+01 1.071789999999999908e-43
2.025000000000000000e+01 9.452390000000000815e-44
2.050000000000000000e+01 8.356689999999999598e-44
2.075000000000000000e+01 7.408309999999999846e-44
2.100000000000000000e+01 6.568300000000000357e-44
2.125000000000000000e+01 5.834889999999999646e-44
2.150000000000000000e+01 5.184209999999999517e-44
2.175000000000000000e+01 4.620499999999999646e-44
2.200000000000000000e+01 4.120460000000000080e-44
2.225000000000000000e+01 3.679489999999999920e-44
2.250000000000000000e+01 3.298289999999999853e-44
2.275000000000000000e+01 2.962300000000000191e-44
2.300000000000000000e+01 2.663699999999999753e-44
2.325000000000000000e+01 2.404090000000000043e-44
2.350000000000000000e+01 2.176410000000000109e-44
2.375000000000000000e+01 1.978369999999999881e-44
2.400000000000000000e+01 1.811499999999999948e-44
2.425000000000000000e+01 1.706410000000000002e-44
2.450000000000000000e+01 1.711630000000000046e-44
2.475000000000000000e+01 1.843749999999999925e-44
2.500000000000000000e+01 4.459729999999999713e-43
2.525000000000000000e+01 2.215660000000000004e-44
2.550000000000000000e+01 1.294950000000000089e-44
2.575000000000000000e+01 1.076089999999999972e-44
2.600000000000000000e+01 9.482209999999999888e-45
2.625000000000000000e+01 8.672859999999999750e-45
2.650000000000000000e+01 8.083250000000000532e-45
2.675000000000000000e+01 7.557689999999999866e-45
2.700000000000000000e+01 7.095579999999999864e-45
2.725000000000000000e+01 6.674510000000000508e-45
2.750000000000000000e+01 6.284259999999999858e-45
2.775000000000000000e+01 5.931350000000000018e-45
2.800000000000000000e+01 5.605280000000000615e-45
2.825000000000000000e+01 5.301240000000000244e-45
2.850000000000000000e+01 5.022049999999999930e-45
2.875000000000000000e+01 4.755919999999999981e-45
2.900000000000000000e+01 4.511350000000000137e-45
2.925000000000000000e+01 4.281570000000000004e-45
2.950000000000000000e+01 4.065500000000000022e-45
2.975000000000000000e+01 3.864310000000000179e-45
3.000000000000000000e+01 3.675600000000000214e-45
3.025000000000000000e+01 3.495060000000000279e-45
3.050000000000000000e+01 3.329650000000000018e-45
3.075000000000000000e+01 3.172869999999999704e-45
3.100000000000000000e+01 3.024430000000000025e-45
3.125000000000000000e+01 2.885690000000000219e-45
3.150000000000000000e+01 2.756920000000000018e-45
3.175000000000000000e+01 2.635029999999999909e-45
3.200000000000000000e+01 2.521260000000000111e-45
3.225000000000000000e+01 2.415440000000000018e-45
3.250000000000000000e+01 2.317160000000000058e-45
3.275000000000000000e+01 2.224330000000000100e-45
3.300000000000000000e+01 2.137180000000000101e-45
3.325000000000000000e+01 2.055019999999999878e-45
3.350000000000000000e+01 1.978089999999999954e-45
3.375000000000000000e+01 1.906959999999999940e-45
3.400000000000000000e+01 1.840769999999999982e-45
3.425000000000000000e+01 1.779609999999999885e-45
3.450000000000000000e+01 1.720400000000000081e-45
3.475000000000000000e+01 1.667950000000000106e-45
3.500000000000000000e+01 1.620149999999999941e-45
3.525000000000000000e+01 1.568609999999999853e-45
3.550000000000000000e+01 1.522310000000000008e-45
3.575000000000000000e+01 1.478169999999999903e-45
3.600000000000000000e+01 1.437030000000000127e-45
3.625000000000000000e+01 1.398810000000000039e-45
3.650000000000000000e+01 1.362139999999999991e-45
3.675000000000000000e+01 1.327450000000000068e-45
3.700000000000000000e+01 1.295730000000000019e-45
3.725000000000000000e+01 1.264759999999999975e-45
3.750000000000000000e+01 1.235130000000000057e-45
3.775000000000000000e+01 1.206999999999999992e-45
3.800000000000000000e+01 1.181580000000000013e-45
3.825000000000000000e+01 1.155970000000000007e-45
3.850000000000000000e+01 1.132390000000000001e-45
3.875000000000000000e+01 1.109880000000000077e-45
3.900000000000000000e+01 1.087420000000000028e-45
3.925000000000000000e+01 1.065489999999999970e-45
3.950000000000000000e+01 1.043900000000000032e-45
3.975000000000000000e+01 1.022790000000000054e-45
4.000000000000000000e+01 1.002899999999999939e-45
4.025000000000000000e+01 9.824770000000000069e-46
4.050000000000000000e+01 9.630070000000000322e-46
4.075000000000000000e+01 9.433379999999999262e-46
4.100000000000000000e+01 9.247889999999999328e-46
4.125000000000000000e+01 9.063709999999999844e-46
4.150000000000000000e+01 8.888150000000000362e-46
4.175000000000000000e+01 8.716729999999999499e-46
4.200000000000000000e+01 8.551160000000000134e-46
4.225000000000000000e+01 8.392000000000000689e-46
4.250000000000000000e+01 8.240909999999999657e-46
4.275000000000000000e+01 8.086269999999999816e-46
4.300000000000000000e+01 7.939030000000000580e-46
4.325000000000000000e+01 7.798110000000000213e-46
4.350000000000000000e+01 7.659010000000000554e-46
4.375000000000000000e+01 7.528880000000000494e-46
4.400000000000000000e+01 7.406590000000000134e-46
4.425000000000000000e+01 7.293509999999999586e-46
4.450000000000000000e+01 7.192809999999999786e-46
4.475000000000000000e+01 7.103639999999999265e-46
4.500000000000000000e+01 7.040030000000000430e-46
4.525000000000000000e+01 6.998539999999999967e-46
4.550000000000000000e+01 7.010510000000000674e-46
4.575000000000000000e+01 7.070640000000000310e-46
4.600000000000000000e+01 7.204380000000000397e-46
4.625000000000000000e+01 7.446610000000000264e-46
4.650000000000000000e+01 7.839859999999999999e-46
4.675000000000000000e+01 8.550989999999999529e-46
4.700000000000000000e+01 9.941619999999999749e-46
4.725000000000000000e+01 1.204630000000000028e-45
4.750000000000000000e+01 1.581960000000000152e-45
4.775000000000000000e+01 2.195889999999999903e-45
4.800000000000000000e+01 2.963679999999999813e-45
4.825000000000000000e+01 2.700860000000000015e-45
4.850000000000000000e+01 2.059069999999999934e-45
4.875000000000000000e+01 1.546749999999999870e-45
4.900000000000000000e+01 1.171609999999999940e-45
4.925000000000000000e+01 9.369079999999999620e-46
4.950000000000000000e+01 7.726539999999999239e-46
4.975000000000000000e+01 6.723989999999999675e-46
5.000000000000000000e+01 6.154069999999999667e-46
5.025000000000000000e+01 5.751580000000000287e-46
5.050000000000000000e+01 5.460010000000000315e-46
5.075000000000000000e+01 5.238980000000000079e-46
5.100000000000000000e+01 5.069020000000000382e-46
5.125000000000000000e+01 4.926049999999999815e-46
5.150000000000000000e+01 4.805000000000000296e-46
5.175000000000000000e+01 4.703950000000000120e-46
5.200000000000000000e+01 4.615609999999999623e-46
5.225000000000000000e+01 4.537449999999999735e-46
5.250000000000000000e+01 4.466649999999999898e-46
5.275000000000000000e+01 4.402620000000000301e-46
5.300000000000000000e+01 4.340460000000000354e-46
5.325000000000000000e+01 4.285590000000000072e-46
5.350000000000000000e+01 4.231699999999999752e-46
5.375000000000000000e+01 4.179900000000000185e-46
5.400000000000000000e+01 4.129919999999999771e-46
5.425000000000000000e+01 4.082300000000000154e-46
5.450000000000000000e+01 4.036029999999999986e-46
5.475000000000000000e+01 3.990449999999999848e-46
5.500000000000000000e+01 3.946919999999999908e-46
5.525000000000000000e+01 3.904030000000000277e-46
5.550000000000000000e+01 3.861480000000000299e-46
5.575000000000000000e+01 3.817860000000000085e-46
5.600000000000000000e+01 3.775430000000000214e-46
5.625000000000000000e+01 3.734550000000000228e-46
5.650000000000000000e+01 3.693570000000000024e-46
5.675000000000000000e+01 3.654080000000000040e-46
5.700000000000000000e+01 3.614300000000000123e-46
5.725000000000000000e+01 3.575630000000000218e-46
5.750000000000000000e+01 3.537530000000000237e-46
5.775000000000000000e+01 3.499069999999999936e-46
5.800000000000000000e+01 3.461570000000000098e-46
5.825000000000000000e+01 3.425119999999999830e-46
5.850000000000000000e+01 3.390549999999999935e-46
5.875000000000000000e+01 3.358110000000000181e-46
5.900000000000000000e+01 3.325720000000000147e-46
5.925000000000000000e+01 3.293880000000000147e-46
5.950000000000000000e+01 3.263940000000000019e-46
5.975000000000000000e+01 3.232819999999999880e-46
6.000000000000000000e+01 3.203180000000000018e-46
6.025000000000000000e+01 3.174749999999999999e-46
6.050000000000000000e+01 3.146710000000000131e-46
6.075000000000000000e+01 3.118920000000000031e-46
6.100000000000000000e+01 3.092379999999999939e-46
6.125000000000000000e+01 3.065510000000000137e-46
6.150000000000000000e+01 3.040290000000000050e-46
6.175000000000000000e+01 3.015219999999999901e-46
6.200000000000000000e+01 2.991309999999999875e-46
6.225000000000000000e+01 2.968200000000000040e-46
6.250000000000000000e+01 2.945089999999999816e-46
6.275000000000000000e+01 2.921960000000000093e-46
6.300000000000000000e+01 2.898159999999999840e-46
6.325000000000000000e+01 2.875660000000000093e-46
6.350000000000000000e+01 2.853400000000000170e-46
6.375000000000000000e+01 2.831469999999999956e-46
6.400000000000000000e+01 2.809519999999999854e-46
6.425000000000000000e+01 2.788859999999999925e-46
6.450000000000000000e+01 2.768069999999999946e-46
6.475000000000000000e+01 2.748329999999999926e-46
6.500000000000000000e+01 2.728719999999999957e-46
6.525000000000000000e+01 2.709609999999999913e-46
6.550000000000000000e+01 2.690680000000000028e-46
6.575000000000000000e+01 2.672219999999999848e-46
6.600000000000000000e+01 2.654149999999999820e-46
6.625000000000000000e+01 2.636160000000000121e-46
6.650000000000000000e+01 2.619420000000000042e-46
6.675000000000000000e+01 2.602310000000000088e-46
6.700000000000000000e+01 2.585579999999999952e-46
6.725000000000000000e+01 2.569169999999999971e-46
6.750000000000000000e+01 2.553059999999999868e-46
6.775000000000000000e+01 2.537230000000000142e-46
6.800000000000000000e+01 2.521709999999999849e-46
6.825000000000000000e+01 2.506749999999999923e-46
6.850000000000000000e+01 2.492120000000000096e-46
6.875000000000000000e+01 2.477580000000000154e-46
6.900000000000000000e+01 2.463109999999999821e-46
6.925000000000000000e+01 2.449370000000000071e-46
6.950000000000000000e+01 2.435769999999999926e-46
6.975000000000000000e+01 2.422409999999999995e-46
7.000000000000000000e+01 2.409100000000000172e-46
7.025000000000000000e+01 2.396509999999999822e-46
7.050000000000000000e+01 2.383520000000000155e-46
7.075000000000000000e+01 2.370649999999999815e-46
7.100000000000000000e+01 2.358510000000000059e-46
7.125000000000000000e+01 2.346509999999999909e-46
7.150000000000000000e+01 2.334230000000000158e-46
7.175000000000000000e+01 2.322770000000000098e-46
7.200000000000000000e+01 2.311339999999999870e-46
7.225000000000000000e+01 2.300600000000000060e-46
7.250000000000000000e+01 2.289999999999999856e-46
7.275000000000000000e+01 2.279419999999999929e-46
7.300000000000000000e+01 2.268979999999999997e-46
7.325000000000000000e+01 2.258789999999999832e-46
7.350000000000000000e+01 2.248730000000000107e-46
7.375000000000000000e+01 2.239350000000000079e-46
7.400000000000000000e+01 2.229729999999999837e-46
7.425000000000000000e+01 2.220990000000000117e-46
7.450000000000000000e+01 2.212349999999999838e-46
7.475000000000000000e+01 2.203410000000000070e-46
7.500000000000000000e+01 2.194870000000000009e-46
7.525000000000000000e+01 2.186559999999999828e-46
7.550000000000000000e+01 2.178250000000000036e-46
7.575000000000000000e+01 2.170470000000000001e-46
7.600000000000000000e+01 2.162549999999999972e-46
7.625000000000000000e+01 2.154559999999999945e-46
7.650000000000000000e+01 2.147189999999999950e-46
7.675000000000000000e+01 2.139810000000000012e-46
7.700000000000000000e+01 2.132059999999999809e-46
7.725000000000000000e+01 2.125140000000000019e-46
7.750000000000000000e+01 2.117840000000000022e-46
7.775000000000000000e+01 2.110979999999999896e-46
7.800000000000000000e+01 2.103879999999999947e-46
7.825000000000000000e+01 2.097310000000000143e-46
7.850000000000000000e+01 2.090739999999999951e-46
7.875000000000000000e+01 2.084120000000000039e-46
7.900000000000000000e+01 2.078540000000000142e-46
7.925000000000000000e+01 2.072589999999999981e-46
7.950000000000000000e+01 2.066460000000000050e-46
7.975000000000000000e+01 2.060999999999999871e-46
8.000000000000000000e+01 2.055250000000000147e-46
8.025000000000000000e+01 2.049529999999999867e-46
8.050000000000000000e+01 2.044070000000000076e-46
8.075000000000000000e+01 2.038039999999999974e-46
8.100000000000000000e+01 2.033140000000000163e-46
8.125000000000000000e+01 2.027639999999999818e-46
8.150000000000000000e+01 2.022749999999999950e-46
8.175000000000000000e+01 2.017959999999999912e-46
8.200000000000000000e+01 2.012899999999999828e-46
8.225000000000000000e+01 2.008270000000000062e-46
8.250000000000000000e+01 2.004069999999999834e-46
8.275000000000000000e+01 1.999529999999999953e-46
8.300000000000000000e+01 1.995350000000000002e-46
8.325000000000000000e+01 1.991319999999999990e-46
8.350000000000000000e+01 1.987639999999999965e-46
8.375000000000000000e+01 1.983570000000000177e-46
8.400000000000000000e+01 1.979509999999999944e-46
8.425000000000000000e+01 1.975950000000000025e-46
8.450000000000000000e+01 1.972250000000000111e-46
8.475000000000000000e+01 1.968630000000000139e-46
8.500000000000000000e+01 1.965010000000000167e-46
8.525000000000000000e+01 1.961359999999999974e-46
8.550000000000000000e+01 1.958000000000000103e-46
8.575000000000000000e+01 1.955010000000000107e-46
8.600000000000000000e+01 1.952259999999999934e-46
8.625000000000000000e+01 1.949310000000000103e-46
8.650000000000000000e+01 1.946289999999999886e-46
8.675000000000000000e+01 1.943620000000000044e-46
8.700000000000000000e+01 1.941059999999999976e-46
8.725000000000000000e+01 1.938880000000000115e-46
8.750000000000000000e+01 1.936300000000000158e-46
8.775000000000000000e+01 1.933899999999999973e-46
8.800000000000000000e+01 1.931689999999999891e-46
8.825000000000000000e+01 1.929440000000000033e-46
8.850000000000000000e+01 1.927809999999999818e-46
8.875000000000000000e+01 1.925839999999999949e-46
8.900000000000000000e+01 1.923839999999999859e-46
8.925000000000000000e+01 1.921799999999999993e-46
8.950000000000000000e+01 1.920040000000000116e-46
8.975000000000000000e+01 1.918460000000000010e-46
9.000000000000000000e+01 1.916519999999999973e-46
9.025000000000000000e+01 1.914760000000000096e-46
9.050000000000000000e+01 1.913469999999999924e-46
9.075000000000000000e+01 1.911920000000000039e-46
9.100000000000000000e+01 1.910110000000000053e-46
9.125000000000000000e+01 1.908749999999999883e-46
9.150000000000000000e+01 1.907590000000000150e-46
9.175000000000000000e+01 1.906399999999999806e-46
9.200000000000000000e+01 1.905010000000000193e-46
9.225000000000000000e+01 1.903700000000000132e-46
9.250000000000000000e+01 1.902629999999999895e-46
9.275000000000000000e+01 1.901630000000000045e-46
9.300000000000000000e+01 1.900739999999999968e-46
9.325000000000000000e+01 1.899719999999999841e-46
9.350000000000000000e+01 1.898529999999999886e-46
9.375000000000000000e+01 1.897639999999999809e-46
9.400000000000000000e+01 1.897079999999999831e-46
9.425000000000000000e+01 1.896009999999999983e-46
9.450000000000000000e+01 1.895199999999999847e-46
9.475000000000000000e+01 1.894520000000000151e-46
9.500000000000000000e+01 1.893799999999999901e-46
9.525000000000000000e+01 1.893299999999999976e-46
9.550000000000000000e+01 1.893220000000000035e-46
9.575000000000000000e+01 1.893179999999999869e-46
9.600000000000000000e+01 1.892800000000000051e-46
9.625000000000000000e+01 1.892730000000000053e-46
9.650000000000000000e+01 1.893309999999999920e-46
9.675000000000000000e+01 1.893360000000000029e-46
9.700000000000000000e+01 1.894060000000000002e-46
9.725000000000000000e+01 1.895469999999999893e-46
9.750000000000000000e+01 1.897370000000000153e-46
9.775000000000000000e+01 1.899709999999999896e-46
9.800000000000000000e+01 1.903609999999999858e-46
9.825000000000000000e+01 1.907750000000000032e-46
9.850000000000000000e+01 1.913440000000000092e-46
9.875000000000000000e+01 1.921679999999999886e-46
9.900000000000000000e+01 1.934080000000000132e-46
9.925000000000000000e+01 1.957160000000000135e-46
9.950000000000000000e+01 2.005750000000000159e-46
9.975000000000000000e+01 2.224540000000000092e-46
1.000000000000000000e+02 7.417650000000000487e-45
1.002500000000000000e+02 2.141579999999999832e-46
1.005000000000000000e+02 1.998380000000000164e-46
1.007500000000000000e+02 1.956400000000000109e-46
1.010000000000000000e+02 1.936920000000000190e-46
1.012500000000000000e+02 1.924430000000000059e-46
1.015000000000000000e+02 1.917880000000000143e-46
1.017500000000000000e+02 1.912690000000000009e-46
1.020000000000000000e+02 1.909260000000000141e-46
1.022500000000000000e+02 1.906210000000000091e-46
1.025000000000000000e+02 1.904869999999999809e-46
1.027500000000000000e+02 1.903580000000000026e-46
1.030000000000000000e+02 1.903210000000000151e-46
1.032500000000000000e+02 1.903129999999999821e-46
1.035000000000000000e+02 1.903620000000000191e-46
1.037500000000000000e+02 1.903560000000000138e-46
1.040000000000000000e+02 1.903739999999999908e-46
1.042500000000000000e+02 1.904110000000000172e-46
1.045000000000000000e+02 1.904680000000000095e-46
1.047500000000000000e+02 1.905390000000000012e-46
1.050000000000000000e+02 1.905679999999999945e-46
1.052500000000000000e+02 1.906519999999999913e-46
1.055000000000000000e+02 1.907330000000000048e-46
1.057500000000000000e+02 1.908319999999999955e-46
1.060000000000000000e+02 1.909600000000000183e-46
1.062500000000000000e+02 1.910709999999999807e-46
1.065000000000000000e+02 1.911789999999999988e-46
1.067500000000000000e+02 1.912839999999999948e-46
1.070000000000000000e+02 1.913840000000000187e-46
1.072500000000000000e+02 1.914999999999999921e-46
1.075000000000000000e+02 1.916350000000000147e-46
1.077500000000000000e+02 1.917480000000000048e-46
1.080000000000000000e+02 1.918689999999999890e-46
1.082500000000000000e+02 1.919999999999999951e-46
1.085000000000000000e+02 1.921380000000000009e-46
1.087500000000000000e+02 1.922299999999999918e-46
1.090000000000000000e+02 1.923559999999999870e-46
1.092500000000000000e+02 1.925110000000000144e-46
1.095000000000000000e+02 1.926520000000000034e-46
1.097500000000000000e+02 1.928160000000000193e-46
1.100000000000000000e+02 1.929580000000000027e-46
1.102500000000000000e+02 1.930950000000000142e-46
1.105000000000000000e+02 1.932490000000000082e-46
1.107500000000000000e+02 1.933890000000000029e-46
1.110000000000000000e+02 1.935239999999999866e-46
1.112500000000000000e+02 1.936629999999999868e-46
1.115000000000000000e+02 1.938380000000000190e-46
1.117500000000000000e+02 1.939829999999999856e-46
1.120000000000000000e+02 1.941190000000000026e-46
1.122500000000000000e+02 1.942780000000000076e-46
1.125000000000000000e+02 1.944450000000000068e-46
1.127500000000000000e+02 1.945850000000000014e-46
1.130000000000000000e+02 1.947510000000000061e-46
1.132500000000000000e+02 1.949219999999999829e-46
1.135000000000000000e+02 1.950609999999999831e-46
1.137500000000000000e+02 1.952360000000000153e-46
1.140000000000000000e+02 1.953910000000000038e-46
1.142500000000000000e+02 1.955409999999999813e-46
1.145000000000000000e+02 1.956960000000000087e-46
1.147500000000000000e+02 1.958560000000000081e-46
1.150000000000000000e+02 1.960109999999999966e-46
1.152500000000000000e+02 1.961719999999999905e-46
1.155000000000000000e+02 1.963290000000000067e-46
1.157500000000000000e+02 1.964769999999999954e-46
1.160000000000000000e+02 1.966459999999999834e-46
1.162500000000000000e+02 1.968150000000000102e-46
1.165000000000000000e+02 1.969869999999999814e-46
1.167500000000000000e+02 1.971329999999999813e-46
1.170000000000000000e+02 1.972979999999999917e-46
1.172500000000000000e+02 1.974519999999999858e-46
1.175000000000000000e+02 1.976399999999999841e-46
1.177500000000000000e+02 1.978020000000000112e-46
1.180000000000000000e+02 1.979669999999999827e-46
1.182500000000000000e+02 1.981210000000000156e-46
1.185000000000000000e+02 1.983129999999999916e-46
1.187500000000000000e+02 1.984949999999999846e-46
1.190000000000000000e+02 1.986399999999999901e-46
1.192500000000000000e+02 1.988250000000000053e-46
1.195000000000000000e+02 1.990180000000000145e-46
1.197500000000000000e+02 1.991959999999999910e-46
1.200000000000000000e+02 1.993499999999999851e-46
1.202500000000000000e+02 1.995270000000000061e-46
1.205000000000000000e+02 1.997019999999999994e-46
1.207500000000000000e+02 1.998800000000000148e-46
1.210000000000000000e+02 2.000709999999999963e-46
1.212500000000000000e+02 2.002700000000000109e-46
1.215000000000000000e+02 2.004430000000000154e-46
1.217500000000000000e+02 2.005910000000000041e-46
1.220000000000000000e+02 2.008009999999999961e-46
1.222500000000000000e+02 2.009819999999999947e-46
1.225000000000000000e+02 2.011709999999999874e-46
1.227500000000000000e+02 2.013740000000000185e-46
1.230000000000000000e+02 2.015659999999999945e-46
1.232500000000000000e+02 2.016970000000000006e-46
1.235000000000000000e+02 2.018620000000000109e-46
1.237500000000000000e+02 2.020449999999999983e-46
1.240000000000000000e+02 2.021929999999999871e-46
1.242500000000000000e+02 2.023519999999999921e-46
1.245000000000000000e+02 2.025259999999999909e-46
1.247500000000000000e+02 2.026750000000000130e-46
1.250000000000000000e+02 2.028580000000000004e-46
1.252500000000000000e+02 2.030469999999999932e-46
1.255000000000000000e+02 2.031970000000000096e-46
1.257500000000000000e+02 2.033710000000000085e-46
1.260000000000000000e+02 2.035409999999999909e-46
1.262500000000000000e+02 2.037250000000000116e-46
1.265000000000000000e+02 2.038910000000000163e-46
1.267500000000000000e+02 2.040660000000000096e-46
1.270000000000000000e+02 2.042330000000000087e-46
1.272500000000000000e+02 2.044299999999999956e-46
1.275000000000000000e+02 2.045820000000000009e-46
1.277500000000000000e+02 2.047639999999999939e-46
1.280000000000000000e+02 2.049439999999999981e-46
1.282500000000000000e+02 2.051269999999999855e-46
1.285000000000000000e+02 2.053170000000000116e-46
1.287500000000000000e+02 2.054840000000000107e-46
1.290000000000000000e+02 2.056279999999999830e-46
1.292500000000000000e+02 2.057809999999999826e-46
1.295000000000000000e+02 2.059220000000000106e-46
1.297500000000000000e+02 2.061040000000000036e-46
1.300000000000000000e+02 2.062449999999999926e-46
1.302500000000000000e+02 2.064170000000000027e-46
1.305000000000000000e+02 2.065820000000000130e-46
1.307500000000000000e+02 2.067620000000000172e-46
1.310000000000000000e+02 2.069209999999999833e-46
1.312500000000000000e+02 2.070680000000000166e-46
1.315000000000000000e+02 2.072409999999999821e-46
1.317500000000000000e+02 2.074160000000000143e-46
1.320000000000000000e+02 2.075480000000000148e-46
1.322500000000000000e+02 2.076969999999999980e-46
1.325000000000000000e+02 2.078620000000000083e-46
1.327500000000000000e+02 2.079959999999999976e-46
1.330000000000000000e+02 2.081489999999999973e-46
1.332500000000000000e+02 2.083120000000000188e-46
1.335000000000000000e+02 2.084629999999999908e-46
1.337500000000000000e+02 2.086239999999999846e-46
1.340000000000000000e+02 2.087640000000000181e-46
1.342500000000000000e+02 2.089050000000000071e-46
1.345000000000000000e+02 2.090450000000000018e-46
1.347500000000000000e+02 2.092100000000000121e-46
1.350000000000000000e+02 2.093710000000000059e-46
1.352500000000000000e+02 2.095150000000000171e-46
1.355000000000000000e+02 2.096449999999999898e-46
1.357500000000000000e+02 2.098039999999999949e-46
1.360000000000000000e+02 2.099270000000000068e-46
1.362500000000000000e+02 2.100769999999999844e-46
1.365000000000000000e+02 2.102330000000000062e-46
1.367500000000000000e+02 2.103840000000000170e-46
1.370000000000000000e+02 2.105190000000000007e-46
1.372500000000000000e+02 2.106720000000000004e-46
1.375000000000000000e+02 2.108160000000000116e-46
1.377500000000000000e+02 2.109550000000000118e-46
1.380000000000000000e+02 2.110890000000000011e-46
1.382500000000000000e+02 2.112089999999999909e-46
1.385000000000000000e+02 2.113180000000000034e-46
1.387500000000000000e+02 2.114459999999999874e-46
1.390000000000000000e+02 2.115789999999999823e-46
1.392500000000000000e+02 2.117070000000000051e-46
1.395000000000000000e+02 2.118559999999999883e-46
1.397500000000000000e+02 2.119889999999999832e-46
1.400000000000000000e+02 2.120870000000000183e-46
1.402500000000000000e+02 2.121790000000000092e-46
1.405000000000000000e+02 2.123110000000000097e-46
1.407500000000000000e+02 2.124479999999999822e-46
1.410000000000000000e+02 2.125659999999999833e-46
1.412500000000000000e+02 2.126749999999999957e-46
1.415000000000000000e+02 2.127970000000000133e-46
1.417500000000000000e+02 2.129230000000000084e-46
1.420000000000000000e+02 2.130599999999999810e-46
1.422500000000000000e+02 2.131899999999999926e-46
1.425000000000000000e+02 2.133320000000000150e-46
1.427500000000000000e+02 2.134409999999999885e-46
1.430000000000000000e+02 2.135659999999999893e-46
1.432500000000000000e+02 2.137179999999999946e-46
1.435000000000000000e+02 2.139230000000000145e-46
1.437500000000000000e+02 2.141390000000000118e-46
1.440000000000000000e+02 2.144979999999999869e-46
1.442500000000000000e+02 2.150959999999999861e-46
1.445000000000000000e+02 2.159639999999999917e-46
1.447500000000000000e+02 2.173860000000000093e-46
1.450000000000000000e+02 2.194259999999999921e-46
1.452500000000000000e+02 2.228240000000000005e-46
1.455000000000000000e+02 2.281089999999999921e-46
1.457500000000000000e+02 2.367029999999999843e-46
1.460000000000000000e+02 2.508849999999999843e-46
1.462500000000000000e+02 2.753360000000000177e-46
1.465000000000000000e+02 3.190819999999999937e-46
1.467500000000000000e+02 3.987060000000000144e-46
1.470000000000000000e+02 5.433789999999999988e-46
1.472500000000000000e+02 8.104270000000000236e-46
1.475000000000000000e+02 1.311350000000000064e-45
1.477500000000000000e+02 2.280890000000000106e-45
1.480000000000000000e+02 4.202099999999999977e-45
1.482500000000000000e+02 8.126180000000000251e-45
1.485000000000000000e+02 1.660289999999999898e-44
1.487500000000000000e+02 3.607530000000000007e-44
1.490000000000000000e+02 8.532700000000000047e-44
1.492500000000000000e+02 2.295239999999999975e-43
1.495000000000000000e+02 6.770769999999999759e-43
1.497500000000000000e+02 2.869550000000000034e-42
1.500000000000000000e+02 4.316260000000000077e-41
1.502500000000000000e+02 2.747910000000000010e-42
1.505000000000000000e+02 6.488770000000000392e-43
1.507500000000000000e+02 2.166630000000000136e-43
1.510000000000000000e+02 8.132829999999999575e-44
1.512500000000000000e+02 3.426979999999999941e-44
1.515000000000000000e+02 1.579719999999999927e-44
1.517500000000000000e+02 7.766229999999999970e-45
1.520000000000000000e+02 4.017320000000000116e-45
1.522500000000000000e+02 2.186290000000000094e-45
1.525000000000000000e+02 1.260300000000000035e-45
1.527500000000000000e+02 7.797490000000000570e-46
1.530000000000000000e+02 5.265999999999999819e-46
1.532500000000000000e+02 3.903940000000000002e-46
1.535000000000000000e+02 3.155130000000000085e-46
1.537500000000000000e+02 2.740850000000000158e-46
1.540000000000000000e+02 2.501420000000000184e-46
1.542500000000000000e+02 2.360569999999999813e-46
1.545000000000000000e+02 2.282180000000000045e-46
1.547500000000000000e+02 2.236980000000000114e-46
1.550000000000000000e+02 2.209769999999999881e-46
1.552500000000000000e+02 2.193359999999999900e-46
1.555000000000000000e+02 2.183839999999999877e-46
1.557500000000000000e+02 2.178920000000000177e-46
1.560000000000000000e+02 2.175950000000000068e-46
1.562500000000000000e+02 2.174060000000000141e-46
1.565000000000000000e+02 2.173380000000000056e-46
1.567500000000000000e+02 2.173209999999999840e-46
1.570000000000000000e+02 2.173170000000000064e-46
1.572500000000000000e+02 2.172950000000000128e-46
1.575000000000000000e+02 2.173170000000000064e-46
1.577500000000000000e+02 2.173450000000000053e-46
1.580000000000000000e+02 2.173879999999999981e-46
1.582500000000000000e+02 2.174169999999999915e-46
1.585000000000000000e+02 2.174400000000000183e-46
1.587500000000000000e+02 2.174550000000000122e-46
1.590000000000000000e+02 2.174809999999999834e-46
1.592500000000000000e+02 2.174939999999999885e-46
1.595000000000000000e+02 2.175180000000000098e-46
1.597500000000000000e+02 2.175339999999999981e-46
1.600000000000000000e+02 2.175470000000000031e-46
1.602500000000000000e+02 2.175759999999999965e-46
1.605000000000000000e+02 2.175919999999999847e-46
1.607500000000000000e+02 2.175849999999999850e-46
1.610000000000000000e+02 2.175890000000000015e-46
1.612500000000000000e+02 2.176000000000000178e-46
1.615000000000000000e+02 2.175950000000000068e-46
1.617500000000000000e+02 2.175909999999999903e-46
1.620000000000000000e+02 2.175769999999999909e-46
1.622500000000000000e+02 2.175950000000000068e-46
1.625000000000000000e+02 2.175960000000000012e-46
1.627500000000000000e+02 2.175829999999999962e-46
1.630000000000000000e+02 2.175969999999999957e-46
1.632500000000000000e+02 2.175870000000000127e-46
1.635000000000000000e+02 2.175730000000000132e-46
1.637500000000000000e+02 2.175940000000000124e-46
1.640000000000000000e+02 2.175820000000000018e-46
1.642500000000000000e+02 2.175639999999999858e-46
1.645000000000000000e+02 2.175520000000000140e-46
1.647500000000000000e+02 2.175470000000000031e-46
1.650000000000000000e+02 2.175190000000000042e-46
1.652500000000000000e+02 2.174960000000000162e-46
1.655000000000000000e+02 2.174809999999999834e-46
1.657500000000000000e+02 2.174589999999999898e-46
1.660000000000000000e+02 2.174439999999999960e-46
1.662500000000000000e+02 2.174290000000000021e-46
1.665000000000000000e+02 2.173969999999999867e-46
1.667500000000000000e+02 2.173559999999999827e-46
1.670000000000000000e+02 2.173040000000000013e-46
1.672500000000000000e+02 2.172480000000000035e-46
1.675000000000000000e+02 2.171869999999999947e-46
1.677500000000000000e+02 2.171580000000000014e-46
1.680000000000000000e+02 2.171150000000000086e-46
1.682500000000000000e+02 2.170769999999999878e-46
1.685000000000000000e+02 2.170300000000000174e-46
1.687500000000000000e+02 2.169890000000000134e-46
1.690000000000000000e+02 2.169400000000000153e-46
1.692500000000000000e+02 2.169079999999999999e-46
1.695000000000000000e+02 2.168450000000000023e-46
1.697500000000000000e+02 2.167849999999999879e-46
1.700000000000000000e+02 2.167480000000000005e-46
1.702500000000000000e+02 2.166799999999999920e-46
1.705000000000000000e+02 2.166270000000000162e-46
1.707500000000000000e+02 2.165460000000000027e-46
1.710000000000000000e+02 2.164789999999999886e-46
1.712500000000000000e+02 2.164040000000000192e-46
1.715000000000000000e+02 2.163529999999999934e-46
1.717500000000000000e+02 2.162750000000000020e-46
1.720000000000000000e+02 2.162149999999999876e-46
1.722500000000000000e+02 2.161560000000000065e-46
1.725000000000000000e+02 2.160909999999999812e-46
1.727500000000000000e+02 2.160119999999999954e-46
1.730000000000000000e+02 2.159250000000000154e-46
1.732500000000000000e+02 2.158399999999999853e-46
1.735000000000000000e+02 2.157740000000000045e-46
1.737500000000000000e+02 2.157009999999999851e-46
1.740000000000000000e+02 2.156179999999999827e-46
1.742500000000000000e+02 2.155170000000000033e-46
1.745000000000000000e+02 2.153960000000000190e-46
1.747500000000000000e+02 2.153070000000000114e-46
1.750000000000000000e+02 2.152289999999999810e-46
1.752500000000000000e+02 2.151460000000000175e-46
1.755000000000000000e+02 2.150500000000000101e-46
1.757500000000000000e+02 2.149670000000000077e-46
1.760000000000000000e+02 2.148640000000000006e-46
1.762500000000000000e+02 2.147640000000000155e-46
1.765000000000000000e+02 2.146540000000000086e-46
1.767500000000000000e+02 2.145669999999999898e-46
1.770000000000000000e+02 2.144590000000000106e-46
1.772500000000000000e+02 2.143529999999999813e-46
1.775000000000000000e+02 2.142459999999999965e-46
1.777500000000000000e+02 2.141460000000000115e-46
1.780000000000000000e+02 2.140280000000000105e-46
1.782500000000000000e+02 2.139129999999999926e-46
1.785000000000000000e+02 2.138120000000000132e-46
1.787500000000000000e+02 2.137160000000000058e-46
1.790000000000000000e+02 2.136199999999999983e-46
1.792500000000000000e+02 2.135150000000000024e-46
1.795000000000000000e+02 2.133979999999999958e-46
1.797500000000000000e+02 2.132749999999999838e-46
1.800000000000000000e+02 2.131539999999999996e-46
1.802500000000000000e+02 2.130420000000000039e-46
1.805000000000000000e+02 2.129189999999999919e-46
1.807500000000000000e+02 2.128019999999999853e-46
1.810000000000000000e+02 2.126619999999999907e-46
1.812500000000000000e+02 2.125089999999999910e-46
1.815000000000000000e+02 2.123979999999999897e-46
1.817500000000000000e+02 2.122690000000000113e-46
1.820000000000000000e+02 2.121529999999999991e-46
1.822500000000000000e+02 2.120169999999999821e-46
1.825000000000000000e+02 2.118829999999999928e-46
1.827500000000000000e+02 2.117490000000000035e-46
1.830000000000000000e+02 2.116240000000000028e-46
1.832500000000000000e+02 2.114920000000000023e-46
1.835000000000000000e+02 2.113530000000000020e-46
1.837500000000000000e+02 2.112200000000000072e-46
1.840000000000000000e+02 2.110839999999999902e-46
1.842500000000000000e+02 2.109589999999999894e-46
1.845000000000000000e+02 2.108409999999999884e-46
1.847500000000000000e+02 2.106990000000000049e-46
1.850000000000000000e+02 2.105469999999999997e-46
1.852500000000000000e+02 2.104260000000000154e-46
1.855000000000000000e+02 2.102779999999999878e-46
1.857500000000000000e+02 2.101410000000000153e-46
1.860000000000000000e+02 2.100020000000000150e-46
1.862500000000000000e+02 2.098500000000000098e-46
1.865000000000000000e+02 2.097159999999999816e-46
1.867500000000000000e+02 2.095660000000000040e-46
1.870000000000000000e+02 2.094320000000000147e-46
1.872500000000000000e+02 2.093000000000000142e-46
1.875000000000000000e+02 2.091670000000000193e-46
1.877500000000000000e+02 2.090539999999999903e-46
1.880000000000000000e+02 2.089250000000000119e-46
1.882500000000000000e+02 2.088080000000000053e-46
1.885000000000000000e+02 2.086909999999999987e-46
1.887500000000000000e+02 2.085799999999999974e-46
1.890000000000000000e+02 2.084670000000000073e-46
1.892500000000000000e+02 2.083809999999999828e-46
1.895000000000000000e+02 2.082980000000000193e-46
1.897500000000000000e+02 2.082300000000000108e-46
1.900000000000000000e+02 2.081620000000000023e-46
1.902500000000000000e+02 2.081390000000000143e-46
1.905000000000000000e+02 2.081190000000000095e-46
1.907500000000000000e+02 2.081200000000000040e-46
1.910000000000000000e+02 2.081579999999999858e-46
1.912500000000000000e+02 2.081999999999999842e-46
1.915000000000000000e+02 2.082980000000000193e-46
1.917500000000000000e+02 2.084380000000000140e-46
1.920000000000000000e+02 2.085860000000000027e-46
1.922500000000000000e+02 2.088640000000000032e-46
1.925000000000000000e+02 2.092269999999999948e-46
1.927500000000000000e+02 2.096820000000000162e-46
1.930000000000000000e+02 2.102410000000000003e-46
1.932500000000000000e+02 2.108059999999999897e-46
1.935000000000000000e+02 2.114350000000000100e-46
1.937500000000000000e+02 2.123229999999999815e-46
1.940000000000000000e+02 2.133989999999999902e-46
1.942500000000000000e+02 2.149209999999999928e-46
1.945000000000000000e+02 2.167600000000000111e-46
1.947500000000000000e+02 2.193050000000000079e-46
1.950000000000000000e+02 2.227240000000000155e-46
1.952500000000000000e+02 2.273490000000000046e-46
1.955000000000000000e+02 2.341060000000000063e-46
1.957500000000000000e+02 2.448359999999999887e-46
1.960000000000000000e+02 2.641079999999999821e-46
1.962500000000000000e+02 3.059079999999999940e-46
1.965000000000000000e+02 4.290619999999999934e-46
1.967500000000000000e+02 1.049079999999999989e-45
1.970000000000000000e+02 7.548990000000000622e-45
1.972500000000000000e+02 1.273709999999999998e-45
1.975000000000000000e+02 4.943999999999999737e-46
1.977500000000000000e+02 3.950180000000000338e-46
1.980000000000000000e+02 4.039470000000000188e-46
1.982500000000000000e+02 4.988589999999999970e-46
1.985000000000000000e+02 8.459149999999999944e-46
1.987500000000000000e+02 3.261920000000000274e-45
1.990000000000000000e+02 2.625750000000000177e-44
1.992500000000000000e+02 1.702199999999999846e-45
1.995000000000000000e+02 6.454229999999999810e-46
1.997500000000000000e+02 4.059470000000000309e-46
2.000000000000000000e+02 3.172889999999999903e-46
2.002500000000000000e+02 2.751059999999999821e-46
2.005000000000000000e+02 2.519959999999999916e-46
2.007500000000000000e+02 2.375310000000000192e-46
2.010000000000000000e+02 2.284219999999999912e-46
2.012500000000000000e+02 2.218560000000000099e-46
2.015000000000000000e+02 2.170180000000000068e-46
2.017500000000000000e+02 2.133929999999999848e-46
2.020000000000000000e+02 2.104670000000000194e-46
2.022500000000000000e+02 2.082870000000000031e-46
2.025000000000000000e+02 2.064490000000000181e-46
2.027500000000000000e+02 2.050400000000000055e-46
2.030000000000000000e+02 2.036710000000000025e-46
2.032500000000000000e+02 2.023859999999999963e-46
2.035000000000000000e+02 2.013239999999999871e-46
2.037500000000000000e+02 2.003289999999999920e-46
2.040000000000000000e+02 1.995260000000000117e-46
2.042500000000000000e+02 1.988339999999999938e-46
2.045000000000000000e+02 1.982110000000000177e-46
2.047500000000000000e+02 1.976840000000000102e-46
2.050000000000000000e+02 1.971509999999999973e-46
2.052500000000000000e+02 1.966789999999999932e-46
2.055000000000000000e+02 1.962909999999999859e-46
2.057500000000000000e+02 1.959200000000000001e-46
2.060000000000000000e+02 1.955529999999999920e-46
2.062500000000000000e+02 1.952160000000000105e-46
2.065000000000000000e+02 1.948659999999999850e-46
2.067500000000000000e+02 1.945270000000000147e-46
2.070000000000000000e+02 1.942119999999999879e-46
2.072500000000000000e+02 1.939319999999999987e-46
2.075000000000000000e+02 1.936329999999999991e-46
2.077500000000000000e+02 1.933649999999999816e-46
2.080000000000000000e+02 1.930979999999999974e-46
2.082500000000000000e+02 1.928269999999999967e-46
2.085000000000000000e+02 1.925590000000000181e-46
2.087500000000000000e+02 1.923129999999999942e-46
2.090000000000000000e+02 1.920540000000000041e-46
2.092500000000000000e+02 1.918090000000000135e-46
2.095000000000000000e+02 1.915740000000000059e-46
2.097500000000000000e+02 1.913290000000000153e-46
2.100000000000000000e+02 1.910850000000000191e-46
2.102500000000000000e+02 1.908290000000000123e-46
2.105000000000000000e+02 1.905909999999999825e-46
2.107500000000000000e+02 1.903550000000000194e-46
2.110000000000000000e+02 1.901309999999999891e-46
2.112500000000000000e+02 1.898949999999999870e-46
2.115000000000000000e+02 1.896530000000000185e-46
2.117500000000000000e+02 1.894260000000000050e-46
2.120000000000000000e+02 1.891690000000000038e-46
2.122500000000000000e+02 1.889160000000000190e-46
2.125000000000000000e+02 1.886839999999999946e-46
2.127500000000000000e+02 1.884609999999999976e-46
2.130000000000000000e+02 1.882280000000000177e-46
2.132500000000000000e+02 1.879969999999999877e-46
2.135000000000000000e+02 1.877570000000000080e-46
2.137500000000000000e+02 1.875130000000000118e-46
2.140000000000000000e+02 1.872719999999999988e-46
2.142500000000000000e+02 1.870400000000000133e-46
2.145000000000000000e+02 1.868149999999999886e-46
2.147500000000000000e+02 1.865760000000000033e-46
2.150000000000000000e+02 1.863260000000000018e-46
2.152500000000000000e+02 1.860859999999999833e-46
2.155000000000000000e+02 1.858419999999999871e-46
2.157500000000000000e+02 1.856000000000000186e-46
2.160000000000000000e+02 1.853809999999999992e-46
2.162500000000000000e+02 1.852369999999999881e-46
2.165000000000000000e+02 1.848889999999999903e-46
2.167500000000000000e+02 1.846290000000000059e-46
2.170000000000000000e+02 1.843780000000000099e-46
2.172500000000000000e+02 1.841140000000000090e-46
2.175000000000000000e+02 1.838500000000000080e-46
2.177500000000000000e+02 1.835959999999999900e-46
2.180000000000000000e+02 1.833459999999999885e-46
2.182500000000000000e+02 1.831140000000000029e-46
2.185000000000000000e+02 1.828799999999999897e-46
2.187500000000000000e+02 1.826120000000000111e-46
2.190000000000000000e+02 1.823669999999999816e-46
2.192500000000000000e+02 1.821120000000000081e-46
2.195000000000000000e+02 1.818630000000000009e-46
2.197500000000000000e+02 1.815960000000000168e-46
2.200000000000000000e+02 1.813410000000000043e-46
2.202500000000000000e+02 1.810900000000000084e-46
2.205000000000000000e+02 1.808209999999999965e-46
2.207500000000000000e+02 1.805919999999999942e-46
2.210000000000000000e+02 1.803279999999999932e-46
2.212500000000000000e+02 1.800559999999999981e-46
2.215000000000000000e+02 1.797999999999999913e-46
2.217500000000000000e+02 1.795429999999999900e-46
2.220000000000000000e+02 1.792970000000000050e-46
2.222500000000000000e+02 1.790369999999999817e-46
2.225000000000000000e+02 1.787750000000000084e-46
2.227500000000000000e+02 1.785110000000000074e-46
2.230000000000000000e+02 1.782680000000000056e-46
2.232500000000000000e+02 1.780090000000000156e-46
2.235000000000000000e+02 1.777409999999999981e-46
2.237500000000000000e+02 1.774670000000000142e-46
2.240000000000000000e+02 1.771970000000000079e-46
2.242500000000000000e+02 1.769299999999999848e-46
2.245000000000000000e+02 1.766919999999999939e-46
2.247500000000000000e+02 1.764250000000000097e-46
2.250000000000000000e+02 1.761449999999999816e-46
2.252500000000000000e+02 1.758809999999999806e-46
2.255000000000000000e+02 1.756219999999999906e-46
2.257500000000000000e+02 1.753569999999999952e-46
2.260000000000000000e+02 1.750980000000000051e-46
2.262500000000000000e+02 1.748130000000000050e-46
2.265000000000000000e+02 1.745509999999999928e-46
2.267500000000000000e+02 1.742789999999999977e-46
2.270000000000000000e+02 1.740109999999999996e-46
2.272500000000000000e+02 1.737509999999999957e-46
2.275000000000000000e+02 1.734810000000000089e-46
2.277500000000000000e+02 1.732159999999999940e-46
2.280000000000000000e+02 1.729390000000000075e-46
2.282500000000000000e+02 1.726790000000000036e-46
2.285000000000000000e+02 1.723889999999999925e-46
2.287500000000000000e+02 1.721160000000000029e-46
2.290000000000000000e+02 1.718450000000000022e-46
2.292500000000000000e+02 1.715719999999999933e-46
2.295000000000000000e+02 1.713279999999999971e-46
2.297500000000000000e+02 1.710399999999999943e-46
2.300000000000000000e+02 1.707819999999999986e-46
2.302500000000000000e+02 1.705230000000000086e-46
2.305000000000000000e+02 1.702560000000000049e-46
2.307500000000000000e+02 1.699670000000000077e-46
2.310000000000000000e+02 1.697200000000000088e-46
2.312500000000000000e+02 1.694409999999999945e-46
2.315000000000000000e+02 1.691659999999999968e-46
2.317500000000000000e+02 1.688989999999999931e-46
2.320000000000000000e+02 1.686230000000000009e-46
2.322500000000000000e+02 1.683370000000000064e-46
2.325000000000000000e+02 1.680460000000000009e-46
2.327500000000000000e+02 1.677689999999999948e-46
2.330000000000000000e+02 1.675049999999999939e-46
2.332500000000000000e+02 1.672280000000000073e-46
2.335000000000000000e+02 1.669629999999999925e-46
2.337500000000000000e+02 1.666830000000000032e-46
2.340000000000000000e+02 1.664269999999999964e-46
2.342500000000000000e+02 1.661440000000000045e-46
2.345000000000000000e+02 1.658739999999999982e-46
2.347500000000000000e+02 1.655889999999999980e-46
2.350000000000000000e+02 1.653119999999999920e-46
2.352500000000000000e+02 1.650429999999999995e-46
2.355000000000000000e+02 1.647750000000000015e-46
2.357500000000000000e+02 1.644909999999999957e-46
2.360000000000000000e+02 1.642190000000000006e-46
2.362500000000000000e+02 1.639479999999999999e-46
2.365000000000000000e+02 1.636629999999999997e-46
2.367500000000000000e+02 1.633959999999999961e-46
2.370000000000000000e+02 1.631330000000000089e-46
2.372500000000000000e+02 1.628700000000000024e-46
2.375000000000000000e+02 1.625780000000000025e-46
2.377500000000000000e+02 1.622909999999999941e-46
2.380000000000000000e+02 1.620320000000000040e-46
2.382500000000000000e+02 1.617750000000000028e-46
2.385000000000000000e+02 1.615259999999999956e-46
2.387500000000000000e+02 1.612369999999999984e-46
2.390000000000000000e+02 1.609449999999999985e-46
2.392500000000000000e+02 1.606790000000000087e-46
2.395000000000000000e+02 1.604029999999999971e-46
2.397500000000000000e+02 1.601340000000000046e-46
2.400000000000000000e+02 1.598560000000000042e-46
2.402500000000000000e+02 1.595880000000000062e-46
2.405000000000000000e+02 1.593100000000000057e-46
2.407500000000000000e+02 1.590190000000000002e-46
2.410000000000000000e+02 1.587260000000000059e-46
2.412500000000000000e+02 1.584559999999999996e-46
2.415000000000000000e+02 1.581989999999999984e-46
2.417500000000000000e+02 1.579429999999999915e-46
2.420000000000000000e+02 1.576859999999999903e-46
2.422500000000000000e+02 1.573920000000000016e-46
2.425000000000000000e+02 1.571410000000000057e-46
2.427500000000000000e+02 1.568549999999999916e-46
2.430000000000000000e+02 1.565750000000000024e-46
2.432500000000000000e+02 1.563200000000000094e-46
2.435000000000000000e+02 1.560770000000000076e-46
2.437500000000000000e+02 1.558160000000000093e-46
2.440000000000000000e+02 1.555390000000000033e-46
2.442500000000000000e+02 1.552719999999999996e-46
2.445000000000000000e+02 1.550049999999999960e-46
2.447500000000000000e+02 1.547439999999999977e-46
2.450000000000000000e+02 1.544680000000000055e-46
2.452500000000000000e+02 1.541819999999999915e-46
2.455000000000000000e+02 1.539260000000000041e-46
2.457500000000000000e+02 1.536760000000000026e-46
2.460000000000000000e+02 1.534220000000000040e-46
2.462500000000000000e+02 1.531680000000000054e-46
2.465000000000000000e+02 1.529490000000000055e-46
2.467500000000000000e+02 1.526719999999999995e-46
2.470000000000000000e+02 1.524259999999999950e-46
2.472500000000000000e+02 1.521609999999999996e-46
2.475000000000000000e+02 1.519340000000000056e-46
2.477500000000000000e+02 1.516919999999999982e-46
2.480000000000000000e+02 1.514340000000000026e-46
2.482500000000000000e+02 1.511639999999999963e-46
2.485000000000000000e+02 1.509179999999999918e-46
2.487500000000000000e+02 1.506769999999999983e-46
2.490000000000000000e+02 1.504050000000000032e-46
2.492500000000000000e+02 1.501440000000000049e-46
2.495000000000000000e+02 1.498919999999999951e-46
2.497500000000000000e+02 1.496559999999999930e-46
2.500000000000000000e+02 1.494210000000000048e-46
2.502500000000000000e+02 1.491889999999999999e-46
2.505000000000000000e+02 1.489000000000000026e-46
2.507500000000000000e+02 1.486640000000000006e-46
2.510000000000000000e+02 1.483860000000000001e-46
2.512500000000000000e+02 1.481219999999999992e-46
2.515000000000000000e+02 1.478670000000000062e-46
2.517500000000000000e+02 1.476249999999999988e-46
2.520000000000000000e+02 1.473730000000000085e-46
2.522500000000000000e+02 1.471249999999999958e-46
2.525000000000000000e+02 1.468630000000000031e-46
2.527500000000000000e+02 1.466009999999999909e-46
2.530000000000000000e+02 1.463480000000000062e-46
2.532500000000000000e+02 1.461039999999999905e-46
2.535000000000000000e+02 1.458529999999999946e-46
2.537500000000000000e+02 1.456169999999999926e-46
2.540000000000000000e+02 1.453829999999999988e-46
2.542500000000000000e+02 1.451490000000000050e-46
2.545000000000000000e+02 1.449170000000000000e-46
2.547500000000000000e+02 1.446730000000000038e-46
2.550000000000000000e+02 1.444430000000000071e-46
2.552500000000000000e+02 1.442199999999999906e-46
