0.000000000000000000e+00 5.000000000000000000e-01
2.500000000000000000e-01 5.000000000000000000e-01
5.000000000000000000e-01 5.000000000000000000e-01
7.500000000000000000e-01 5.000000000000000000e-01
1.000000000000000000e+00 5.000000000000000000e-01
1.250000000000000000e+00 5.000000000000000000e-01
1.500000000000000000e+00 5.000000000000000000e-01
1.750000000000000000e+00 5.000000000000000000e-01
2.000000000000000000e+00 5.000000000000000000e-01
2.250000000000000000e+00 5.000000000000000000e-01
2.500000000000000000e+00 5.000000000000000000e-01
2.750000000000000000e+00 5.000000000000000000e-01
3.000000000000000000e+00 5.000000000000000000e-01
3.250000000000000000e+00 5.000000000000000000e-01
3.500000000000000000e+00 5.000000000000000000e-01
3.750000000000000000e+00 5.000000000000000000e-01
4.000000000000000000e+00 5.000000000000000000e-01
4.250000000000000000e+00 5.000000000000000000e-01
4.500000000000000000e+00 5.000000000000000000e-01
4.750000000000000000e+00 5.000000000000000000e-01
5.000000000000000000e+00 5.000000000000000000e-01
5.250000000000000000e+00 5.000000000000000000e-01
5.500000000000000000e+00 5.000000000000000000e-01
5.750000000000000000e+00 5.000000000000000000e-01
6.000000000000000000e+00 5.000000000000000000e-01
6.250000000000000000e+00 5.000000000000000000e-01
6.500000000000000000e+00 5.000000000000000000e-01
6.750000000000000000e+00 5.000000000000000000e-01
7.000000000000000000e+00 5.000000000000000000e-01
7.250000000000000000e+00 5.000000000000000000e-01
7.500000000000000000e+00 5.000000000000000000e-01
7.750000000000000000e+00 5.000000000000000000e-01
8.000000000000000000e+00 5.000000000000000000e-01
8.250000000000000000e+00 5.000000000000000000e-01
8.500000000000000000e+00 5.000000000000000000e-01
8.750000000000000000e+00 5.000000000000000000e-01
9.000000000000000000e+00 5.000000000000000000e-01
9.250000000000000000e+00 5.000000000000000000e-01
9.500000000000000000e+00 5.000000000000000000e-01
9.750000000000000000e+00 5.000000000000000000e-01
1.000000000000000000e+01 5.000000000000000000e-01
1.025000000000000000e+01 5.000000000000000000e-01
1.050000000000000000e+01 5.000000000000000000e-01
1.075000000000000000e+01 5.000000000000000000e-01
1.100000000000000000e+01 5.000000000000000000e-01
1.125000000000000000e+01 5.000000000000000000e-01
1.150000000000000000e+01 5.000000000000000000e-01
1.175000000000000000e+01 5.000000000000000000e-01
1.200000000000000000e+01 5.000000000000000000e-01
1.225000000000000000e+01 5.000000000000000000e-01
1.250000000000000000e+01 5.000000000000000000e-01
1.275000000000000000e+01 5.000000000000000000e-01
1.300000000000000000e+01 5.000000000000000000e-01
1.325000000000000000e+01 5.000000000000000000e-01
1.350000000000000000e+01 5.000000000000000000e-01
1.375000000000000000e+01 5.000000000000000000e-01
1.400000000000000000e+01 5.000000000000000000e-01
1.425000000000000000e+01 5.000000000000000000e-01
1.450000000000000000e+01 5.000000000000000000e-01
1.475000000000000000e+01 5.000000000000000000e-01
1.500000000000000000e+01 5.000000000000000000e-01
1.525000000000000000e+01 5.000000000000000000e-01
1.550000000000000000e+01 5.000000000000000000e-01
1.575000000000000000e+01 5.000000000000000000e-01
1.600000000000000000e+01 2.231809999999999921e-43
1.625000000000000000e+01 2.531220000000000146e-43
1.650000000000000000e+01 2.869860000000000055e-43
1.675000000000000000e+01 3.241149999999999943e-43
1.700000000000000000e+01 3.632350000000000020e-43
1.725000000000000000e+01 4.036809999999999717e-43
1.750000000000000000e+01 4.462810000000000354e-43
1.775000000000000000e+01 4.915150000000000166e-43
1.800000000000000000e+01 5.367860000000000286e-43
1.825000000000000000e+01 5.793139999999999873e-43
1.850000000000000000e+01 6.177330000000000051e-43
1.875000000000000000e+01 6.518060000000000252e-43
1.900000000000000000e+01 6.760020000000000048e-43
1.925000000000000000e+01 6.892949999999999813e-43
1.950000000000000000e+01 6.900139999999999776e-43
1.975000000000000000e+01 6.775730000000000087e-43
2.000000000000000000e+01 6.513080000000000359e-43
2.025000000000000000e+01 6.116289999999999731e-43
2.050000000000000000e+01 5.638399999999999870e-43
2.075000000000000000e+01 5.101059999999999717e-43
2.100000000000000000e+01 4.539700000000000054e-43
2.125000000000000000e+01 3.984669999999999962e-43
2.150000000000000000e+01 3.454450000000000101e-43
2.175000000000000000e+01 2.959879999999999815e-43
2.200000000000000000e+01 2.503880000000000043e-43
2.225000000000000000e+01 2.088820000000000157e-43
2.250000000000000000e+01 1.724999999999999910e-43
2.275000000000000000e+01 1.408260000000000071e-43
2.300000000000000000e+01 1.139919999999999978e-43
2.325000000000000000e+01 9.173930000000000835e-44
2.350000000000000000e+01 7.340299999999999552e-44
2.375000000000000000e+01 5.866950000000000126e-44
2.400000000000000000e+01 4.681070000000000243e-44
2.425000000000000000e+01 3.742269999999999789e-44
2.450000000000000000e+01 2.995300000000000017e-44
2.475000000000000000e+01 2.404009999999999992e-44
2.500000000000000000e+01 1.936829999999999916e-44
2.525000000000000000e+01 1.569510000000000107e-44
2.550000000000000000e+01 1.275700000000000066e-44
2.575000000000000000e+01 1.043260000000000003e-44
2.600000000000000000e+01 8.535270000000000044e-45
2.625000000000000000e+01 7.057400000000000018e-45
2.650000000000000000e+01 5.905179999999999878e-45
2.675000000000000000e+01 5.161259999999999907e-45
2.700000000000000000e+01 4.995779999999999727e-45
2.725000000000000000e+01 7.135489999999999676e-45
2.750000000000000000e+01 9.600450000000000504e-44
2.775000000000000000e+01 2.843419999999999870e-43
2.800000000000000000e+01 7.915330000000000313e-45
2.825000000000000000e+01 2.822780000000000268e-45
2.850000000000000000e+01 2.153430000000000044e-45
2.875000000000000000e+01 1.660739999999999994e-45
2.900000000000000000e+01 1.343539999999999972e-45
2.925000000000000000e+01 1.147790000000000032e-45
2.950000000000000000e+01 1.027399999999999932e-45
2.975000000000000000e+01 9.466619999999999986e-46
3.000000000000000000e+01 8.837119999999999599e-46
3.025000000000000000e+01 8.320910000000000141e-46
3.050000000000000000e+01 7.850570000000000755e-46
3.075000000000000000e+01 7.440800000000000098e-46
3.100000000000000000e+01 7.072119999999999809e-46
3.125000000000000000e+01 6.748220000000000244e-46
3.150000000000000000e+01 6.441800000000000120e-46
3.175000000000000000e+01 6.163249999999999648e-46
3.200000000000000000e+01 5.897610000000000069e-46
3.225000000000000000e+01 5.648150000000000202e-46
3.250000000000000000e+01 5.422910000000000183e-46
3.275000000000000000e+01 5.208650000000000187e-46
3.300000000000000000e+01 5.010419999999999965e-46
3.325000000000000000e+01 4.828120000000000075e-46
3.350000000000000000e+01 4.656989999999999923e-46
3.375000000000000000e+01 4.496610000000000303e-46
3.400000000000000000e+01 4.343390000000000297e-46
3.425000000000000000e+01 4.196990000000000251e-46
3.450000000000000000e+01 4.058449999999999792e-46
3.475000000000000000e+01 3.930030000000000278e-46
3.500000000000000000e+01 3.811870000000000148e-46
3.525000000000000000e+01 3.696269999999999698e-46
3.550000000000000000e+01 3.591190000000000288e-46
3.575000000000000000e+01 3.493229999999999938e-46
3.600000000000000000e+01 3.397149999999999960e-46
3.625000000000000000e+01 3.306019999999999903e-46
3.650000000000000000e+01 3.221180000000000049e-46
3.675000000000000000e+01 3.139070000000000091e-46
3.700000000000000000e+01 3.061949999999999829e-46
3.725000000000000000e+01 2.986880000000000156e-46
3.750000000000000000e+01 2.916530000000000135e-46
3.775000000000000000e+01 2.848159999999999926e-46
3.800000000000000000e+01 2.784259999999999991e-46
3.825000000000000000e+01 2.722249999999999983e-46
3.850000000000000000e+01 2.661079999999999942e-46
3.875000000000000000e+01 2.602510000000000136e-46
3.900000000000000000e+01 2.547170000000000149e-46
3.925000000000000000e+01 2.493809999999999976e-46
3.950000000000000000e+01 2.440909999999999951e-46
3.975000000000000000e+01 2.390719999999999934e-46
4.000000000000000000e+01 2.342150000000000187e-46
4.025000000000000000e+01 2.294830000000000060e-46
4.050000000000000000e+01 2.248889999999999990e-46
4.075000000000000000e+01 2.204860000000000125e-46
4.100000000000000000e+01 2.160930000000000090e-46
4.125000000000000000e+01 2.118679999999999989e-46
4.150000000000000000e+01 2.077590000000000011e-46
4.175000000000000000e+01 2.037180000000000119e-46
4.200000000000000000e+01 1.998429999999999884e-46
4.225000000000000000e+01 1.960780000000000107e-46
4.250000000000000000e+01 1.924430000000000059e-46
4.275000000000000000e+01 1.888659999999999876e-46
4.300000000000000000e+01 1.853160000000000128e-46
4.325000000000000000e+01 1.819030000000000105e-46
4.350000000000000000e+01 1.784950000000000191e-46
4.375000000000000000e+01 1.753019999999999917e-46
4.400000000000000000e+01 1.722030000000000024e-46
4.425000000000000000e+01 1.691270000000000010e-46
4.450000000000000000e+01 1.661319999999999938e-46
4.475000000000000000e+01 1.632000000000000036e-46
4.500000000000000000e+01 1.602980000000000011e-46
4.525000000000000000e+01 1.575000000000000002e-46
4.550000000000000000e+01 1.548279999999999945e-46
4.575000000000000000e+01 1.522220000000000084e-46
4.600000000000000000e+01 1.496349999999999939e-46
4.625000000000000000e+01 1.471620000000000027e-46
4.650000000000000000e+01 1.446959999999999918e-46
4.675000000000000000e+01 1.422969999999999950e-46
4.700000000000000000e+01 1.399639999999999985e-46
4.725000000000000000e+01 1.376699999999999977e-46
4.750000000000000000e+01 1.354650000000000046e-46
4.775000000000000000e+01 1.333319999999999976e-46
4.800000000000000000e+01 1.312459999999999999e-46
4.825000000000000000e+01 1.292080000000000059e-46
4.850000000000000000e+01 1.272179999999999962e-46
4.875000000000000000e+01 1.252630000000000046e-46
4.900000000000000000e+01 1.234110000000000007e-46
4.925000000000000000e+01 1.215769999999999933e-46
4.950000000000000000e+01 1.197460000000000081e-46
4.975000000000000000e+01 1.179730000000000095e-46
5.000000000000000000e+01 1.162339999999999957e-46
5.025000000000000000e+01 1.145230000000000003e-46
5.050000000000000000e+01 1.128440000000000008e-46
5.075000000000000000e+01 1.112149999999999939e-46
5.100000000000000000e+01 1.096199999999999913e-46
5.125000000000000000e+01 1.080600000000000067e-46
5.150000000000000000e+01 1.065450000000000038e-46
5.175000000000000000e+01 1.050430000000000059e-46
5.200000000000000000e+01 1.035980000000000003e-46
5.225000000000000000e+01 1.021720000000000050e-46
5.250000000000000000e+01 1.008179999999999959e-46
5.275000000000000000e+01 9.946130000000000576e-47
5.300000000000000000e+01 9.815100000000000107e-47
5.325000000000000000e+01 9.685780000000000572e-47
5.350000000000000000e+01 9.558919999999999720e-47
5.375000000000000000e+01 9.434119999999999789e-47
5.400000000000000000e+01 9.312089999999999530e-47
5.425000000000000000e+01 9.194809999999999922e-47
5.450000000000000000e+01 9.078100000000000625e-47
5.475000000000000000e+01 8.966600000000000184e-47
5.500000000000000000e+01 8.854360000000000771e-47
5.525000000000000000e+01 8.744420000000000159e-47
5.550000000000000000e+01 8.639190000000000226e-47
5.575000000000000000e+01 8.535950000000000051e-47
5.600000000000000000e+01 8.434309999999999676e-47
5.625000000000000000e+01 8.333729999999999982e-47
5.650000000000000000e+01 8.235100000000000074e-47
5.675000000000000000e+01 8.140479999999999902e-47
5.700000000000000000e+01 8.047500000000000471e-47
5.725000000000000000e+01 7.956199999999999810e-47
5.750000000000000000e+01 7.866859999999999657e-47
5.775000000000000000e+01 7.778939999999999921e-47
5.800000000000000000e+01 7.694419999999999638e-47
5.825000000000000000e+01 7.609750000000000195e-47
5.850000000000000000e+01 7.529009999999999573e-47
5.875000000000000000e+01 7.449110000000000279e-47
5.900000000000000000e+01 7.369660000000000413e-47
5.925000000000000000e+01 7.291049999999999931e-47
5.950000000000000000e+01 7.213829999999999646e-47
5.975000000000000000e+01 7.138600000000000090e-47
6.000000000000000000e+01 7.064069999999999534e-47
6.025000000000000000e+01 6.992450000000000006e-47
6.050000000000000000e+01 6.921960000000000379e-47
6.075000000000000000e+01 6.852589999999999932e-47
6.100000000000000000e+01 6.784419999999999577e-47
6.125000000000000000e+01 6.719660000000000369e-47
6.150000000000000000e+01 6.655520000000000220e-47
6.175000000000000000e+01 6.591180000000000218e-47
6.200000000000000000e+01 6.529529999999999946e-47
6.225000000000000000e+01 6.468130000000000220e-47
6.250000000000000000e+01 6.408889999999999884e-47
6.275000000000000000e+01 6.351680000000000247e-47
6.300000000000000000e+01 6.294579999999999800e-47
6.325000000000000000e+01 6.237549999999999545e-47
6.350000000000000000e+01 6.182439999999999828e-47
6.375000000000000000e+01 6.128439999999999540e-47
6.400000000000000000e+01 6.075870000000000392e-47
6.425000000000000000e+01 6.023559999999999594e-47
6.450000000000000000e+01 5.972799999999999849e-47
6.475000000000000000e+01 5.923630000000000153e-47
6.500000000000000000e+01 5.875459999999999725e-47
6.525000000000000000e+01 5.828840000000000348e-47
6.550000000000000000e+01 5.783389999999999871e-47
6.575000000000000000e+01 5.737189999999999700e-47
6.600000000000000000e+01 5.692189999999999623e-47
6.625000000000000000e+01 5.648910000000000229e-47
6.650000000000000000e+01 5.605420000000000260e-47
6.675000000000000000e+01 5.563939999999999547e-47
6.700000000000000000e+01 5.522769999999999822e-47
6.725000000000000000e+01 5.481550000000000377e-47
6.750000000000000000e+01 5.441950000000000230e-47
6.775000000000000000e+01 5.402620000000000129e-47
6.800000000000000000e+01 5.364480000000000371e-47
6.825000000000000000e+01 5.326930000000000424e-47
6.850000000000000000e+01 5.289789999999999933e-47
6.875000000000000000e+01 5.254189999999999772e-47
6.900000000000000000e+01 5.219289999999999584e-47
6.925000000000000000e+01 5.184310000000000428e-47
6.950000000000000000e+01 5.150049999999999771e-47
6.975000000000000000e+01 5.117039999999999899e-47
7.000000000000000000e+01 5.084140000000000190e-47
7.025000000000000000e+01 5.051680000000000159e-47
7.050000000000000000e+01 5.020180000000000396e-47
7.075000000000000000e+01 4.989390000000000356e-47
7.100000000000000000e+01 4.958950000000000302e-47
7.125000000000000000e+01 4.929860000000000475e-47
7.150000000000000000e+01 4.901020000000000221e-47
7.175000000000000000e+01 4.872950000000000132e-47
7.200000000000000000e+01 4.844440000000000365e-47
7.225000000000000000e+01 4.817599999999999618e-47
7.250000000000000000e+01 4.790270000000000445e-47
7.275000000000000000e+01 4.763929999999999817e-47
7.300000000000000000e+01 4.738140000000000002e-47
7.325000000000000000e+01 4.712430000000000128e-47
7.350000000000000000e+01 4.688390000000000246e-47
7.375000000000000000e+01 4.663930000000000185e-47
7.400000000000000000e+01 4.639930000000000273e-47
7.425000000000000000e+01 4.616330000000000068e-47
7.450000000000000000e+01 4.592819999999999554e-47
7.475000000000000000e+01 4.569460000000000145e-47
7.500000000000000000e+01 4.546940000000000121e-47
7.525000000000000000e+01 4.525099999999999598e-47
7.550000000000000000e+01 4.504490000000000362e-47
7.575000000000000000e+01 4.483499999999999945e-47
7.600000000000000000e+01 4.462879999999999987e-47
7.625000000000000000e+01 4.442440000000000383e-47
7.650000000000000000e+01 4.422330000000000294e-47
7.675000000000000000e+01 4.402849999999999986e-47
7.700000000000000000e+01 4.383559999999999782e-47
7.725000000000000000e+01 4.364580000000000081e-47
7.750000000000000000e+01 4.345579999999999907e-47
7.775000000000000000e+01 4.326999999999999912e-47
7.800000000000000000e+01 4.308909999999999801e-47
7.825000000000000000e+01 4.291400000000000237e-47
7.850000000000000000e+01 4.274189999999999968e-47
7.875000000000000000e+01 4.257740000000000113e-47
7.900000000000000000e+01 4.241370000000000200e-47
7.925000000000000000e+01 4.224999999999999801e-47
7.950000000000000000e+01 4.209409999999999802e-47
7.975000000000000000e+01 4.193870000000000010e-47
8.000000000000000000e+01 4.178180000000000084e-47
8.025000000000000000e+01 4.163029999999999763e-47
8.050000000000000000e+01 4.149110000000000242e-47
8.075000000000000000e+01 4.134440000000000055e-47
8.100000000000000000e+01 4.120269999999999988e-47
8.125000000000000000e+01 4.106839999999999865e-47
8.150000000000000000e+01 4.093140000000000183e-47
8.175000000000000000e+01 4.080259999999999899e-47
8.200000000000000000e+01 4.067380000000000102e-47
8.225000000000000000e+01 4.055030000000000160e-47
8.250000000000000000e+01 4.042459999999999892e-47
8.275000000000000000e+01 4.030080000000000215e-47
8.300000000000000000e+01 4.018300000000000098e-47
8.325000000000000000e+01 4.006799999999999775e-47
8.350000000000000000e+01 3.994819999999999805e-47
8.375000000000000000e+01 3.983570000000000028e-47
8.400000000000000000e+01 3.972710000000000209e-47
8.425000000000000000e+01 3.961960000000000066e-47
8.450000000000000000e+01 3.951459999999999983e-47
8.475000000000000000e+01 3.940959999999999900e-47
8.500000000000000000e+01 3.930239999999999979e-47
8.525000000000000000e+01 3.920939999999999988e-47
8.550000000000000000e+01 3.911150000000000114e-47
8.575000000000000000e+01 3.901360000000000240e-47
8.600000000000000000e+01 3.891700000000000028e-47
8.625000000000000000e+01 3.882909999999999907e-47
8.650000000000000000e+01 3.874180000000000228e-47
8.675000000000000000e+01 3.865789999999999814e-47
8.700000000000000000e+01 3.857379999999999901e-47
8.725000000000000000e+01 3.848950000000000002e-47
8.750000000000000000e+01 3.840939999999999796e-47
8.775000000000000000e+01 3.833519999999999887e-47
8.800000000000000000e+01 3.825380000000000019e-47
8.825000000000000000e+01 3.817690000000000064e-47
8.850000000000000000e+01 3.810390000000000066e-47
8.875000000000000000e+01 3.803590000000000188e-47
8.900000000000000000e+01 3.796640000000000178e-47
8.925000000000000000e+01 3.789699999999999916e-47
8.950000000000000000e+01 3.783329999999999966e-47
8.975000000000000000e+01 3.776619999999999779e-47
9.000000000000000000e+01 3.770200000000000109e-47
9.025000000000000000e+01 3.764329999999999793e-47
9.050000000000000000e+01 3.758360000000000036e-47
9.075000000000000000e+01 3.752550000000000162e-47
9.100000000000000000e+01 3.746969999999999876e-47
9.125000000000000000e+01 3.741359999999999855e-47
9.150000000000000000e+01 3.735870000000000233e-47
9.175000000000000000e+01 3.730229999999999991e-47
9.200000000000000000e+01 3.725240000000000002e-47
9.225000000000000000e+01 3.719729999999999908e-47
9.250000000000000000e+01 3.715229999999999803e-47
9.275000000000000000e+01 3.710659999999999992e-47
9.300000000000000000e+01 3.706279999999999800e-47
9.325000000000000000e+01 3.701390000000000223e-47
9.350000000000000000e+01 3.696409999999999984e-47
9.375000000000000000e+01 3.692580000000000117e-47
9.400000000000000000e+01 3.688139999999999968e-47
9.425000000000000000e+01 3.684139999999999983e-47
9.450000000000000000e+01 3.680480000000000235e-47
9.475000000000000000e+01 3.676439999999999792e-47
9.500000000000000000e+01 3.673050000000000089e-47
9.525000000000000000e+01 3.669670000000000136e-47
9.550000000000000000e+01 3.666100000000000078e-47
9.575000000000000000e+01 3.662299999999999946e-47
9.600000000000000000e+01 3.659429999999999862e-47
9.625000000000000000e+01 3.655879999999999790e-47
9.650000000000000000e+01 3.652490000000000087e-47
9.675000000000000000e+01 3.649600000000000017e-47
9.700000000000000000e+01 3.646610000000000021e-47
9.725000000000000000e+01 3.643899999999999820e-47
9.750000000000000000e+01 3.641210000000000089e-47
9.775000000000000000e+01 3.638889999999999845e-47
9.800000000000000000e+01 3.636450000000000175e-47
9.825000000000000000e+01 3.633819999999999915e-47
9.850000000000000000e+01 3.631589999999999848e-47
9.875000000000000000e+01 3.629179999999999912e-47
9.900000000000000000e+01 3.626840000000000169e-47
9.925000000000000000e+01 3.624490000000000190e-47
9.950000000000000000e+01 3.622820000000000198e-47
9.975000000000000000e+01 3.620280000000000115e-47
1.000000000000000000e+02 3.618039999999999812e-47
1.002500000000000000e+02 3.615939999999999893e-47
1.005000000000000000e+02 3.614360000000000079e-47
1.007500000000000000e+02 3.612940000000000147e-47
1.010000000000000000e+02 3.611159999999999993e-47
1.012500000000000000e+02 3.609520000000000223e-47
1.015000000000000000e+02 3.608369999999999850e-47
1.017500000000000000e+02 3.606779999999999800e-47
1.020000000000000000e+02 3.605740000000000076e-47
1.022500000000000000e+02 3.604699999999999866e-47
1.025000000000000000e+02 3.603609999999999936e-47
1.027500000000000000e+02 3.602509999999999770e-47
1.030000000000000000e+02 3.601290000000000178e-47
1.032500000000000000e+02 3.600179999999999776e-47
1.035000000000000000e+02 3.599549999999999995e-47
1.037500000000000000e+02 3.598199999999999769e-47
1.040000000000000000e+02 3.596819999999999808e-47
1.042500000000000000e+02 3.595680000000000157e-47
1.045000000000000000e+02 3.595020000000000155e-47
1.047500000000000000e+02 3.594480000000000064e-47
1.050000000000000000e+02 3.593470000000000075e-47
1.052500000000000000e+02 3.592540000000000028e-47
1.055000000000000000e+02 3.591539999999999788e-47
1.057500000000000000e+02 3.590920000000000243e-47
1.060000000000000000e+02 3.590070000000000136e-47
1.062500000000000000e+02 3.589579999999999766e-47
1.065000000000000000e+02 3.589390000000000148e-47
1.067500000000000000e+02 3.588730000000000146e-47
1.070000000000000000e+02 3.588509999999999821e-47
1.072500000000000000e+02 3.588210000000000041e-47
1.075000000000000000e+02 3.587539999999999803e-47
1.077500000000000000e+02 3.586969999999999977e-47
1.080000000000000000e+02 3.586190000000000063e-47
1.082500000000000000e+02 3.585680000000000194e-47
1.085000000000000000e+02 3.585169999999999838e-47
1.087500000000000000e+02 3.584790000000000117e-47
1.090000000000000000e+02 3.584580000000000028e-47
1.092500000000000000e+02 3.583970000000000232e-47
1.095000000000000000e+02 3.583539999999999818e-47
1.097500000000000000e+02 3.582910000000000036e-47
1.100000000000000000e+02 3.582440000000000138e-47
1.102500000000000000e+02 3.581700000000000194e-47
1.105000000000000000e+02 3.580699999999999954e-47
1.107500000000000000e+02 3.580409999999999924e-47
1.110000000000000000e+02 3.579860000000000084e-47
1.112500000000000000e+02 3.578910000000000051e-47
1.115000000000000000e+02 3.578409999999999931e-47
1.117500000000000000e+02 3.578039999999999959e-47
1.120000000000000000e+02 3.577530000000000090e-47
1.122500000000000000e+02 3.577229999999999824e-47
1.125000000000000000e+02 3.576739999999999940e-47
1.127500000000000000e+02 3.576299999999999776e-47
1.130000000000000000e+02 3.575780000000000157e-47
1.132500000000000000e+02 3.575169999999999875e-47
1.135000000000000000e+02 3.574910000000000066e-47
1.137500000000000000e+02 3.574400000000000196e-47
1.140000000000000000e+02 3.574030000000000224e-47
1.142500000000000000e+02 3.573809999999999899e-47
1.145000000000000000e+02 3.573280000000000045e-47
1.147500000000000000e+02 3.572699999999999984e-47
1.150000000000000000e+02 3.572000000000000011e-47
1.152500000000000000e+02 3.571559999999999847e-47
1.155000000000000000e+02 3.571200000000000111e-47
1.157500000000000000e+02 3.570890000000000095e-47
1.160000000000000000e+02 3.570369999999999990e-47
1.162500000000000000e+02 3.569690000000000002e-47
1.165000000000000000e+02 3.568899999999999852e-47
1.167500000000000000e+02 3.568259999999999835e-47
1.170000000000000000e+02 3.567630000000000053e-47
1.172500000000000000e+02 3.567069999999999978e-47
1.175000000000000000e+02 3.566440000000000196e-47
1.177500000000000000e+02 3.565490000000000163e-47
1.180000000000000000e+02 3.564620000000000072e-47
1.182500000000000000e+02 3.563989999999999804e-47
1.185000000000000000e+02 3.563289999999999831e-47
1.187500000000000000e+02 3.562839999999999918e-47
1.190000000000000000e+02 3.562049999999999768e-47
1.192500000000000000e+02 3.561869999999999900e-47
1.195000000000000000e+02 3.561070000000000000e-47
1.197500000000000000e+02 3.560150000000000188e-47
1.200000000000000000e+02 3.559769999999999980e-47
1.202500000000000000e+02 3.559400000000000008e-47
1.205000000000000000e+02 3.558560000000000138e-47
1.207500000000000000e+02 3.557840000000000179e-47
1.210000000000000000e+02 3.557439999999999986e-47
1.212500000000000000e+02 3.557050000000000029e-47
1.215000000000000000e+02 3.556520000000000174e-47
1.217500000000000000e+02 3.556009999999999819e-47
1.220000000000000000e+02 3.554819999999999962e-47
1.222500000000000000e+02 3.554179999999999945e-47
1.225000000000000000e+02 3.552609999999999880e-47
1.227500000000000000e+02 3.551400000000000038e-47
1.230000000000000000e+02 3.550640000000000108e-47
1.232500000000000000e+02 3.549829999999999973e-47
1.235000000000000000e+02 3.549119999999999764e-47
1.237500000000000000e+02 3.548100000000000025e-47
1.240000000000000000e+02 3.547090000000000036e-47
1.242500000000000000e+02 3.546170000000000225e-47
1.245000000000000000e+02 3.544870000000000205e-47
1.247500000000000000e+02 3.543619999999999906e-47
1.250000000000000000e+02 3.542560000000000196e-47
1.252500000000000000e+02 3.541489999999999765e-47
1.255000000000000000e+02 3.540239999999999952e-47
1.257500000000000000e+02 3.539019999999999874e-47
1.260000000000000000e+02 3.537719999999999854e-47
1.262500000000000000e+02 3.536729999999999851e-47
1.265000000000000000e+02 3.535380000000000111e-47
1.267500000000000000e+02 3.534140000000000048e-47
1.270000000000000000e+02 3.532939999999999955e-47
1.272500000000000000e+02 3.531249999999999978e-47
1.275000000000000000e+02 3.529859999999999781e-47
1.277500000000000000e+02 3.529039999999999896e-47
1.280000000000000000e+02 3.527779999999999847e-47
1.282500000000000000e+02 3.526499999999999813e-47
1.285000000000000000e+02 3.525489999999999824e-47
1.287500000000000000e+02 3.524189999999999804e-47
1.290000000000000000e+02 3.523039999999999918e-47
1.292500000000000000e+02 3.521890000000000032e-47
1.295000000000000000e+02 3.520649999999999968e-47
1.297500000000000000e+02 3.519540000000000053e-47
1.300000000000000000e+02 3.518089999999999900e-47
1.302500000000000000e+02 3.516789999999999880e-47
1.305000000000000000e+02 3.515389999999999934e-47
1.307500000000000000e+02 3.514379999999999945e-47
1.310000000000000000e+02 3.512749999999999924e-47
1.312500000000000000e+02 3.511589999999999802e-47
1.315000000000000000e+02 3.509890000000000076e-47
1.317500000000000000e+02 3.508559999999999835e-47
1.320000000000000000e+02 3.507319999999999772e-47
1.322500000000000000e+02 3.506240000000000077e-47
1.325000000000000000e+02 3.504530000000000115e-47
1.327500000000000000e+02 3.502860000000000123e-47
1.330000000000000000e+02 3.501669999999999780e-47
1.332500000000000000e+02 3.499669999999999788e-47
1.335000000000000000e+02 3.498120000000000194e-47
1.337500000000000000e+02 3.496450000000000203e-47
1.340000000000000000e+02 3.494909999999999873e-47
1.342500000000000000e+02 3.492960000000000087e-47
1.345000000000000000e+02 3.491580000000000126e-47
1.347500000000000000e+02 3.489589999999999883e-47
1.350000000000000000e+02 3.487649999999999846e-47
1.352500000000000000e+02 3.485839999999999957e-47
1.355000000000000000e+02 3.484189999999999951e-47
1.357500000000000000e+02 3.482570000000000166e-47
1.360000000000000000e+02 3.480679999999999850e-47
1.362500000000000000e+02 3.479069999999999815e-47
1.365000000000000000e+02 3.477390000000000074e-47
1.367500000000000000e+02 3.475520000000000229e-47
1.370000000000000000e+02 3.473820000000000016e-47
1.372500000000000000e+02 3.471910000000000201e-47
1.375000000000000000e+02 3.470010000000000135e-47
1.377500000000000000e+02 3.467939999999999950e-47
1.380000000000000000e+02 3.466199999999999767e-47
1.382500000000000000e+02 3.464329999999999922e-47
1.385000000000000000e+02 3.462219999999999767e-47
1.387500000000000000e+02 3.460300000000000202e-47
1.390000000000000000e+02 3.458269999999999988e-47
1.392500000000000000e+02 3.456199999999999804e-47
1.395000000000000000e+02 3.454150000000000091e-47
1.397500000000000000e+02 3.452010000000000201e-47
1.400000000000000000e+02 3.449970000000000237e-47
1.402500000000000000e+02 3.447969999999999759e-47
1.405000000000000000e+02 3.445900000000000060e-47
1.407500000000000000e+02 3.443920000000000053e-47
1.410000000000000000e+02 3.441550000000000088e-47
1.412500000000000000e+02 3.439459999999999919e-47
1.415000000000000000e+02 3.437300000000000043e-47
1.417500000000000000e+02 3.435379999999999992e-47
1.420000000000000000e+02 3.433269999999999837e-47
1.422500000000000000e+02 3.431089999999999976e-47
1.425000000000000000e+02 3.429030000000000028e-47
1.427500000000000000e+02 3.426930000000000108e-47
1.430000000000000000e+02 3.424709999999999791e-47
1.432500000000000000e+02 3.422729999999999783e-47
1.435000000000000000e+02 3.420449999999999996e-47
1.437500000000000000e+02 3.418270000000000135e-47
1.440000000000000000e+02 3.416129999999999759e-47
1.442500000000000000e+02 3.413710000000000074e-47
1.445000000000000000e+02 3.411619999999999904e-47
1.447500000000000000e+02 3.409050000000000086e-47
1.450000000000000000e+02 3.406899999999999960e-47
1.452500000000000000e+02 3.404359999999999877e-47
1.455000000000000000e+02 3.402020000000000134e-47
1.457500000000000000e+02 3.399630000000000184e-47
1.460000000000000000e+02 3.397440000000000088e-47
1.462500000000000000e+02 3.395110000000000094e-47
1.465000000000000000e+02 3.392680000000000173e-47
1.467500000000000000e+02 3.390160000000000075e-47
1.470000000000000000e+02 3.388049999999999920e-47
1.472500000000000000e+02 3.385569999999999793e-47
1.475000000000000000e+02 3.382929999999999784e-47
1.477500000000000000e+02 3.380359999999999966e-47
1.480000000000000000e+02 3.377830000000000118e-47
1.482500000000000000e+02 3.375310000000000021e-47
1.485000000000000000e+02 3.372709999999999982e-47
1.487500000000000000e+02 3.369990000000000030e-47
1.490000000000000000e+02 3.367079999999999975e-47
1.492500000000000000e+02 3.364710000000000011e-47
1.495000000000000000e+02 3.362059999999999765e-47
1.497500000000000000e+02 3.359700000000000037e-47
1.500000000000000000e+02 3.357210000000000160e-47
1.502500000000000000e+02 3.354450000000000238e-47
1.505000000000000000e+02 3.351959999999999875e-47
1.507500000000000000e+02 3.349219999999999939e-47
1.510000000000000000e+02 3.346610000000000150e-47
1.512500000000000000e+02 3.344189999999999979e-47
1.515000000000000000e+02 3.341560000000000205e-47
1.517500000000000000e+02 3.338819999999999783e-47
1.520000000000000000e+02 3.336139999999999802e-47
1.522500000000000000e+02 3.333580000000000220e-47
1.525000000000000000e+02 3.330989999999999931e-47
1.527500000000000000e+02 3.328260000000000230e-47
1.530000000000000000e+02 3.325550000000000028e-47
1.532500000000000000e+02 3.322750000000000136e-47
1.535000000000000000e+02 3.320159999999999846e-47
1.537500000000000000e+02 3.317399999999999924e-47
1.540000000000000000e+02 3.314730000000000180e-47
1.542500000000000000e+02 3.311800000000000140e-47
1.545000000000000000e+02 3.308899999999999834e-47
1.547500000000000000e+02 3.306009999999999765e-47
1.550000000000000000e+02 3.303269999999999828e-47
1.552500000000000000e+02 3.300409999999999980e-47
1.555000000000000000e+02 3.297840000000000162e-47
1.557500000000000000e+02 3.294850000000000165e-47
1.560000000000000000e+02 3.291860000000000169e-47
1.562500000000000000e+02 3.289129999999999982e-47
1.565000000000000000e+02 3.285980000000000103e-47
1.567500000000000000e+02 3.283460000000000005e-47
1.570000000000000000e+02 3.280800000000000010e-47
1.572500000000000000e+02 3.277570000000000190e-47
1.575000000000000000e+02 3.274700000000000106e-47
1.577500000000000000e+02 3.271520000000000005e-47
1.580000000000000000e+02 3.268379999999999876e-47
1.582500000000000000e+02 3.265520000000000027e-47
1.585000000000000000e+02 3.262559999999999766e-47
1.587500000000000000e+02 3.259540000000000035e-47
1.590000000000000000e+02 3.256559999999999788e-47
1.592500000000000000e+02 3.253560000000000042e-47
1.595000000000000000e+02 3.250590000000000031e-47
1.597500000000000000e+02 3.247440000000000152e-47
1.600000000000000000e+02 3.244430000000000171e-47
1.602500000000000000e+02 3.241429999999999938e-47
1.605000000000000000e+02 3.238519999999999884e-47
1.607500000000000000e+02 3.235400000000000226e-47
1.610000000000000000e+02 3.232050000000000007e-47
1.612500000000000000e+02 3.228820000000000187e-47
1.615000000000000000e+02 3.225620000000000101e-47
1.617500000000000000e+02 3.222260000000000133e-47
1.620000000000000000e+02 3.219179999999999959e-47
1.622500000000000000e+02 3.215939999999999903e-47
1.625000000000000000e+02 3.212840000000000231e-47
1.627500000000000000e+02 3.209470000000000027e-47
1.630000000000000000e+02 3.206240000000000206e-47
1.632500000000000000e+02 3.203250000000000210e-47
1.635000000000000000e+02 3.200079999999999859e-47
1.637500000000000000e+02 3.196790000000000083e-47
1.640000000000000000e+02 3.193700000000000160e-47
1.642500000000000000e+02 3.190509999999999824e-47
1.645000000000000000e+02 3.187240000000000033e-47
1.647500000000000000e+02 3.183999999999999977e-47
1.650000000000000000e+02 3.180580000000000053e-47
1.652500000000000000e+02 3.177220000000000084e-47
1.655000000000000000e+02 3.174000000000000013e-47
1.657500000000000000e+02 3.170609999999999824e-47
1.660000000000000000e+02 3.167209999999999885e-47
1.662500000000000000e+02 3.163820000000000182e-47
1.665000000000000000e+02 3.160170000000000183e-47
1.667500000000000000e+02 3.156799999999999979e-47
1.670000000000000000e+02 3.153289999999999878e-47
1.672500000000000000e+02 3.149770000000000027e-47
1.675000000000000000e+02 3.146230000000000191e-47
1.677500000000000000e+02 3.142910000000000193e-47
1.680000000000000000e+02 3.139570000000000210e-47
1.682500000000000000e+02 3.135989999999999917e-47
1.685000000000000000e+02 3.132370000000000140e-47
1.687500000000000000e+02 3.128780000000000097e-47
1.690000000000000000e+02 3.125210000000000039e-47
1.692500000000000000e+02 3.121839999999999836e-47
1.695000000000000000e+02 3.118350000000000206e-47
1.697500000000000000e+02 3.114800000000000134e-47
1.700000000000000000e+02 3.111110000000000164e-47
1.702500000000000000e+02 3.107489999999999900e-47
1.705000000000000000e+02 3.103890000000000108e-47
1.707500000000000000e+02 3.100089999999999976e-47
1.710000000000000000e+02 3.096490000000000184e-47
1.712500000000000000e+02 3.092769999999999993e-47
1.715000000000000000e+02 3.089270000000000128e-47
1.717500000000000000e+02 3.085439999999999775e-47
1.720000000000000000e+02 3.081830000000000233e-47
1.722500000000000000e+02 3.078220000000000205e-47
1.725000000000000000e+02 3.074679999999999882e-47
1.727500000000000000e+02 3.071120000000000061e-47
1.730000000000000000e+02 3.067809999999999813e-47
1.732500000000000000e+02 3.064219999999999770e-47
1.735000000000000000e+02 3.060269999999999991e-47
1.737500000000000000e+02 3.056509999999999830e-47
1.740000000000000000e+02 3.052779999999999890e-47
1.742500000000000000e+02 3.049220000000000068e-47
1.745000000000000000e+02 3.045390000000000201e-47
1.747500000000000000e+02 3.041689999999999996e-47
1.750000000000000000e+02 3.037969999999999806e-47
1.752500000000000000e+02 3.034190000000000145e-47
1.755000000000000000e+02 3.030509999999999925e-47
1.757500000000000000e+02 3.026970000000000089e-47
1.760000000000000000e+02 3.023209999999999928e-47
1.762500000000000000e+02 3.019470000000000238e-47
1.765000000000000000e+02 3.016029999999999842e-47
1.767500000000000000e+02 3.012350000000000109e-47
1.770000000000000000e+02 3.008339999999999888e-47
1.772500000000000000e+02 3.004729999999999860e-47
1.775000000000000000e+02 3.000990000000000170e-47
1.777500000000000000e+02 2.997289999999999965e-47
1.780000000000000000e+02 2.993480000000000083e-47
1.782500000000000000e+02 2.989609999999999760e-47
1.785000000000000000e+02 2.985540000000000069e-47
1.787500000000000000e+02 2.981629999999999774e-47
1.790000000000000000e+02 2.977580000000000069e-47
1.792500000000000000e+02 2.973560000000000098e-47
1.795000000000000000e+02 2.969640000000000054e-47
1.797500000000000000e+02 2.965680000000000039e-47
1.800000000000000000e+02 2.961939999999999864e-47
1.802500000000000000e+02 2.958079999999999776e-47
1.805000000000000000e+02 2.954070000000000041e-47
1.807500000000000000e+02 2.950189999999999967e-47
1.810000000000000000e+02 2.946429999999999806e-47
1.812500000000000000e+02 2.942670000000000131e-47
1.815000000000000000e+02 2.938730000000000102e-47
1.817500000000000000e+02 2.934969999999999941e-47
1.820000000000000000e+02 2.930969999999999955e-47
1.822500000000000000e+02 2.927379999999999913e-47
1.825000000000000000e+02 2.923339999999999957e-47
1.827500000000000000e+02 2.919530000000000075e-47
1.830000000000000000e+02 2.915590000000000046e-47
1.832500000000000000e+02 2.911729999999999958e-47
1.835000000000000000e+02 2.907820000000000150e-47
1.837500000000000000e+02 2.903920000000000091e-47
1.840000000000000000e+02 2.899860000000000150e-47
1.842500000000000000e+02 2.895940000000000106e-47
1.845000000000000000e+02 2.892250000000000136e-47
1.847500000000000000e+02 2.888379999999999813e-47
1.850000000000000000e+02 2.884419999999999798e-47
1.852500000000000000e+02 2.880339999999999871e-47
1.855000000000000000e+02 2.876510000000000005e-47
1.857500000000000000e+02 2.872370000000000122e-47
1.860000000000000000e+02 2.868499999999999798e-47
1.862500000000000000e+02 2.864620000000000211e-47
1.865000000000000000e+02 2.860700000000000167e-47
1.867500000000000000e+02 2.856720000000000167e-47
1.870000000000000000e+02 2.853099999999999903e-47
1.872500000000000000e+02 2.849119999999999903e-47
1.875000000000000000e+02 2.845110000000000169e-47
1.877500000000000000e+02 2.841389999999999978e-47
1.880000000000000000e+02 2.837569999999999861e-47
1.882500000000000000e+02 2.833819999999999935e-47
1.885000000000000000e+02 2.829870000000000156e-47
1.887500000000000000e+02 2.826010000000000069e-47
1.890000000000000000e+02 2.822039999999999818e-47
1.892500000000000000e+02 2.818050000000000069e-47
1.895000000000000000e+02 2.814440000000000041e-47
1.897500000000000000e+02 2.810719999999999850e-47
1.900000000000000000e+02 2.806859999999999762e-47
1.902500000000000000e+02 2.802719999999999879e-47
1.905000000000000000e+02 2.798619999999999967e-47
1.907500000000000000e+02 2.794529999999999805e-47
1.910000000000000000e+02 2.790360000000000187e-47
1.912500000000000000e+02 2.786500000000000099e-47
1.915000000000000000e+02 2.782219999999999833e-47
1.917500000000000000e+02 2.778270000000000054e-47
1.920000000000000000e+02 2.774259999999999833e-47
1.922500000000000000e+02 2.770239999999999863e-47
1.925000000000000000e+02 2.766079999999999994e-47
1.927500000000000000e+02 2.761920000000000126e-47
1.930000000000000000e+02 2.757789999999999993e-47
1.932500000000000000e+02 2.753730000000000052e-47
1.935000000000000000e+02 2.749679999999999860e-47
1.937500000000000000e+02 2.745849999999999993e-47
1.940000000000000000e+02 2.741679999999999890e-47
1.942500000000000000e+02 2.737559999999999992e-47
1.945000000000000000e+02 2.733509999999999800e-47
1.947500000000000000e+02 2.729770000000000111e-47
1.950000000000000000e+02 2.725540000000000051e-47
1.952500000000000000e+02 2.721239999999999799e-47
1.955000000000000000e+02 2.717170000000000108e-47
1.957500000000000000e+02 2.712980000000000019e-47
1.960000000000000000e+02 2.708880000000000107e-47
1.962500000000000000e+02 2.704690000000000018e-47
1.965000000000000000e+02 2.700380000000000017e-47
1.967500000000000000e+02 2.696300000000000090e-47
1.970000000000000000e+02 2.692149999999999972e-47
1.972500000000000000e+02 2.688149999999999986e-47
1.975000000000000000e+02 2.683649999999999881e-47
1.977500000000000000e+02 2.679569999999999955e-47
1.980000000000000000e+02 2.675399999999999851e-47
1.982500000000000000e+02 2.671399999999999866e-47
1.985000000000000000e+02 2.667089999999999864e-47
1.987500000000000000e+02 2.663069999999999894e-47
1.990000000000000000e+02 2.658930000000000011e-47
1.992500000000000000e+02 2.654939999999999775e-47
1.995000000000000000e+02 2.650859999999999849e-47
1.997500000000000000e+02 2.646850000000000114e-47
2.000000000000000000e+02 2.642520000000000127e-47
2.002500000000000000e+02 2.638359999999999773e-47
2.005000000000000000e+02 2.634130000000000199e-47
2.007500000000000000e+02 2.629860000000000169e-47
2.010000000000000000e+02 2.625840000000000198e-47
2.012500000000000000e+02 2.621770000000000021e-47
2.015000000000000000e+02 2.617519999999999976e-47
2.017500000000000000e+02 2.613400000000000079e-47
2.020000000000000000e+02 2.609099999999999827e-47
2.022500000000000000e+02 2.605070000000000107e-47
2.025000000000000000e+02 2.600649999999999943e-47
2.027500000000000000e+02 2.596209999999999794e-47
2.030000000000000000e+02 2.592089999999999897e-47
2.032500000000000000e+02 2.587859999999999837e-47
2.035000000000000000e+02 2.583679999999999984e-47
2.037500000000000000e+02 2.579369999999999982e-47
2.040000000000000000e+02 2.574960000000000055e-47
2.042500000000000000e+02 2.570519999999999906e-47
2.045000000000000000e+02 2.566360000000000037e-47
2.047500000000000000e+02 2.561999999999999830e-47
2.050000000000000000e+02 2.557799999999999991e-47
2.052500000000000000e+02 2.553359999999999842e-47
2.055000000000000000e+02 2.549069999999999826e-47
2.057500000000000000e+02 2.544810000000000032e-47
2.060000000000000000e+02 2.540770000000000076e-47
2.062500000000000000e+02 2.536619999999999957e-47
2.065000000000000000e+02 2.532349999999999927e-47
2.067500000000000000e+02 2.527889999999999792e-47
2.070000000000000000e+02 2.523640000000000233e-47
2.072500000000000000e+02 2.519339999999999982e-47
2.075000000000000000e+02 2.514859999999999862e-47
2.077500000000000000e+02 2.510620000000000053e-47
2.080000000000000000e+02 2.506389999999999993e-47
2.082500000000000000e+02 2.502139999999999948e-47
2.085000000000000000e+02 2.497800000000000211e-47
2.087500000000000000e+02 2.493770000000000005e-47
2.090000000000000000e+02 2.489599999999999901e-47
2.092500000000000000e+02 2.485449999999999783e-47
2.095000000000000000e+02 2.481320000000000136e-47
2.097500000000000000e+02 2.477229999999999973e-47
2.100000000000000000e+02 2.472860000000000016e-47
2.102500000000000000e+02 2.468740000000000119e-47
2.105000000000000000e+02 2.464570000000000015e-47
2.107500000000000000e+02 2.460419999999999897e-47
2.110000000000000000e+02 2.455879999999999821e-47
2.112500000000000000e+02 2.451589999999999805e-47
2.115000000000000000e+02 2.447449999999999922e-47
2.117500000000000000e+02 2.443210000000000113e-47
2.120000000000000000e+02 2.438909999999999861e-47
2.122500000000000000e+02 2.434800000000000200e-47
2.125000000000000000e+02 2.430710000000000037e-47
2.127500000000000000e+02 2.426610000000000125e-47
2.130000000000000000e+02 2.422420000000000036e-47
2.132500000000000000e+02 2.418030000000000094e-47
2.135000000000000000e+02 2.413820000000000019e-47
2.137500000000000000e+02 2.409450000000000062e-47
2.140000000000000000e+02 2.405270000000000208e-47
2.142500000000000000e+02 2.400799999999999838e-47
2.145000000000000000e+02 2.396670000000000191e-47
2.147500000000000000e+02 2.392320000000000220e-47
2.150000000000000000e+02 2.388090000000000160e-47
2.152500000000000000e+02 2.383900000000000071e-47
2.155000000000000000e+02 2.379700000000000232e-47
2.157500000000000000e+02 2.375180000000000141e-47
2.160000000000000000e+02 2.370999999999999802e-47
2.162500000000000000e+02 2.366770000000000228e-47
2.165000000000000000e+02 2.362419999999999770e-47
2.167500000000000000e+02 2.358339999999999844e-47
2.170000000000000000e+02 2.354310000000000123e-47
2.172500000000000000e+02 2.350080000000000063e-47
2.175000000000000000e+02 2.345650000000000150e-47
2.177500000000000000e+02 2.341420000000000090e-47
2.180000000000000000e+02 2.337289999999999957e-47
2.182500000000000000e+02 2.332939999999999985e-47
2.185000000000000000e+02 2.328809999999999852e-47
2.187500000000000000e+02 2.324559999999999807e-47
2.190000000000000000e+02 2.320189999999999850e-47
2.192500000000000000e+02 2.315719999999999966e-47
2.195000000000000000e+02 2.311469999999999921e-47
2.197500000000000000e+02 2.307250000000000097e-47
2.200000000000000000e+02 2.303219999999999890e-47
2.202500000000000000e+02 2.298750000000000006e-47
2.205000000000000000e+02 2.294619999999999873e-47
2.207500000000000000e+02 2.290249999999999916e-47
2.210000000000000000e+02 2.285910000000000180e-47
2.212500000000000000e+02 2.281809999999999782e-47
2.215000000000000000e+02 2.277709999999999870e-47
2.217500000000000000e+02 2.273339999999999913e-47
2.220000000000000000e+02 2.269290000000000207e-47
2.222500000000000000e+02 2.265089999999999882e-47
2.225000000000000000e+02 2.260879999999999808e-47
2.227500000000000000e+02 2.256919999999999793e-47
2.230000000000000000e+02 2.252790000000000146e-47
2.232500000000000000e+02 2.248629999999999792e-47
2.235000000000000000e+02 2.244489999999999909e-47
2.237500000000000000e+02 2.240330000000000041e-47
2.240000000000000000e+02 2.236219999999999893e-47
2.242500000000000000e+02 2.231940000000000113e-47
2.245000000000000000e+02 2.227710000000000053e-47
2.247500000000000000e+02 2.223449999999999772e-47
2.250000000000000000e+02 2.219160000000000243e-47
2.252500000000000000e+02 2.214740000000000079e-47
2.255000000000000000e+02 2.210700000000000123e-47
2.257500000000000000e+02 2.206370000000000137e-47
2.260000000000000000e+02 2.202160000000000062e-47
2.262500000000000000e+02 2.197779999999999869e-47
2.265000000000000000e+02 2.193480000000000104e-47
2.267500000000000000e+02 2.189339999999999978e-47
2.270000000000000000e+02 2.184930000000000050e-47
2.272500000000000000e+02 2.181059999999999969e-47
2.275000000000000000e+02 2.176950000000000065e-47
2.277500000000000000e+02 2.172590000000000100e-47
2.280000000000000000e+02 2.168489999999999945e-47
2.282500000000000000e+02 2.164400000000000026e-47
2.285000000000000000e+02 2.160020000000000076e-47
2.287500000000000000e+02 2.155370000000000081e-47
2.290000000000000000e+02 2.151259999999999933e-47
2.292500000000000000e+02 2.147180000000000006e-47
2.295000000000000000e+02 2.142639999999999931e-47
2.297500000000000000e+02 2.138699999999999901e-47
2.300000000000000000e+02 2.134629999999999967e-47
2.302500000000000000e+02 2.130550000000000041e-47
2.305000000000000000e+02 2.126379999999999937e-47
2.307500000000000000e+02 2.122190000000000091e-47
2.310000000000000000e+02 2.118139999999999899e-47
2.312500000000000000e+02 2.113729999999999971e-47
2.315000000000000000e+02 2.109630000000000059e-47
2.317500000000000000e+02 2.105340000000000043e-47
2.320000000000000000e+02 2.101380000000000029e-47
2.322500000000000000e+02 2.097219999999999918e-47
2.325000000000000000e+02 2.092889999999999931e-47
2.327500000000000000e+02 2.088599999999999915e-47
2.330000000000000000e+02 2.084490000000000010e-47
2.332500000000000000e+02 2.080349999999999885e-47
2.335000000000000000e+02 2.076190000000000017e-47
2.337500000000000000e+02 2.071770000000000096e-47
2.340000000000000000e+02 2.067450000000000102e-47
2.342500000000000000e+02 2.063210000000000050e-47
2.345000000000000000e+02 2.058930000000000027e-47
2.347500000000000000e+02 2.054630000000000018e-47
2.350000000000000000e+02 2.050139999999999906e-47
2.352500000000000000e+02 2.045839999999999897e-47
2.355000000000000000e+02 2.041680000000000029e-47
2.357500000000000000e+02 2.037479999999999947e-47
2.360000000000000000e+02 2.033189999999999931e-47
2.362500000000000000e+02 2.028960000000000115e-47
2.365000000000000000e+02 2.024819999999999989e-47
2.367500000000000000e+02 2.020549999999999958e-47
2.370000000000000000e+02 2.016299999999999913e-47
2.372500000000000000e+02 2.011929999999999956e-47
2.375000000000000000e+02 2.007800000000000066e-47
2.377500000000000000e+02 2.003249999999999998e-47
2.380000000000000000e+02 1.998979999999999967e-47
2.382500000000000000e+02 1.994969999999999989e-47
2.385000000000000000e+02 1.990910000000000048e-47
2.387500000000000000e+02 1.986860000000000099e-47
2.390000000000000000e+02 1.982689999999999995e-47
2.392500000000000000e+02 1.978630000000000054e-47
2.395000000000000000e+02 1.974330000000000045e-47
2.397500000000000000e+02 1.970300000000000082e-47
2.400000000000000000e+02 1.966209999999999920e-47
2.402500000000000000e+02 1.962060000000000044e-47
2.405000000000000000e+02 1.957919999999999919e-47
2.407500000000000000e+02 1.953829999999999999e-47
2.410000000000000000e+02 1.949490000000000020e-47
2.412500000000000000e+02 1.945539999999999998e-47
2.415000000000000000e+02 1.941309999999999938e-47
2.417500000000000000e+02 1.937289999999999968e-47
2.420000000000000000e+02 1.933120000000000107e-47
2.422500000000000000e+02 1.928900000000000040e-47
2.425000000000000000e+02 1.924830000000000106e-47
2.427500000000000000e+02 1.920630000000000024e-47
2.430000000000000000e+02 1.916680000000000002e-47
2.432500000000000000e+02 1.912859999999999885e-47
2.435000000000000000e+02 1.908789999999999951e-47
2.437500000000000000e+02 1.904590000000000112e-47
2.440000000000000000e+02 1.900700000000000046e-47
2.442500000000000000e+02 1.896750000000000024e-47
2.445000000000000000e+02 1.892909999999999921e-47
2.447500000000000000e+02 1.888919999999999929e-47
2.450000000000000000e+02 1.884989999999999892e-47
2.452500000000000000e+02 1.881060000000000099e-47
2.455000000000000000e+02 1.876979999999999929e-47
2.457500000000000000e+02 1.873039999999999900e-47
2.460000000000000000e+02 1.869110000000000106e-47
2.462500000000000000e+02 1.865160000000000084e-47
2.465000000000000000e+02 1.861260000000000026e-47
2.467500000000000000e+02 1.857479999999999879e-47
2.470000000000000000e+02 1.853439999999999923e-47
2.472500000000000000e+02 1.849590000000000071e-47
2.475000000000000000e+02 1.845839999999999902e-47
2.477500000000000000e+02 1.842020000000000028e-47
2.480000000000000000e+02 1.838300000000000081e-47
2.482500000000000000e+02 1.834529999999999927e-47
2.485000000000000000e+02 1.830750000000000023e-47
2.487500000000000000e+02 1.826949999999999891e-47
2.490000000000000000e+02 1.823010000000000105e-47
2.492500000000000000e+02 1.819279999999999922e-47
2.495000000000000000e+02 1.815549999999999982e-47
2.497500000000000000e+02 1.811879999999999998e-47
2.500000000000000000e+02 1.808299999999999948e-47
2.502500000000000000e+02 1.804679999999999927e-47
2.505000000000000000e+02 1.801079999999999892e-47
2.507500000000000000e+02 1.797500000000000085e-47
2.510000000000000000e+02 1.793880000000000064e-47
2.512500000000000000e+02 1.790260000000000043e-47
2.515000000000000000e+02 1.786670000000000000e-47
2.517500000000000000e+02 1.783210000000000105e-47
2.520000000000000000e+02 1.779660000000000033e-47
2.522500000000000000e+02 1.775900000000000115e-47
2.525000000000000000e+02 1.772340000000000051e-47
2.527500000000000000e+02 1.768809999999999964e-47
2.530000000000000000e+02 1.765249999999999899e-47
2.532500000000000000e+02 1.761640000000000114e-47
2.535000000000000000e+02 1.758090000000000042e-47
2.537500000000000000e+02 1.754430000000000051e-47
2.540000000000000000e+02 1.750830000000000015e-47
2.542500000000000000e+02 1.747370000000000120e-47
2.545000000000000000e+02 1.743929999999999968e-47
2.547500000000000000e+02 1.740389999999999888e-47
2.550000000000000000e+02 1.736890000000000023e-47
2.552500000000000000e+02 1.733480000000000091e-47
