0.000000000000000000e+00 5.000000000000000000e-01
2.500000000000000000e-01 5.000000000000000000e-01
5.000000000000000000e-01 5.000000000000000000e-01
7.500000000000000000e-01 5.000000000000000000e-01
1.000000000000000000e+00 5.000000000000000000e-01
1.250000000000000000e+00 5.000000000000000000e-01
1.500000000000000000e+00 5.000000000000000000e-01
1.750000000000000000e+00 5.000000000000000000e-01
2.000000000000000000e+00 5.000000000000000000e-01
2.250000000000000000e+00 5.000000000000000000e-01
2.500000000000000000e+00 5.000000000000000000e-01
2.750000000000000000e+00 5.000000000000000000e-01
3.000000000000000000e+00 5.000000000000000000e-01
3.250000000000000000e+00 5.000000000000000000e-01
3.500000000000000000e+00 5.000000000000000000e-01
3.750000000000000000e+00 5.000000000000000000e-01
4.000000000000000000e+00 5.000000000000000000e-01
4.250000000000000000e+00 5.000000000000000000e-01
4.500000000000000000e+00 5.000000000000000000e-01
4.750000000000000000e+00 5.000000000000000000e-01
5.000000000000000000e+00 5.000000000000000000e-01
5.250000000000000000e+00 5.000000000000000000e-01
5.500000000000000000e+00 5.000000000000000000e-01
5.750000000000000000e+00 5.000000000000000000e-01
6.000000000000000000e+00 5.000000000000000000e-01
6.250000000000000000e+00 5.000000000000000000e-01
6.500000000000000000e+00 5.000000000000000000e-01
6.750000000000000000e+00 5.000000000000000000e-01
7.000000000000000000e+00 5.000000000000000000e-01
7.250000000000000000e+00 5.000000000000000000e-01
7.500000000000000000e+00 5.000000000000000000e-01
7.750000000000000000e+00 5.000000000000000000e-01
8.000000000000000000e+00 5.000000000000000000e-01
8.250000000000000000e+00 5.000000000000000000e-01
8.500000000000000000e+00 5.000000000000000000e-01
8.750000000000000000e+00 5.000000000000000000e-01
9.000000000000000000e+00 5.000000000000000000e-01
9.250000000000000000e+00 5.000000000000000000e-01
9.500000000000000000e+00 5.000000000000000000e-01
9.750000000000000000e+00 5.000000000000000000e-01
1.000000000000000000e+01 5.000000000000000000e-01
1.025000000000000000e+01 5.000000000000000000e-01
1.050000000000000000e+01 5.000000000000000000e-01
1.075000000000000000e+01 5.000000000000000000e-01
1.100000000000000000e+01 5.000000000000000000e-01
1.125000000000000000e+01 5.000000000000000000e-01
1.150000000000000000e+01 5.000000000000000000e-01
1.175000000000000000e+01 5.000000000000000000e-01
1.200000000000000000e+01 5.000000000000000000e-01
1.225000000000000000e+01 5.000000000000000000e-01
1.250000000000000000e+01 5.000000000000000000e-01
1.275000000000000000e+01 5.000000000000000000e-01
1.300000000000000000e+01 5.000000000000000000e-01
1.325000000000000000e+01 5.000000000000000000e-01
1.350000000000000000e+01 5.000000000000000000e-01
1.375000000000000000e+01 5.000000000000000000e-01
1.400000000000000000e+01 5.000000000000000000e-01
1.425000000000000000e+01 5.000000000000000000e-01
1.450000000000000000e+01 5.000000000000000000e-01
1.475000000000000000e+01 5.000000000000000000e-01
1.500000000000000000e+01 5.000000000000000000e-01
1.525000000000000000e+01 5.000000000000000000e-01
1.550000000000000000e+01 5.000000000000000000e-01
1.575000000000000000e+01 5.000000000000000000e-01
1.600000000000000000e+01 8.554969999999999628e-43
1.625000000000000000e+01 7.404129999999999260e-43
1.650000000000000000e+01 6.415560000000000216e-43
1.675000000000000000e+01 5.559279999999999739e-43
1.700000000000000000e+01 4.813199999999999705e-43
1.725000000000000000e+01 4.171699999999999818e-43
1.750000000000000000e+01 3.619700000000000261e-43
1.775000000000000000e+01 3.129579999999999859e-43
1.800000000000000000e+01 2.706320000000000098e-43
1.825000000000000000e+01 2.347829999999999889e-43
1.850000000000000000e+01 2.037210000000000013e-43
1.875000000000000000e+01 1.770100000000000021e-43
1.900000000000000000e+01 1.540770000000000021e-43
1.925000000000000000e+01 1.351629999999999909e-43
1.950000000000000000e+01 1.206599999999999959e-43
1.975000000000000000e+01 1.114809999999999907e-43
2.000000000000000000e+01 1.106419999999999987e-43
2.025000000000000000e+01 1.210029999999999948e-43
2.050000000000000000e+01 1.642379999999999920e-43
2.075000000000000000e+01 2.856490000000000042e-43
2.100000000000000000e+01 5.822540000000000125e-43
2.125000000000000000e+01 9.461739999999999546e-43
2.150000000000000000e+01 1.051929999999999985e-42
2.175000000000000000e+01 9.942620000000000017e-43
2.200000000000000000e+01 7.396289999999999511e-43
2.225000000000000000e+01 3.553590000000000017e-43
2.250000000000000000e+01 1.552620000000000074e-43
2.275000000000000000e+01 7.446080000000000055e-44
2.300000000000000000e+01 4.106439999999999983e-44
2.325000000000000000e+01 2.655859999999999805e-44
2.350000000000000000e+01 1.927429999999999983e-44
2.375000000000000000e+01 1.515760000000000062e-44
2.400000000000000000e+01 1.260839999999999938e-44
2.425000000000000000e+01 1.082789999999999950e-44
2.450000000000000000e+01 9.475799999999999967e-45
2.475000000000000000e+01 8.351540000000000220e-45
2.500000000000000000e+01 7.407860000000000185e-45
2.525000000000000000e+01 6.630780000000000287e-45
2.550000000000000000e+01 5.946200000000000015e-45
2.575000000000000000e+01 5.341729999999999922e-45
2.600000000000000000e+01 4.805249999999999987e-45
2.625000000000000000e+01 4.329340000000000025e-45
2.650000000000000000e+01 3.904779999999999970e-45
2.675000000000000000e+01 3.523360000000000014e-45
2.700000000000000000e+01 3.187030000000000138e-45
2.725000000000000000e+01 2.887200000000000172e-45
2.750000000000000000e+01 2.621559999999999971e-45
2.775000000000000000e+01 2.380890000000000089e-45
2.800000000000000000e+01 2.168210000000000121e-45
2.825000000000000000e+01 1.977240000000000042e-45
2.850000000000000000e+01 1.806019999999999927e-45
2.875000000000000000e+01 1.653220000000000060e-45
2.900000000000000000e+01 1.515989999999999896e-45
2.925000000000000000e+01 1.392920000000000010e-45
2.950000000000000000e+01 1.281869999999999929e-45
2.975000000000000000e+01 1.182300000000000029e-45
3.000000000000000000e+01 1.094099999999999993e-45
3.025000000000000000e+01 1.015219999999999933e-45
3.050000000000000000e+01 9.442120000000000149e-46
3.075000000000000000e+01 8.801650000000000461e-46
3.100000000000000000e+01 8.221810000000000724e-46
3.125000000000000000e+01 7.694390000000000195e-46
3.150000000000000000e+01 7.225319999999999927e-46
3.175000000000000000e+01 6.809919999999999653e-46
3.200000000000000000e+01 6.426480000000000264e-46
3.225000000000000000e+01 6.079389999999999757e-46
3.250000000000000000e+01 5.758700000000000125e-46
3.275000000000000000e+01 5.461120000000000328e-46
3.300000000000000000e+01 5.189409999999999704e-46
3.325000000000000000e+01 4.940219999999999882e-46
3.350000000000000000e+01 4.707380000000000378e-46
3.375000000000000000e+01 4.499270000000000201e-46
3.400000000000000000e+01 4.300710000000000269e-46
3.425000000000000000e+01 4.118850000000000251e-46
3.450000000000000000e+01 3.948629999999999675e-46
3.475000000000000000e+01 3.792540000000000168e-46
3.500000000000000000e+01 3.649050000000000177e-46
3.525000000000000000e+01 3.514279999999999629e-46
3.550000000000000000e+01 3.390919999999999810e-46
3.575000000000000000e+01 3.280820000000000093e-46
3.600000000000000000e+01 3.181589999999999847e-46
3.625000000000000000e+01 3.092010000000000064e-46
3.650000000000000000e+01 3.012499999999999950e-46
3.675000000000000000e+01 2.941300000000000017e-46
3.700000000000000000e+01 2.874519999999999859e-46
3.725000000000000000e+01 2.815800000000000113e-46
3.750000000000000000e+01 2.764370000000000032e-46
3.775000000000000000e+01 2.716190000000000049e-46
3.800000000000000000e+01 2.676859999999999948e-46
3.825000000000000000e+01 2.642290000000000053e-46
3.850000000000000000e+01 2.613529999999999935e-46
3.875000000000000000e+01 2.586860000000000181e-46
3.900000000000000000e+01 2.565170000000000180e-46
3.925000000000000000e+01 2.546270000000000128e-46
3.950000000000000000e+01 2.534479999999999970e-46
3.975000000000000000e+01 2.521569999999999854e-46
4.000000000000000000e+01 2.516289999999999835e-46
4.025000000000000000e+01 2.516600000000000045e-46
4.050000000000000000e+01 2.516619999999999933e-46
4.075000000000000000e+01 2.518340000000000034e-46
4.100000000000000000e+01 2.522309999999999993e-46
4.125000000000000000e+01 2.528169999999999879e-46
4.150000000000000000e+01 2.531929999999999845e-46
4.175000000000000000e+01 2.537440000000000134e-46
4.200000000000000000e+01 2.543220000000000079e-46
4.225000000000000000e+01 2.548549999999999818e-46
4.250000000000000000e+01 2.553100000000000033e-46
4.275000000000000000e+01 2.554229999999999934e-46
4.300000000000000000e+01 2.560450000000000139e-46
4.325000000000000000e+01 2.566360000000000135e-46
4.350000000000000000e+01 2.578480000000000003e-46
4.375000000000000000e+01 2.589419999999999860e-46
4.400000000000000000e+01 2.596680000000000082e-46
4.425000000000000000e+01 2.605899999999999839e-46
4.450000000000000000e+01 2.615030000000000099e-46
4.475000000000000000e+01 2.617489999999999949e-46
4.500000000000000000e+01 2.615710000000000184e-46
4.525000000000000000e+01 2.609299999999999875e-46
4.550000000000000000e+01 2.600379999999999995e-46
4.575000000000000000e+01 2.588309999999999847e-46
4.600000000000000000e+01 2.571580000000000101e-46
4.625000000000000000e+01 2.549369999999999898e-46
4.650000000000000000e+01 2.516940000000000088e-46
4.675000000000000000e+01 2.474859999999999814e-46
4.700000000000000000e+01 2.427120000000000092e-46
4.725000000000000000e+01 2.370859999999999807e-46
4.750000000000000000e+01 2.309630000000000103e-46
4.775000000000000000e+01 2.244029999999999955e-46
4.800000000000000000e+01 2.168319999999999972e-46
4.825000000000000000e+01 2.093459999999999902e-46
4.850000000000000000e+01 2.014580000000000153e-46
4.875000000000000000e+01 1.936429999999999820e-46
4.900000000000000000e+01 1.858149999999999825e-46
4.925000000000000000e+01 1.779589999999999842e-46
4.950000000000000000e+01 1.703199999999999969e-46
4.975000000000000000e+01 1.631069999999999988e-46
5.000000000000000000e+01 1.560619999999999943e-46
5.025000000000000000e+01 1.496610000000000040e-46
5.050000000000000000e+01 1.432289999999999926e-46
5.075000000000000000e+01 1.370320000000000083e-46
5.100000000000000000e+01 1.310619999999999986e-46
5.125000000000000000e+01 1.252749999999999958e-46
5.150000000000000000e+01 1.194809999999999932e-46
5.175000000000000000e+01 1.132850000000000034e-46
5.200000000000000000e+01 1.073100000000000022e-46
5.225000000000000000e+01 1.012270000000000024e-46
5.250000000000000000e+01 9.554899999999999263e-47
5.275000000000000000e+01 9.067430000000000424e-47
5.300000000000000000e+01 8.651110000000000241e-47
5.325000000000000000e+01 8.308750000000000302e-47
5.350000000000000000e+01 8.042129999999999789e-47
5.375000000000000000e+01 7.868860000000000136e-47
5.400000000000000000e+01 7.817990000000000228e-47
5.425000000000000000e+01 7.844879999999999723e-47
5.450000000000000000e+01 7.965289999999999711e-47
5.475000000000000000e+01 8.194069999999999761e-47
5.500000000000000000e+01 8.541079999999999938e-47
5.525000000000000000e+01 9.013880000000000535e-47
5.550000000000000000e+01 9.607219999999999810e-47
5.575000000000000000e+01 1.024759999999999961e-46
5.600000000000000000e+01 1.088129999999999945e-46
5.625000000000000000e+01 1.154249999999999906e-46
5.650000000000000000e+01 1.230460000000000008e-46
5.675000000000000000e+01 1.322640000000000025e-46
5.700000000000000000e+01 1.455450000000000064e-46
5.725000000000000000e+01 1.627989999999999912e-46
5.750000000000000000e+01 1.835609999999999913e-46
5.775000000000000000e+01 2.070770000000000051e-46
5.800000000000000000e+01 2.345640000000000109e-46
5.825000000000000000e+01 2.663610000000000179e-46
5.850000000000000000e+01 3.001830000000000138e-46
5.875000000000000000e+01 3.349819999999999888e-46
5.900000000000000000e+01 3.649499999999999993e-46
5.925000000000000000e+01 3.867709999999999671e-46
5.950000000000000000e+01 3.949510000000000197e-46
5.975000000000000000e+01 3.898470000000000268e-46
6.000000000000000000e+01 3.720159999999999836e-46
6.025000000000000000e+01 3.440870000000000003e-46
6.050000000000000000e+01 3.129649999999999897e-46
6.075000000000000000e+01 2.820299999999999829e-46
6.100000000000000000e+01 2.523009999999999966e-46
6.125000000000000000e+01 2.256049999999999993e-46
6.150000000000000000e+01 2.026060000000000101e-46
6.175000000000000000e+01 1.817829999999999818e-46
6.200000000000000000e+01 1.630209999999999938e-46
6.225000000000000000e+01 1.461269999999999980e-46
6.250000000000000000e+01 1.301839999999999906e-46
6.275000000000000000e+01 1.158430000000000051e-46
6.300000000000000000e+01 1.034330000000000094e-46
6.325000000000000000e+01 9.382229999999999171e-47
6.350000000000000000e+01 8.650009999999999589e-47
6.375000000000000000e+01 8.098579999999999982e-47
6.400000000000000000e+01 7.639650000000000158e-47
6.425000000000000000e+01 7.173449999999999585e-47
6.450000000000000000e+01 6.728839999999999961e-47
6.475000000000000000e+01 6.325999999999999622e-47
6.500000000000000000e+01 5.993640000000000132e-47
6.525000000000000000e+01 5.725490000000000011e-47
6.550000000000000000e+01 5.513889999999999524e-47
6.575000000000000000e+01 5.346230000000000378e-47
6.600000000000000000e+01 5.209160000000000446e-47
6.625000000000000000e+01 5.106700000000000185e-47
6.650000000000000000e+01 5.028939999999999809e-47
6.675000000000000000e+01 4.969050000000000192e-47
6.700000000000000000e+01 4.927209999999999743e-47
6.725000000000000000e+01 4.895259999999999581e-47
6.750000000000000000e+01 4.876419999999999776e-47
6.775000000000000000e+01 4.872510000000000454e-47
6.800000000000000000e+01 4.871259999999999669e-47
6.825000000000000000e+01 4.866979999999999889e-47
6.850000000000000000e+01 4.861500000000000016e-47
6.875000000000000000e+01 4.855580000000000465e-47
6.900000000000000000e+01 4.848769999999999866e-47
6.925000000000000000e+01 4.839499999999999610e-47
6.950000000000000000e+01 4.827240000000000331e-47
6.975000000000000000e+01 4.814540000000000402e-47
7.000000000000000000e+01 4.801409999999999573e-47
7.025000000000000000e+01 4.788380000000000129e-47
7.050000000000000000e+01 4.779320000000000449e-47
7.075000000000000000e+01 4.766229999999999590e-47
7.100000000000000000e+01 4.754790000000000196e-47
7.125000000000000000e+01 4.742170000000000208e-47
7.150000000000000000e+01 4.730699999999999621e-47
7.175000000000000000e+01 4.720799999999999584e-47
7.200000000000000000e+01 4.709029999999999703e-47
7.225000000000000000e+01 4.699169999999999637e-47
7.250000000000000000e+01 4.688369999999999774e-47
7.275000000000000000e+01 4.678009999999999588e-47
7.300000000000000000e+01 4.667639999999999653e-47
7.325000000000000000e+01 4.655920000000000464e-47
7.350000000000000000e+01 4.644219999999999802e-47
7.375000000000000000e+01 4.634939999999999798e-47
7.400000000000000000e+01 4.624430000000000451e-47
7.425000000000000000e+01 4.615000000000000313e-47
7.450000000000000000e+01 4.604520000000000216e-47
7.475000000000000000e+01 4.596800000000000040e-47
7.500000000000000000e+01 4.587489999999999814e-47
7.525000000000000000e+01 4.578080000000000147e-47
7.550000000000000000e+01 4.569180000000000350e-47
7.575000000000000000e+01 4.560650000000000039e-47
7.600000000000000000e+01 4.548650000000000083e-47
7.625000000000000000e+01 4.540709999999999582e-47
7.650000000000000000e+01 4.531689999999999873e-47
7.675000000000000000e+01 4.521949999999999719e-47
7.700000000000000000e+01 4.512119999999999874e-47
7.725000000000000000e+01 4.502830000000000120e-47
7.750000000000000000e+01 4.492589999999999846e-47
7.775000000000000000e+01 4.482149999999999719e-47
7.800000000000000000e+01 4.473400000000000055e-47
7.825000000000000000e+01 4.463420000000000077e-47
7.850000000000000000e+01 4.453149999999999583e-47
7.875000000000000000e+01 4.443039999999999943e-47
7.900000000000000000e+01 4.432169999999999888e-47
7.925000000000000000e+01 4.420129999999999962e-47
7.950000000000000000e+01 4.408369999999999830e-47
7.975000000000000000e+01 4.397550000000000468e-47
8.000000000000000000e+01 4.385680000000000173e-47
8.025000000000000000e+01 4.376010000000000211e-47
8.050000000000000000e+01 4.363749999999999960e-47
8.075000000000000000e+01 4.352919999999999875e-47
8.100000000000000000e+01 4.341949999999999894e-47
8.125000000000000000e+01 4.330359999999999880e-47
8.150000000000000000e+01 4.317489999999999833e-47
8.175000000000000000e+01 4.304999999999999993e-47
8.200000000000000000e+01 4.292860000000000140e-47
8.225000000000000000e+01 4.280110000000000004e-47
8.250000000000000000e+01 4.268799999999999786e-47
8.275000000000000000e+01 4.256240000000000240e-47
8.300000000000000000e+01 4.242629999999999763e-47
8.325000000000000000e+01 4.230669999999999777e-47
8.350000000000000000e+01 4.218620000000000101e-47
8.375000000000000000e+01 4.205969999999999892e-47
8.400000000000000000e+01 4.193900000000000231e-47
8.425000000000000000e+01 4.181730000000000156e-47
8.450000000000000000e+01 4.169099999999999933e-47
8.475000000000000000e+01 4.157079999999999992e-47
8.500000000000000000e+01 4.145020000000000080e-47
8.525000000000000000e+01 4.132229999999999974e-47
8.550000000000000000e+01 4.119149999999999837e-47
8.575000000000000000e+01 4.108299999999999767e-47
8.600000000000000000e+01 4.096339999999999782e-47
8.625000000000000000e+01 4.084170000000000194e-47
8.650000000000000000e+01 4.071739999999999824e-47
8.675000000000000000e+01 4.060020000000000149e-47
8.700000000000000000e+01 4.047440000000000132e-47
8.725000000000000000e+01 4.035460000000000161e-47
8.750000000000000000e+01 4.022860000000000159e-47
8.775000000000000000e+01 4.011390000000000057e-47
8.800000000000000000e+01 3.998869999999999996e-47
8.825000000000000000e+01 3.987140000000000086e-47
8.850000000000000000e+01 3.975319999999999998e-47
8.875000000000000000e+01 3.964299999999999810e-47
8.900000000000000000e+01 3.952239999999999898e-47
8.925000000000000000e+01 3.940239999999999942e-47
8.950000000000000000e+01 3.928919999999999974e-47
8.975000000000000000e+01 3.918330000000000200e-47
9.000000000000000000e+01 3.906200000000000096e-47
9.025000000000000000e+01 3.894719999999999759e-47
9.050000000000000000e+01 3.883290000000000115e-47
9.075000000000000000e+01 3.872059999999999837e-47
9.100000000000000000e+01 3.861080000000000106e-47
9.125000000000000000e+01 3.850529999999999817e-47
9.150000000000000000e+01 3.839559999999999835e-47
9.175000000000000000e+01 3.828310000000000059e-47
9.200000000000000000e+01 3.817019999999999826e-47
9.225000000000000000e+01 3.805969999999999903e-47
9.250000000000000000e+01 3.795610000000000203e-47
9.275000000000000000e+01 3.785440000000000121e-47
9.300000000000000000e+01 3.774610000000000037e-47
9.325000000000000000e+01 3.763770000000000203e-47
9.350000000000000000e+01 3.753890000000000152e-47
9.375000000000000000e+01 3.744090000000000042e-47
9.400000000000000000e+01 3.733640000000000166e-47
9.425000000000000000e+01 3.723419999999999878e-47
9.450000000000000000e+01 3.713610000000000018e-47
9.475000000000000000e+01 3.703929999999999820e-47
9.500000000000000000e+01 3.694199999999999902e-47
9.525000000000000000e+01 3.684350000000000072e-47
9.550000000000000000e+01 3.674140000000000020e-47
9.575000000000000000e+01 3.664899999999999985e-47
9.600000000000000000e+01 3.655670000000000187e-47
9.625000000000000000e+01 3.646709999999999948e-47
9.650000000000000000e+01 3.637330000000000016e-47
9.675000000000000000e+01 3.627859999999999908e-47
9.700000000000000000e+01 3.618240000000000152e-47
9.725000000000000000e+01 3.608960000000000147e-47
9.750000000000000000e+01 3.599189999999999772e-47
9.775000000000000000e+01 3.590580000000000006e-47
9.800000000000000000e+01 3.581800000000000120e-47
9.825000000000000000e+01 3.573089999999999941e-47
9.850000000000000000e+01 3.563829999999999921e-47
9.875000000000000000e+01 3.554830000000000198e-47
9.900000000000000000e+01 3.546259999999999915e-47
9.925000000000000000e+01 3.537559999999999972e-47
9.950000000000000000e+01 3.529440000000000089e-47
9.975000000000000000e+01 3.524479999999999835e-47
1.000000000000000000e+02 3.513629999999999765e-47
1.002500000000000000e+02 3.503380000000000229e-47
1.005000000000000000e+02 3.493799999999999957e-47
1.007500000000000000e+02 3.484770000000000012e-47
1.010000000000000000e+02 3.476260000000000173e-47
1.012500000000000000e+02 3.467250000000000213e-47
1.015000000000000000e+02 3.458449999999999856e-47
1.017500000000000000e+02 3.450179999999999840e-47
1.020000000000000000e+02 3.441579999999999823e-47
1.022500000000000000e+02 3.433679999999999780e-47
1.025000000000000000e+02 3.425519999999999926e-47
1.027500000000000000e+02 3.417880000000000178e-47
1.030000000000000000e+02 3.410299999999999899e-47
1.032500000000000000e+02 3.402580000000000210e-47
1.035000000000000000e+02 3.394279999999999973e-47
1.037500000000000000e+02 3.386229999999999796e-47
1.040000000000000000e+02 3.378499999999999870e-47
1.042500000000000000e+02 3.371000000000000019e-47
1.045000000000000000e+02 3.363480000000000183e-47
1.047500000000000000e+02 3.355569999999999903e-47
1.050000000000000000e+02 3.348180000000000215e-47
1.052500000000000000e+02 3.340329999999999891e-47
1.055000000000000000e+02 3.333100000000000086e-47
1.057500000000000000e+02 3.325609999999999984e-47
1.060000000000000000e+02 3.318130000000000119e-47
1.062500000000000000e+02 3.310130000000000148e-47
1.065000000000000000e+02 3.303140000000000166e-47
1.067500000000000000e+02 3.295960000000000081e-47
1.070000000000000000e+02 3.288709999999999804e-47
1.072500000000000000e+02 3.281779999999999778e-47
1.075000000000000000e+02 3.274120000000000045e-47
1.077500000000000000e+02 3.266530000000000016e-47
1.080000000000000000e+02 3.259799999999999844e-47
1.082500000000000000e+02 3.252840000000000084e-47
1.085000000000000000e+02 3.246220000000000074e-47
1.087500000000000000e+02 3.239170000000000136e-47
1.090000000000000000e+02 3.232220000000000125e-47
1.092500000000000000e+02 3.225509999999999939e-47
1.095000000000000000e+02 3.218860000000000194e-47
1.097500000000000000e+02 3.212369999999999846e-47
1.100000000000000000e+02 3.205729999999999851e-47
1.102500000000000000e+02 3.199729999999999873e-47
1.105000000000000000e+02 3.193189999999999804e-47
1.107500000000000000e+02 3.187000000000000209e-47
1.110000000000000000e+02 3.180930000000000039e-47
1.112500000000000000e+02 3.174460000000000163e-47
1.115000000000000000e+02 3.167869999999999888e-47
1.117500000000000000e+02 3.161670000000000056e-47
1.120000000000000000e+02 3.155229999999999915e-47
1.122500000000000000e+02 3.148259999999999918e-47
1.125000000000000000e+02 3.142049999999999851e-47
1.127500000000000000e+02 3.135839999999999784e-47
1.130000000000000000e+02 3.130069999999999881e-47
1.132500000000000000e+02 3.123899999999999784e-47
1.135000000000000000e+02 3.118069999999999925e-47
1.137500000000000000e+02 3.112000000000000241e-47
1.140000000000000000e+02 3.106430000000000191e-47
1.142500000000000000e+02 3.100189999999999903e-47
1.145000000000000000e+02 3.094439999999999985e-47
1.147500000000000000e+02 3.088619999999999875e-47
1.150000000000000000e+02 3.083459999999999767e-47
1.152500000000000000e+02 3.077839999999999997e-47
1.155000000000000000e+02 3.072150000000000035e-47
1.157500000000000000e+02 3.066659999999999926e-47
1.160000000000000000e+02 3.061390000000000143e-47
1.162500000000000000e+02 3.055310000000000223e-47
1.165000000000000000e+02 3.049720000000000188e-47
1.167500000000000000e+02 3.044670000000000243e-47
1.170000000000000000e+02 3.039209999999999869e-47
1.172500000000000000e+02 3.033809999999999938e-47
1.175000000000000000e+02 3.028740000000000007e-47
1.177500000000000000e+02 3.023570000000000150e-47
1.180000000000000000e+02 3.018250000000000160e-47
1.182500000000000000e+02 3.013409999999999818e-47
1.185000000000000000e+02 3.008540000000000227e-47
1.187500000000000000e+02 3.003940000000000196e-47
1.190000000000000000e+02 2.998880000000000015e-47
1.192500000000000000e+02 2.993940000000000232e-47
1.195000000000000000e+02 2.988929999999999772e-47
1.197500000000000000e+02 2.984660000000000227e-47
1.200000000000000000e+02 2.979839999999999871e-47
1.202500000000000000e+02 2.975799999999999915e-47
1.205000000000000000e+02 2.971500000000000149e-47
1.207500000000000000e+02 2.967549999999999884e-47
1.210000000000000000e+02 2.963440000000000223e-47
1.212500000000000000e+02 2.958280000000000115e-47
1.215000000000000000e+02 2.954200000000000189e-47
1.217500000000000000e+02 2.949999999999999864e-47
1.220000000000000000e+02 2.946030000000000099e-47
1.222500000000000000e+02 2.942170000000000012e-47
1.225000000000000000e+02 2.938119999999999820e-47
1.227500000000000000e+02 2.933919999999999981e-47
1.230000000000000000e+02 2.930480000000000071e-47
1.232500000000000000e+02 2.926670000000000190e-47
1.235000000000000000e+02 2.922589999999999777e-47
1.237500000000000000e+02 2.918620000000000013e-47
1.240000000000000000e+02 2.914930000000000043e-47
1.242500000000000000e+02 2.911590000000000061e-47
1.245000000000000000e+02 2.907869999999999870e-47
1.247500000000000000e+02 2.904290000000000063e-47
1.250000000000000000e+02 2.900919999999999859e-47
1.252500000000000000e+02 2.897749999999999995e-47
1.255000000000000000e+02 2.894119999999999981e-47
1.257500000000000000e+02 2.890660000000000086e-47
1.260000000000000000e+02 2.887429999999999780e-47
1.262500000000000000e+02 2.884150000000000239e-47
1.265000000000000000e+02 2.880939999999999918e-47
1.267500000000000000e+02 2.877559999999999964e-47
1.270000000000000000e+02 2.874589999999999953e-47
1.272500000000000000e+02 2.871529999999999765e-47
1.275000000000000000e+02 2.868550000000000005e-47
1.277500000000000000e+02 2.865650000000000186e-47
1.280000000000000000e+02 2.862629999999999968e-47
1.282500000000000000e+02 2.859130000000000103e-47
1.285000000000000000e+02 2.856069999999999914e-47
1.287500000000000000e+02 2.853059999999999933e-47
1.290000000000000000e+02 2.850410000000000173e-47
1.292500000000000000e+02 2.847589999999999809e-47
1.295000000000000000e+02 2.844909999999999829e-47
1.297500000000000000e+02 2.842220000000000099e-47
1.300000000000000000e+02 2.839910000000000090e-47
1.302500000000000000e+02 2.837230000000000110e-47
1.305000000000000000e+02 2.834880000000000131e-47
1.307500000000000000e+02 2.832269999999999856e-47
1.310000000000000000e+02 2.830320000000000070e-47
1.312500000000000000e+02 2.828140000000000209e-47
1.315000000000000000e+02 2.825480000000000214e-47
1.317500000000000000e+02 2.823190000000000191e-47
1.320000000000000000e+02 2.821219999999999933e-47
1.322500000000000000e+02 2.819000000000000102e-47
1.325000000000000000e+02 2.816960000000000138e-47
1.327500000000000000e+02 2.814440000000000041e-47
1.330000000000000000e+02 2.812590000000000181e-47
1.332500000000000000e+02 2.810619999999999923e-47
1.335000000000000000e+02 2.808679999999999887e-47
1.337500000000000000e+02 2.807080000000000087e-47
1.340000000000000000e+02 2.805160000000000036e-47
1.342500000000000000e+02 2.802909999999999983e-47
1.345000000000000000e+02 2.801129999999999829e-47
1.347500000000000000e+02 2.799530000000000030e-47
1.350000000000000000e+02 2.797959999999999965e-47
1.352500000000000000e+02 2.796239999999999767e-47
1.355000000000000000e+02 2.794460000000000099e-47
1.357500000000000000e+02 2.792239999999999782e-47
1.360000000000000000e+02 2.790600000000000011e-47
1.362500000000000000e+02 2.789020000000000197e-47
1.365000000000000000e+02 2.787430000000000147e-47
1.367500000000000000e+02 2.785780000000000141e-47
1.370000000000000000e+02 2.784139999999999884e-47
1.372500000000000000e+02 2.782620000000000026e-47
1.375000000000000000e+02 2.781300000000000021e-47
1.377500000000000000e+02 2.779650000000000015e-47
1.380000000000000000e+02 2.778629999999999790e-47
1.382500000000000000e+02 2.777780000000000170e-47
1.385000000000000000e+02 2.776910000000000079e-47
1.387500000000000000e+02 2.775370000000000235e-47
1.390000000000000000e+02 2.774090000000000201e-47
1.392500000000000000e+02 2.772919999999999843e-47
1.395000000000000000e+02 2.771760000000000207e-47
1.397500000000000000e+02 2.770330000000000040e-47
1.400000000000000000e+02 2.769479999999999933e-47
1.402500000000000000e+02 2.768910000000000108e-47
1.405000000000000000e+02 2.767900000000000119e-47
1.407500000000000000e+02 2.766899999999999880e-47
1.410000000000000000e+02 2.765769999999999979e-47
1.412500000000000000e+02 2.764879999999999902e-47
1.415000000000000000e+02 2.763900000000000134e-47
1.417500000000000000e+02 2.763189999999999925e-47
1.420000000000000000e+02 2.762099999999999995e-47
1.422500000000000000e+02 2.761610000000000111e-47
1.425000000000000000e+02 2.761260000000000124e-47
1.427500000000000000e+02 2.760339999999999826e-47
1.430000000000000000e+02 2.759200000000000175e-47
1.432500000000000000e+02 2.758199999999999936e-47
1.435000000000000000e+02 2.757499999999999963e-47
1.437500000000000000e+02 2.756899999999999916e-47
1.440000000000000000e+02 2.756629999999999871e-47
1.442500000000000000e+02 2.756330000000000091e-47
1.445000000000000000e+02 2.755699999999999824e-47
1.447500000000000000e+02 2.755119999999999762e-47
1.450000000000000000e+02 2.754930000000000145e-47
1.452500000000000000e+02 2.754350000000000084e-47
1.455000000000000000e+02 2.754379999999999819e-47
1.457500000000000000e+02 2.754100000000000024e-47
1.460000000000000000e+02 2.753519999999999963e-47
1.462500000000000000e+02 2.752970000000000123e-47
1.465000000000000000e+02 2.752899999999999931e-47
1.467500000000000000e+02 2.752319999999999870e-47
1.470000000000000000e+02 2.751909999999999927e-47
1.472500000000000000e+02 2.751840000000000222e-47
1.475000000000000000e+02 2.751679999999999853e-47
1.477500000000000000e+02 2.751579999999999926e-47
1.480000000000000000e+02 2.751220000000000190e-47
1.482500000000000000e+02 2.751579999999999926e-47
1.485000000000000000e+02 2.751409999999999808e-47
1.487500000000000000e+02 2.751650000000000118e-47
1.490000000000000000e+02 2.751499999999999985e-47
1.492500000000000000e+02 2.751670000000000103e-47
1.495000000000000000e+02 2.751969999999999883e-47
1.497500000000000000e+02 2.751699999999999838e-47
1.500000000000000000e+02 2.751790000000000015e-47
1.502500000000000000e+02 2.751829999999999986e-47
1.505000000000000000e+02 2.751929999999999913e-47
1.507500000000000000e+02 2.752230000000000179e-47
1.510000000000000000e+02 2.752230000000000179e-47
1.512500000000000000e+02 2.752129999999999766e-47
1.515000000000000000e+02 2.752239999999999929e-47
1.517500000000000000e+02 2.752669999999999857e-47
1.520000000000000000e+02 2.752870000000000196e-47
1.522500000000000000e+02 2.753510000000000213e-47
1.525000000000000000e+02 2.753759999999999787e-47
1.527500000000000000e+02 2.754339999999999848e-47
1.530000000000000000e+02 2.755129999999999998e-47
1.532500000000000000e+02 2.755670000000000089e-47
1.535000000000000000e+02 2.755579999999999911e-47
1.537500000000000000e+02 2.755949999999999883e-47
1.540000000000000000e+02 2.756700000000000063e-47
1.542500000000000000e+02 2.756990000000000093e-47
1.545000000000000000e+02 2.757800000000000229e-47
1.547500000000000000e+02 2.758830000000000203e-47
1.550000000000000000e+02 2.759260000000000131e-47
1.552500000000000000e+02 2.759770000000000001e-47
1.555000000000000000e+02 2.760620000000000107e-47
1.557500000000000000e+02 2.761499999999999948e-47
1.560000000000000000e+02 2.762219999999999907e-47
1.562500000000000000e+02 2.762970000000000086e-47
1.565000000000000000e+02 2.764009999999999810e-47
1.567500000000000000e+02 2.765249999999999874e-47
1.570000000000000000e+02 2.766219999999999892e-47
1.572500000000000000e+02 2.767089999999999983e-47
1.575000000000000000e+02 2.767880000000000134e-47
1.577500000000000000e+02 2.768870000000000137e-47
1.580000000000000000e+02 2.769840000000000156e-47
1.582500000000000000e+02 2.770839999999999909e-47
1.585000000000000000e+02 2.772130000000000179e-47
1.587500000000000000e+02 2.773030000000000005e-47
1.590000000000000000e+02 2.773829999999999905e-47
1.592500000000000000e+02 2.775010000000000013e-47
1.595000000000000000e+02 2.776239999999999840e-47
1.597500000000000000e+02 2.777029999999999991e-47
1.600000000000000000e+02 2.778400000000000202e-47
1.602500000000000000e+02 2.779570000000000074e-47
1.605000000000000000e+02 2.780679999999999989e-47
1.607500000000000000e+02 2.781439999999999919e-47
1.610000000000000000e+02 2.782859999999999850e-47
1.612500000000000000e+02 2.784440000000000151e-47
1.615000000000000000e+02 2.785599999999999787e-47
1.617500000000000000e+02 2.786930000000000027e-47
1.620000000000000000e+02 2.788440000000000136e-47
1.622500000000000000e+02 2.789829999999999846e-47
1.625000000000000000e+02 2.791269999999999763e-47
1.627500000000000000e+02 2.793089999999999888e-47
1.630000000000000000e+02 2.794859999999999806e-47
1.632500000000000000e+02 2.796340000000000180e-47
1.635000000000000000e+02 2.797919999999999994e-47
1.637500000000000000e+02 2.799319999999999940e-47
1.640000000000000000e+02 2.801109999999999844e-47
1.642500000000000000e+02 2.802940000000000204e-47
1.645000000000000000e+02 2.804570000000000225e-47
1.647500000000000000e+02 2.806590000000000203e-47
1.650000000000000000e+02 2.808030000000000120e-47
1.652500000000000000e+02 2.809620000000000170e-47
1.655000000000000000e+02 2.811049999999999851e-47
1.657500000000000000e+02 2.812699999999999857e-47
1.660000000000000000e+02 2.813999999999999877e-47
1.662500000000000000e+02 2.815979999999999884e-47
1.665000000000000000e+02 2.817479999999999757e-47
1.667500000000000000e+02 2.819439999999999779e-47
1.670000000000000000e+02 2.821230000000000169e-47
1.672500000000000000e+02 2.822900000000000160e-47
1.675000000000000000e+02 2.824389999999999797e-47
1.677500000000000000e+02 2.825799999999999979e-47
1.680000000000000000e+02 2.827379999999999794e-47
1.682500000000000000e+02 2.828780000000000226e-47
1.685000000000000000e+02 2.830619999999999850e-47
1.687500000000000000e+02 2.832459999999999960e-47
1.690000000000000000e+02 2.833899999999999877e-47
1.692500000000000000e+02 2.835449999999999956e-47
1.695000000000000000e+02 2.837009999999999785e-47
1.697500000000000000e+02 2.838490000000000159e-47
1.700000000000000000e+02 2.840510000000000137e-47
1.702500000000000000e+02 2.841850000000000127e-47
1.705000000000000000e+02 2.843339999999999764e-47
1.707500000000000000e+02 2.844929999999999814e-47
1.710000000000000000e+02 2.846399999999999952e-47
1.712500000000000000e+02 2.848160000000000121e-47
1.715000000000000000e+02 2.850289999999999775e-47
1.717500000000000000e+02 2.852049999999999944e-47
1.720000000000000000e+02 2.853830000000000098e-47
1.722500000000000000e+02 2.855489999999999853e-47
1.725000000000000000e+02 2.857090000000000139e-47
1.727500000000000000e+02 2.858900000000000028e-47
1.730000000000000000e+02 2.860430000000000122e-47
1.732500000000000000e+02 2.861949999999999980e-47
1.735000000000000000e+02 2.863690000000000164e-47
1.737500000000000000e+02 2.865300000000000199e-47
1.740000000000000000e+02 2.866539999999999776e-47
1.742500000000000000e+02 2.868189999999999782e-47
1.745000000000000000e+02 2.869500000000000038e-47
1.747500000000000000e+02 2.871320000000000162e-47
1.750000000000000000e+02 2.872870000000000242e-47
1.752500000000000000e+02 2.873880000000000231e-47
1.755000000000000000e+02 2.875260000000000192e-47
1.757500000000000000e+02 2.876540000000000226e-47
1.760000000000000000e+02 2.878450000000000041e-47
1.762500000000000000e+02 2.880009999999999870e-47
1.765000000000000000e+02 2.880979999999999889e-47
1.767500000000000000e+02 2.882310000000000129e-47
1.770000000000000000e+02 2.883570000000000178e-47
1.772500000000000000e+02 2.885110000000000022e-47
1.775000000000000000e+02 2.886509999999999968e-47
1.777500000000000000e+02 2.887409999999999794e-47
1.780000000000000000e+02 2.889149999999999978e-47
1.782500000000000000e+02 2.890020000000000069e-47
1.785000000000000000e+02 2.891429999999999765e-47
1.787500000000000000e+02 2.893059999999999786e-47
1.790000000000000000e+02 2.894150000000000202e-47
1.792500000000000000e+02 2.895659999999999825e-47
1.795000000000000000e+02 2.896680000000000050e-47
1.797500000000000000e+02 2.898060000000000011e-47
1.800000000000000000e+02 2.899010000000000044e-47
1.802500000000000000e+02 2.900090000000000224e-47
1.805000000000000000e+02 2.900420000000000226e-47
1.807500000000000000e+02 2.901149999999999934e-47
1.810000000000000000e+02 2.902389999999999997e-47
1.812500000000000000e+02 2.903180000000000147e-47
1.815000000000000000e+02 2.904520000000000138e-47
1.817500000000000000e+02 2.905530000000000127e-47
1.820000000000000000e+02 2.906159999999999908e-47
1.822500000000000000e+02 2.907030000000000000e-47
1.825000000000000000e+02 2.908139999999999915e-47
1.827500000000000000e+02 2.908779999999999932e-47
1.830000000000000000e+02 2.909689999999999995e-47
1.832500000000000000e+02 2.910549999999999851e-47
1.835000000000000000e+02 2.911240000000000074e-47
1.837500000000000000e+02 2.911619999999999796e-47
1.840000000000000000e+02 2.912429999999999931e-47
1.842500000000000000e+02 2.912870000000000095e-47
1.845000000000000000e+02 2.913359999999999979e-47
1.847500000000000000e+02 2.914110000000000158e-47
1.850000000000000000e+02 2.914279999999999791e-47
1.852500000000000000e+02 2.915009999999999985e-47
1.855000000000000000e+02 2.915410000000000178e-47
1.857500000000000000e+02 2.915860000000000091e-47
1.860000000000000000e+02 2.916549999999999828e-47
1.862500000000000000e+02 2.916790000000000139e-47
1.865000000000000000e+02 2.917269999999999787e-47
1.867500000000000000e+02 2.917800000000000128e-47
1.870000000000000000e+02 2.918239999999999805e-47
1.872500000000000000e+02 2.918589999999999792e-47
1.875000000000000000e+02 2.919000000000000221e-47
1.877500000000000000e+02 2.919829999999999855e-47
1.880000000000000000e+02 2.920050000000000180e-47
1.882500000000000000e+02 2.920409999999999916e-47
1.885000000000000000e+02 2.920270000000000019e-47
1.887500000000000000e+02 2.920659999999999976e-47
1.890000000000000000e+02 2.921479999999999861e-47
1.892500000000000000e+02 2.921269999999999772e-47
1.895000000000000000e+02 2.921820000000000098e-47
1.897500000000000000e+02 2.921619999999999759e-47
1.900000000000000000e+02 2.921789999999999877e-47
1.902500000000000000e+02 2.921929999999999775e-47
1.905000000000000000e+02 2.922230000000000041e-47
1.907500000000000000e+02 2.921999999999999966e-47
1.910000000000000000e+02 2.921410000000000156e-47
1.912500000000000000e+02 2.921789999999999877e-47
1.915000000000000000e+02 2.921720000000000172e-47
1.917500000000000000e+02 2.920910000000000036e-47
1.920000000000000000e+02 2.920250000000000034e-47
1.922500000000000000e+02 2.920130000000000122e-47
1.925000000000000000e+02 2.919680000000000208e-47
1.927500000000000000e+02 2.919470000000000119e-47
1.930000000000000000e+02 2.919289999999999765e-47
1.932500000000000000e+02 2.919289999999999765e-47
1.935000000000000000e+02 2.918509999999999850e-47
1.937500000000000000e+02 2.918540000000000072e-47
1.940000000000000000e+02 2.918349999999999968e-47
1.942500000000000000e+02 2.917630000000000009e-47
1.945000000000000000e+02 2.917459999999999891e-47
1.947500000000000000e+02 2.916980000000000243e-47
1.950000000000000000e+02 2.916159999999999871e-47
1.952500000000000000e+02 2.915289999999999780e-47
1.955000000000000000e+02 2.914830000000000117e-47
1.957500000000000000e+02 2.914050000000000202e-47
1.960000000000000000e+02 2.913439999999999920e-47
1.962500000000000000e+02 2.912690000000000227e-47
1.965000000000000000e+02 2.912290000000000034e-47
1.967500000000000000e+02 2.911169999999999882e-47
1.970000000000000000e+02 2.910839999999999881e-47
1.972500000000000000e+02 2.910299999999999791e-47
1.975000000000000000e+02 2.909700000000000230e-47
1.977500000000000000e+02 2.908420000000000196e-47
1.980000000000000000e+02 2.907550000000000105e-47
1.982500000000000000e+02 2.906310000000000041e-47
1.985000000000000000e+02 2.905349999999999772e-47
1.987500000000000000e+02 2.904440000000000196e-47
1.990000000000000000e+02 2.903360000000000015e-47
1.992500000000000000e+02 2.902009999999999789e-47
1.995000000000000000e+02 2.901060000000000243e-47
1.997500000000000000e+02 2.899659999999999810e-47
2.000000000000000000e+02 2.898210000000000144e-47
2.002500000000000000e+02 2.896899999999999888e-47
2.005000000000000000e+02 2.895140000000000206e-47
2.007500000000000000e+02 2.894190000000000173e-47
2.010000000000000000e+02 2.892770000000000242e-47
2.012500000000000000e+02 2.891360000000000060e-47
2.015000000000000000e+02 2.890069999999999790e-47
2.017500000000000000e+02 2.888179999999999959e-47
2.020000000000000000e+02 2.886629999999999880e-47
2.022500000000000000e+02 2.885579999999999920e-47
2.025000000000000000e+02 2.884020000000000091e-47
2.027500000000000000e+02 2.882439999999999791e-47
2.030000000000000000e+02 2.880170000000000239e-47
2.032500000000000000e+02 2.878459999999999791e-47
2.035000000000000000e+02 2.876749999999999829e-47
2.037500000000000000e+02 2.874720000000000101e-47
2.040000000000000000e+02 2.872919999999999962e-47
2.042500000000000000e+02 2.870640000000000175e-47
2.045000000000000000e+02 2.867810000000000061e-47
2.047500000000000000e+02 2.865449999999999846e-47
2.050000000000000000e+02 2.863010000000000176e-47
2.052500000000000000e+02 2.860869999999999800e-47
2.055000000000000000e+02 2.858459999999999864e-47
2.057500000000000000e+02 2.855659999999999972e-47
2.060000000000000000e+02 2.853279999999999772e-47
2.062500000000000000e+02 2.850439999999999908e-47
2.065000000000000000e+02 2.847480000000000133e-47
2.067500000000000000e+02 2.844040000000000224e-47
2.070000000000000000e+02 2.840619999999999813e-47
2.072500000000000000e+02 2.836849999999999902e-47
2.075000000000000000e+02 2.833219999999999889e-47
2.077500000000000000e+02 2.829990000000000069e-47
2.080000000000000000e+02 2.826269999999999878e-47
2.082500000000000000e+02 2.822770000000000012e-47
2.085000000000000000e+02 2.818949999999999895e-47
2.087500000000000000e+02 2.815179999999999984e-47
2.090000000000000000e+02 2.810570000000000203e-47
2.092500000000000000e+02 2.806179999999999774e-47
2.095000000000000000e+02 2.801180000000000036e-47
2.097500000000000000e+02 2.796890000000000020e-47
2.100000000000000000e+02 2.792170000000000076e-47
2.102500000000000000e+02 2.787530000000000074e-47
2.105000000000000000e+02 2.782739999999999938e-47
2.107500000000000000e+02 2.777949999999999803e-47
2.110000000000000000e+02 2.773069999999999976e-47
2.112500000000000000e+02 2.767780000000000207e-47
2.115000000000000000e+02 2.762190000000000172e-47
2.117500000000000000e+02 2.757010000000000079e-47
2.120000000000000000e+02 2.751630000000000133e-47
2.122500000000000000e+02 2.746140000000000024e-47
2.125000000000000000e+02 2.740029999999999884e-47
2.127500000000000000e+02 2.734319999999999936e-47
2.130000000000000000e+02 2.728330000000000194e-47
2.132500000000000000e+02 2.722419999999999907e-47
2.135000000000000000e+02 2.716490000000000121e-47
2.137500000000000000e+02 2.710109999999999935e-47
2.140000000000000000e+02 2.703680000000000029e-47
2.142500000000000000e+02 2.697230000000000138e-47
2.145000000000000000e+02 2.690599999999999892e-47
2.147500000000000000e+02 2.684090000000000045e-47
2.150000000000000000e+02 2.677350000000000123e-47
2.152500000000000000e+02 2.669979999999999934e-47
2.155000000000000000e+02 2.663069999999999894e-47
2.157500000000000000e+02 2.656320000000000222e-47
2.160000000000000000e+02 2.649570000000000065e-47
2.162500000000000000e+02 2.641849999999999889e-47
2.165000000000000000e+02 2.634799999999999951e-47
2.167500000000000000e+02 2.627719999999999793e-47
2.170000000000000000e+02 2.620250000000000163e-47
2.172500000000000000e+02 2.612609999999999928e-47
2.175000000000000000e+02 2.605380000000000123e-47
2.177500000000000000e+02 2.597639999999999962e-47
2.180000000000000000e+02 2.589969999999999992e-47
2.182500000000000000e+02 2.582399999999999949e-47
2.185000000000000000e+02 2.574479999999999920e-47
2.187500000000000000e+02 2.566109999999999978e-47
2.190000000000000000e+02 2.557999999999999845e-47
2.192500000000000000e+02 2.549669999999999873e-47
2.195000000000000000e+02 2.541200000000000003e-47
2.197500000000000000e+02 2.532219999999999779e-47
2.200000000000000000e+02 2.523860000000000072e-47
2.202500000000000000e+02 2.515309999999999775e-47
2.205000000000000000e+02 2.506409999999999978e-47
2.207500000000000000e+02 2.497490000000000196e-47
2.210000000000000000e+02 2.488749999999999795e-47
2.212500000000000000e+02 2.479360000000000114e-47
2.215000000000000000e+02 2.469920000000000226e-47
2.217500000000000000e+02 2.460399999999999911e-47
2.220000000000000000e+02 2.450840000000000112e-47
2.222500000000000000e+02 2.441819999999999916e-47
2.225000000000000000e+02 2.431859999999999924e-47
2.227500000000000000e+02 2.422309999999999874e-47
2.230000000000000000e+02 2.412630000000000162e-47
2.232500000000000000e+02 2.402899999999999758e-47
2.235000000000000000e+02 2.392980000000000222e-47
2.237500000000000000e+02 2.383249999999999818e-47
2.240000000000000000e+02 2.373229999999999869e-47
2.242500000000000000e+02 2.363129999999999979e-47
2.245000000000000000e+02 2.352760000000000044e-47
2.247500000000000000e+02 2.342330000000000153e-47
2.250000000000000000e+02 2.332240000000000012e-47
2.252500000000000000e+02 2.322060000000000181e-47
2.255000000000000000e+02 2.311359999999999758e-47
2.257500000000000000e+02 2.300749999999999999e-47
2.260000000000000000e+02 2.290530000000000197e-47
2.262500000000000000e+02 2.279939999999999937e-47
2.265000000000000000e+02 2.268980000000000191e-47
2.267500000000000000e+02 2.258010000000000210e-47
2.270000000000000000e+02 2.247459999999999920e-47
2.272500000000000000e+02 2.236660000000000057e-47
2.275000000000000000e+02 2.225340000000000089e-47
2.277500000000000000e+02 2.214100000000000062e-47
2.280000000000000000e+02 2.203230000000000007e-47
2.282500000000000000e+02 2.192590000000000027e-47
2.285000000000000000e+02 2.180970000000000035e-47
2.287500000000000000e+02 2.169529999999999912e-47
2.290000000000000000e+02 2.158209999999999944e-47
2.292500000000000000e+02 2.146929999999999946e-47
2.295000000000000000e+02 2.135810000000000075e-47
2.297500000000000000e+02 2.124280000000000017e-47
2.300000000000000000e+02 2.112799999999999924e-47
2.302500000000000000e+02 2.101419999999999999e-47
2.305000000000000000e+02 2.090249999999999921e-47
2.307500000000000000e+02 2.078780000000000063e-47
2.310000000000000000e+02 2.067490000000000073e-47
2.312500000000000000e+02 2.056099999999999913e-47
2.315000000000000000e+02 2.044429999999999958e-47
2.317500000000000000e+02 2.032839999999999945e-47
2.320000000000000000e+02 2.021670000000000110e-47
2.322500000000000000e+02 2.010410000000000098e-47
2.325000000000000000e+02 1.998530000000000054e-47
2.327500000000000000e+02 1.986900000000000070e-47
2.330000000000000000e+02 1.975380000000000005e-47
2.332500000000000000e+02 1.963750000000000021e-47
2.335000000000000000e+02 1.952030000000000103e-47
2.337500000000000000e+02 1.940289999999999957e-47
2.340000000000000000e+02 1.928890000000000047e-47
2.342500000000000000e+02 1.917010000000000003e-47
2.345000000000000000e+02 1.905119999999999967e-47
2.347500000000000000e+02 1.893479999999999990e-47
2.350000000000000000e+02 1.881760000000000072e-47
2.352500000000000000e+02 1.869520000000000049e-47
2.355000000000000000e+02 1.857809999999999880e-47
2.357500000000000000e+02 1.845729999999999983e-47
2.360000000000000000e+02 1.834109999999999992e-47
2.362500000000000000e+02 1.822070000000000065e-47
2.365000000000000000e+02 1.810150000000000050e-47
2.367500000000000000e+02 1.797890000000000042e-47
2.370000000000000000e+02 1.785340000000000003e-47
2.372500000000000000e+02 1.773209999999999899e-47
2.375000000000000000e+02 1.760809999999999993e-47
2.377500000000000000e+02 1.748599999999999948e-47
2.380000000000000000e+02 1.735959999999999975e-47
2.382500000000000000e+02 1.723809999999999886e-47
2.385000000000000000e+02 1.711620000000000069e-47
2.387500000000000000e+02 1.699459999999999988e-47
2.390000000000000000e+02 1.687360000000000105e-47
2.392500000000000000e+02 1.674800000000000073e-47
2.395000000000000000e+02 1.662359999999999954e-47
2.397500000000000000e+02 1.650039999999999989e-47
2.400000000000000000e+02 1.637330000000000067e-47
2.402500000000000000e+02 1.624579999999999932e-47
2.405000000000000000e+02 1.611870000000000010e-47
2.407500000000000000e+02 1.599419999999999898e-47
2.410000000000000000e+02 1.586910000000000073e-47
2.412500000000000000e+02 1.574409999999999997e-47
2.415000000000000000e+02 1.561650000000000112e-47
2.417500000000000000e+02 1.549339999999999897e-47
2.420000000000000000e+02 1.536860000000000050e-47
2.422500000000000000e+02 1.524079999999999936e-47
2.425000000000000000e+02 1.510910000000000109e-47
2.427500000000000000e+02 1.498100000000000017e-47
2.430000000000000000e+02 1.485450000000000051e-47
2.432500000000000000e+02 1.472570000000000011e-47
2.435000000000000000e+02 1.459009999999999983e-47
2.437500000000000000e+02 1.445479999999999933e-47
2.440000000000000000e+02 1.431690000000000074e-47
2.442500000000000000e+02 1.417180000000000013e-47
2.445000000000000000e+02 1.402609999999999996e-47
2.447500000000000000e+02 1.387419999999999947e-47
2.450000000000000000e+02 1.372640000000000084e-47
2.452500000000000000e+02 1.358829999999999996e-47
2.455000000000000000e+02 1.345019999999999908e-47
2.457500000000000000e+02 1.332200000000000067e-47
2.460000000000000000e+02 1.319630000000000043e-47
2.462500000000000000e+02 1.307680000000000050e-47
2.465000000000000000e+02 1.295609999999999903e-47
2.467500000000000000e+02 1.283740000000000094e-47
2.470000000000000000e+02 1.272480000000000082e-47
2.472500000000000000e+02 1.261759999999999918e-47
2.475000000000000000e+02 1.250739999999999973e-47
2.477500000000000000e+02 1.239980000000000080e-47
2.480000000000000000e+02 1.229219999999999945e-47
2.482500000000000000e+02 1.218359999999999882e-47
2.485000000000000000e+02 1.208009999999999933e-47
2.487500000000000000e+02 1.197230000000000055e-47
2.490000000000000000e+02 1.187039999999999988e-47
2.492500000000000000e+02 1.176819999999999943e-47
2.495000000000000000e+02 1.166529999999999949e-47
2.497500000000000000e+02 1.156289999999999918e-47
2.500000000000000000e+02 1.145210000000000017e-47
2.502500000000000000e+02 1.134299999999999992e-47
2.505000000000000000e+02 1.124069999999999954e-47
2.507500000000000000e+02 1.114119999999999954e-47
2.510000000000000000e+02 1.104879999999999920e-47
2.512500000000000000e+02 1.094859999999999971e-47
2.515000000000000000e+02 1.084980000000000042e-47
2.517500000000000000e+02 1.075599999999999988e-47
2.520000000000000000e+02 1.066110000000000016e-47
2.522500000000000000e+02 1.056579999999999951e-47
2.525000000000000000e+02 1.047629999999999948e-47
2.527500000000000000e+02 1.038939999999999997e-47
2.530000000000000000e+02 1.030920000000000041e-47
2.532500000000000000e+02 1.024500000000000006e-47
2.535000000000000000e+02 1.022340000000000009e-47
2.537500000000000000e+02 1.026980000000000011e-47
2.540000000000000000e+02 1.033809999999999989e-47
2.542500000000000000e+02 1.038600000000000003e-47
2.545000000000000000e+02 1.039479999999999966e-47
2.547500000000000000e+02 1.037870000000000052e-47
2.550000000000000000e+02 1.033050000000000060e-47
2.552500000000000000e+02 1.027760000000000047e-47
