0.000000000000000000e+00 5.000000000000000000e-01
2.500000000000000000e-01 5.000000000000000000e-01
5.000000000000000000e-01 5.000000000000000000e-01
7.500000000000000000e-01 5.000000000000000000e-01
1.000000000000000000e+00 5.000000000000000000e-01
1.250000000000000000e+00 5.000000000000000000e-01
1.500000000000000000e+00 5.000000000000000000e-01
1.750000000000000000e+00 5.000000000000000000e-01
2.000000000000000000e+00 5.000000000000000000e-01
2.250000000000000000e+00 5.000000000000000000e-01
2.500000000000000000e+00 5.000000000000000000e-01
2.750000000000000000e+00 5.000000000000000000e-01
3.000000000000000000e+00 5.000000000000000000e-01
3.250000000000000000e+00 5.000000000000000000e-01
3.500000000000000000e+00 5.000000000000000000e-01
3.750000000000000000e+00 5.000000000000000000e-01
4.000000000000000000e+00 5.000000000000000000e-01
4.250000000000000000e+00 5.000000000000000000e-01
4.500000000000000000e+00 5.000000000000000000e-01
4.750000000000000000e+00 5.000000000000000000e-01
5.000000000000000000e+00 5.000000000000000000e-01
5.250000000000000000e+00 5.000000000000000000e-01
5.500000000000000000e+00 5.000000000000000000e-01
5.750000000000000000e+00 5.000000000000000000e-01
6.000000000000000000e+00 5.000000000000000000e-01
6.250000000000000000e+00 5.000000000000000000e-01
6.500000000000000000e+00 5.000000000000000000e-01
6.750000000000000000e+00 5.000000000000000000e-01
7.000000000000000000e+00 5.000000000000000000e-01
7.250000000000000000e+00 5.000000000000000000e-01
7.500000000000000000e+00 5.000000000000000000e-01
7.750000000000000000e+00 5.000000000000000000e-01
8.000000000000000000e+00 5.000000000000000000e-01
8.250000000000000000e+00 5.000000000000000000e-01
8.500000000000000000e+00 5.000000000000000000e-01
8.750000000000000000e+00 5.000000000000000000e-01
9.000000000000000000e+00 5.000000000000000000e-01
9.250000000000000000e+00 5.000000000000000000e-01
9.500000000000000000e+00 5.000000000000000000e-01
9.750000000000000000e+00 5.000000000000000000e-01
1.000000000000000000e+01 5.000000000000000000e-01
1.025000000000000000e+01 5.000000000000000000e-01
1.050000000000000000e+01 5.000000000000000000e-01
1.075000000000000000e+01 5.000000000000000000e-01
1.100000000000000000e+01 5.000000000000000000e-01
1.125000000000000000e+01 5.000000000000000000e-01
1.150000000000000000e+01 5.000000000000000000e-01
1.175000000000000000e+01 5.000000000000000000e-01
1.200000000000000000e+01 5.000000000000000000e-01
1.225000000000000000e+01 5.000000000000000000e-01
1.250000000000000000e+01 5.000000000000000000e-01
1.275000000000000000e+01 5.000000000000000000e-01
1.300000000000000000e+01 5.000000000000000000e-01
1.325000000000000000e+01 5.000000000000000000e-01
1.350000000000000000e+01 5.000000000000000000e-01
1.375000000000000000e+01 5.000000000000000000e-01
1.400000000000000000e+01 5.000000000000000000e-01
1.425000000000000000e+01 5.000000000000000000e-01
1.450000000000000000e+01 5.000000000000000000e-01
1.475000000000000000e+01 5.000000000000000000e-01
1.500000000000000000e+01 5.000000000000000000e-01
1.525000000000000000e+01 5.000000000000000000e-01
1.550000000000000000e+01 5.000000000000000000e-01
1.575000000000000000e+01 5.000000000000000000e-01
1.600000000000000000e+01 7.173019999999999864e-42
1.625000000000000000e+01 5.746169999999999458e-42
1.650000000000000000e+01 4.602290000000000157e-42
1.675000000000000000e+01 3.683930000000000181e-42
1.700000000000000000e+01 2.941790000000000063e-42
1.725000000000000000e+01 2.347650000000000144e-42
1.750000000000000000e+01 1.871659999999999854e-42
1.775000000000000000e+01 1.499719999999999861e-42
1.800000000000000000e+01 1.203240000000000038e-42
1.825000000000000000e+01 9.679049999999999610e-43
1.850000000000000000e+01 7.812640000000000382e-43
1.875000000000000000e+01 6.328900000000000177e-43
1.900000000000000000e+01 5.148639999999999992e-43
1.925000000000000000e+01 4.205719999999999837e-43
1.950000000000000000e+01 3.449429999999999884e-43
1.975000000000000000e+01 2.850520000000000199e-43
2.000000000000000000e+01 2.392369999999999847e-43
2.025000000000000000e+01 2.070370000000000039e-43
2.050000000000000000e+01 1.833610000000000125e-43
2.075000000000000000e+01 1.656499999999999931e-43
2.100000000000000000e+01 1.587469999999999942e-43
2.125000000000000000e+01 2.085139999999999836e-43
2.150000000000000000e+01 4.273269999999999792e-43
2.175000000000000000e+01 9.938400000000000302e-43
2.200000000000000000e+01 8.243280000000000349e-43
2.225000000000000000e+01 2.651300000000000126e-43
2.250000000000000000e+01 1.065380000000000087e-43
2.275000000000000000e+01 5.721670000000000442e-44
2.300000000000000000e+01 3.896619999999999821e-44
2.325000000000000000e+01 2.992119999999999762e-44
2.350000000000000000e+01 2.432659999999999948e-44
2.375000000000000000e+01 2.038709999999999960e-44
2.400000000000000000e+01 1.739430000000000090e-44
2.425000000000000000e+01 1.504119999999999967e-44
2.450000000000000000e+01 1.309639999999999985e-44
2.475000000000000000e+01 1.146399999999999968e-44
2.500000000000000000e+01 1.007899999999999939e-44
2.525000000000000000e+01 8.896370000000000425e-45
2.550000000000000000e+01 7.876319999999999821e-45
2.575000000000000000e+01 6.995809999999999527e-45
2.600000000000000000e+01 6.230880000000000418e-45
2.625000000000000000e+01 5.573590000000000243e-45
2.650000000000000000e+01 5.008319999999999890e-45
2.675000000000000000e+01 4.536039999999999845e-45
2.700000000000000000e+01 4.185809999999999947e-45
2.725000000000000000e+01 4.041249999999999719e-45
2.750000000000000000e+01 5.155379999999999822e-45
2.775000000000000000e+01 5.879209999999999615e-44
2.800000000000000000e+01 3.466280000000000117e-45
2.825000000000000000e+01 2.730210000000000099e-45
2.850000000000000000e+01 2.364499999999999996e-45
2.875000000000000000e+01 2.114079999999999899e-45
2.900000000000000000e+01 1.921259999999999902e-45
2.925000000000000000e+01 1.759050000000000097e-45
2.950000000000000000e+01 1.619500000000000155e-45
2.975000000000000000e+01 1.494650000000000115e-45
3.000000000000000000e+01 1.384440000000000002e-45
3.025000000000000000e+01 1.285639999999999995e-45
3.050000000000000000e+01 1.196189999999999952e-45
3.075000000000000000e+01 1.115329999999999923e-45
3.100000000000000000e+01 1.042320000000000004e-45
3.125000000000000000e+01 9.762140000000000418e-46
3.150000000000000000e+01 9.161150000000000770e-46
3.175000000000000000e+01 8.615690000000000045e-46
3.200000000000000000e+01 8.117109999999999965e-46
3.225000000000000000e+01 7.663139999999999228e-46
3.250000000000000000e+01 7.246980000000000095e-46
3.275000000000000000e+01 6.867299999999999895e-46
3.300000000000000000e+01 6.519169999999999761e-46
3.325000000000000000e+01 6.197409999999999892e-46
3.350000000000000000e+01 5.900409999999999962e-46
3.375000000000000000e+01 5.627720000000000153e-46
3.400000000000000000e+01 5.375729999999999662e-46
3.425000000000000000e+01 5.141920000000000138e-46
3.450000000000000000e+01 4.925450000000000061e-46
3.475000000000000000e+01 4.723370000000000375e-46
3.500000000000000000e+01 4.537060000000000361e-46
3.525000000000000000e+01 4.364319999999999882e-46
3.550000000000000000e+01 4.204820000000000006e-46
3.575000000000000000e+01 4.056170000000000102e-46
3.600000000000000000e+01 3.917410000000000096e-46
3.625000000000000000e+01 3.787889999999999736e-46
3.650000000000000000e+01 3.665939999999999807e-46
3.675000000000000000e+01 3.552039999999999957e-46
3.700000000000000000e+01 3.445879999999999978e-46
3.725000000000000000e+01 3.346660000000000065e-46
3.750000000000000000e+01 3.252740000000000060e-46
3.775000000000000000e+01 3.164049999999999965e-46
3.800000000000000000e+01 3.081459999999999969e-46
3.825000000000000000e+01 3.003689999999999844e-46
3.850000000000000000e+01 2.930279999999999829e-46
3.875000000000000000e+01 2.861579999999999911e-46
3.900000000000000000e+01 2.796719999999999901e-46
3.925000000000000000e+01 2.735100000000000045e-46
3.950000000000000000e+01 2.676350000000000078e-46
3.975000000000000000e+01 2.621529999999999905e-46
4.000000000000000000e+01 2.569360000000000075e-46
4.025000000000000000e+01 2.519459999999999991e-46
4.050000000000000000e+01 2.472110000000000031e-46
4.075000000000000000e+01 2.426060000000000188e-46
4.100000000000000000e+01 2.382680000000000187e-46
4.125000000000000000e+01 2.341110000000000172e-46
4.150000000000000000e+01 2.301469999999999860e-46
4.175000000000000000e+01 2.263239999999999828e-46
4.200000000000000000e+01 2.226490000000000072e-46
4.225000000000000000e+01 2.190760000000000055e-46
4.250000000000000000e+01 2.156519999999999870e-46
4.275000000000000000e+01 2.123199999999999983e-46
4.300000000000000000e+01 2.091039999999999828e-46
4.325000000000000000e+01 2.060239999999999844e-46
4.350000000000000000e+01 2.030529999999999985e-46
4.375000000000000000e+01 2.001699999999999870e-46
4.400000000000000000e+01 1.974589999999999855e-46
4.425000000000000000e+01 1.948789999999999901e-46
4.450000000000000000e+01 1.925979999999999943e-46
4.475000000000000000e+01 1.906540000000000190e-46
4.500000000000000000e+01 1.892730000000000053e-46
4.525000000000000000e+01 1.884499999999999814e-46
4.550000000000000000e+01 1.886439999999999850e-46
4.575000000000000000e+01 1.901179999999999840e-46
4.600000000000000000e+01 1.935770000000000012e-46
4.625000000000000000e+01 1.999930000000000049e-46
4.650000000000000000e+01 2.121300000000000111e-46
4.675000000000000000e+01 2.356900000000000121e-46
4.700000000000000000e+01 2.830779999999999927e-46
4.725000000000000000e+01 3.791179999999999998e-46
4.750000000000000000e+01 5.480009999999999658e-46
4.775000000000000000e+01 8.444400000000000011e-46
4.800000000000000000e+01 1.420530000000000027e-45
4.825000000000000000e+01 2.337460000000000056e-45
4.850000000000000000e+01 2.065110000000000057e-45
4.875000000000000000e+01 1.172730000000000052e-45
4.900000000000000000e+01 7.074439999999999275e-46
4.925000000000000000e+01 4.619859999999999960e-46
4.950000000000000000e+01 3.159399999999999921e-46
4.975000000000000000e+01 2.354480000000000047e-46
5.000000000000000000e+01 1.942399999999999869e-46
5.025000000000000000e+01 1.713459999999999936e-46
5.050000000000000000e+01 1.574010000000000096e-46
5.075000000000000000e+01 1.484069999999999993e-46
5.100000000000000000e+01 1.419510000000000055e-46
5.125000000000000000e+01 1.371860000000000024e-46
5.150000000000000000e+01 1.333629999999999991e-46
5.175000000000000000e+01 1.303009999999999973e-46
5.200000000000000000e+01 1.276729999999999982e-46
5.225000000000000000e+01 1.254130000000000016e-46
5.250000000000000000e+01 1.233680000000000079e-46
5.275000000000000000e+01 1.215020000000000045e-46
5.300000000000000000e+01 1.197740000000000070e-46
5.325000000000000000e+01 1.181370000000000060e-46
5.350000000000000000e+01 1.165669999999999996e-46
5.375000000000000000e+01 1.150610000000000046e-46
5.400000000000000000e+01 1.136159999999999990e-46
5.425000000000000000e+01 1.122170000000000082e-46
5.450000000000000000e+01 1.108380000000000029e-46
5.475000000000000000e+01 1.095020000000000097e-46
5.500000000000000000e+01 1.082410000000000053e-46
5.525000000000000000e+01 1.070089999999999943e-46
5.550000000000000000e+01 1.058330000000000006e-46
5.575000000000000000e+01 1.047170000000000018e-46
5.600000000000000000e+01 1.036829999999999915e-46
5.625000000000000000e+01 1.027579999999999936e-46
5.650000000000000000e+01 1.019859999999999955e-46
5.675000000000000000e+01 1.014609999999999962e-46
5.700000000000000000e+01 1.012410000000000019e-46
5.725000000000000000e+01 1.014600000000000018e-46
5.750000000000000000e+01 1.023700000000000058e-46
5.775000000000000000e+01 1.042799999999999963e-46
5.800000000000000000e+01 1.080010000000000062e-46
5.825000000000000000e+01 1.147930000000000066e-46
5.850000000000000000e+01 1.276650000000000040e-46
5.875000000000000000e+01 1.520770000000000029e-46
5.900000000000000000e+01 1.906589999999999910e-46
5.925000000000000000e+01 2.664810000000000077e-46
5.950000000000000000e+01 4.599400000000000079e-46
5.975000000000000000e+01 1.065299999999999944e-45
6.000000000000000000e+01 2.800850000000000054e-45
6.025000000000000000e+01 1.116060000000000039e-45
6.050000000000000000e+01 4.553380000000000068e-46
6.075000000000000000e+01 2.574070000000000172e-46
6.100000000000000000e+01 1.797529999999999820e-46
6.125000000000000000e+01 1.396789999999999983e-46
6.150000000000000000e+01 1.141449999999999953e-46
6.175000000000000000e+01 9.992080000000000201e-47
6.200000000000000000e+01 9.160790000000000061e-47
6.225000000000000000e+01 8.632200000000000245e-47
6.250000000000000000e+01 8.273429999999999936e-47
6.275000000000000000e+01 8.011640000000000015e-47
6.300000000000000000e+01 7.812879999999999840e-47
6.325000000000000000e+01 7.654299999999999873e-47
6.350000000000000000e+01 7.521680000000000326e-47
6.375000000000000000e+01 7.409320000000000029e-47
6.400000000000000000e+01 7.311190000000000241e-47
6.425000000000000000e+01 7.221789999999999646e-47
6.450000000000000000e+01 7.139030000000000018e-47
6.475000000000000000e+01 7.060379999999999565e-47
6.500000000000000000e+01 6.985420000000000054e-47
6.525000000000000000e+01 6.913500000000000260e-47
6.550000000000000000e+01 6.844660000000000153e-47
6.575000000000000000e+01 6.777280000000000434e-47
6.600000000000000000e+01 6.710690000000000380e-47
6.625000000000000000e+01 6.646839999999999776e-47
6.650000000000000000e+01 6.584049999999999853e-47
6.675000000000000000e+01 6.522309999999999890e-47
6.700000000000000000e+01 6.460929999999999663e-47
6.725000000000000000e+01 6.401380000000000283e-47
6.750000000000000000e+01 6.343009999999999552e-47
6.775000000000000000e+01 6.285919999999999827e-47
6.800000000000000000e+01 6.229180000000000089e-47
6.825000000000000000e+01 6.172870000000000279e-47
6.850000000000000000e+01 6.118329999999999900e-47
6.875000000000000000e+01 6.063889999999999935e-47
6.900000000000000000e+01 6.010920000000000108e-47
6.925000000000000000e+01 5.958540000000000091e-47
6.950000000000000000e+01 5.906650000000000444e-47
6.975000000000000000e+01 5.855269999999999695e-47
7.000000000000000000e+01 5.804960000000000349e-47
7.025000000000000000e+01 5.755610000000000299e-47
7.050000000000000000e+01 5.706610000000000236e-47
7.075000000000000000e+01 5.658479999999999778e-47
7.100000000000000000e+01 5.611090000000000236e-47
7.125000000000000000e+01 5.564549999999999829e-47
7.150000000000000000e+01 5.518729999999999866e-47
7.175000000000000000e+01 5.473710000000000289e-47
7.200000000000000000e+01 5.428670000000000240e-47
7.225000000000000000e+01 5.384640000000000181e-47
7.250000000000000000e+01 5.341660000000000081e-47
7.275000000000000000e+01 5.299170000000000351e-47
7.300000000000000000e+01 5.257189999999999518e-47
7.325000000000000000e+01 5.215730000000000249e-47
7.350000000000000000e+01 5.175160000000000084e-47
7.375000000000000000e+01 5.135120000000000261e-47
7.400000000000000000e+01 5.095719999999999968e-47
7.425000000000000000e+01 5.056789999999999573e-47
7.450000000000000000e+01 5.018010000000000285e-47
7.475000000000000000e+01 4.980279999999999983e-47
7.500000000000000000e+01 4.942920000000000140e-47
7.525000000000000000e+01 4.906429999999999902e-47
7.550000000000000000e+01 4.870650000000000359e-47
7.575000000000000000e+01 4.835179999999999860e-47
7.600000000000000000e+01 4.799819999999999523e-47
7.625000000000000000e+01 4.765259999999999572e-47
7.650000000000000000e+01 4.730879999999999975e-47
7.675000000000000000e+01 4.697109999999999688e-47
7.700000000000000000e+01 4.664010000000000126e-47
7.725000000000000000e+01 4.631730000000000449e-47
7.750000000000000000e+01 4.599470000000000271e-47
7.775000000000000000e+01 4.567700000000000463e-47
7.800000000000000000e+01 4.536089999999999565e-47
7.825000000000000000e+01 4.505190000000000335e-47
7.850000000000000000e+01 4.474769999999999780e-47
7.875000000000000000e+01 4.444690000000000435e-47
7.900000000000000000e+01 4.415009999999999825e-47
7.925000000000000000e+01 4.385889999999999776e-47
7.950000000000000000e+01 4.356859999999999905e-47
7.975000000000000000e+01 4.328580000000000213e-47
8.000000000000000000e+01 4.300530000000000109e-47
8.025000000000000000e+01 4.272989999999999875e-47
8.050000000000000000e+01 4.245479999999999862e-47
8.075000000000000000e+01 4.218680000000000057e-47
8.100000000000000000e+01 4.192279999999999960e-47
8.125000000000000000e+01 4.166539999999999865e-47
8.150000000000000000e+01 4.141390000000000066e-47
8.175000000000000000e+01 4.116270000000000003e-47
8.200000000000000000e+01 4.091209999999999896e-47
8.225000000000000000e+01 4.066840000000000012e-47
8.250000000000000000e+01 4.042419999999999922e-47
8.275000000000000000e+01 4.018479999999999966e-47
8.300000000000000000e+01 3.994830000000000040e-47
8.325000000000000000e+01 3.971479999999999895e-47
8.350000000000000000e+01 3.948390000000000046e-47
8.375000000000000000e+01 3.925529999999999784e-47
8.400000000000000000e+01 3.902869999999999863e-47
8.425000000000000000e+01 3.880409999999999795e-47
8.450000000000000000e+01 3.858320000000000184e-47
8.475000000000000000e+01 3.837010000000000003e-47
8.500000000000000000e+01 3.815849999999999954e-47
8.525000000000000000e+01 3.794889999999999759e-47
8.550000000000000000e+01 3.774570000000000067e-47
8.575000000000000000e+01 3.754229999999999903e-47
8.600000000000000000e+01 3.734229999999999976e-47
8.625000000000000000e+01 3.714549999999999815e-47
8.650000000000000000e+01 3.695229999999999877e-47
8.675000000000000000e+01 3.676259999999999924e-47
8.700000000000000000e+01 3.657139999999999839e-47
8.725000000000000000e+01 3.638140000000000152e-47
8.750000000000000000e+01 3.619239999999999905e-47
8.775000000000000000e+01 3.600989999999999911e-47
8.800000000000000000e+01 3.582980000000000228e-47
8.825000000000000000e+01 3.565499999999999913e-47
8.850000000000000000e+01 3.548069999999999804e-47
8.875000000000000000e+01 3.530749999999999858e-47
8.900000000000000000e+01 3.513560000000000060e-47
8.925000000000000000e+01 3.497059999999999999e-47
8.950000000000000000e+01 3.480610000000000144e-47
8.975000000000000000e+01 3.464289999999999952e-47
9.000000000000000000e+01 3.448250000000000040e-47
9.025000000000000000e+01 3.432270000000000084e-47
9.050000000000000000e+01 3.416620000000000129e-47
9.075000000000000000e+01 3.401039999999999880e-47
9.100000000000000000e+01 3.385639999999999985e-47
9.125000000000000000e+01 3.370729999999999974e-47
9.150000000000000000e+01 3.355830000000000199e-47
9.175000000000000000e+01 3.341000000000000130e-47
9.200000000000000000e+01 3.326590000000000238e-47
9.225000000000000000e+01 3.312290000000000023e-47
9.250000000000000000e+01 3.298379999999999766e-47
9.275000000000000000e+01 3.284509999999999965e-47
9.300000000000000000e+01 3.270890000000000224e-47
9.325000000000000000e+01 3.257759999999999881e-47
9.350000000000000000e+01 3.244619999999999788e-47
9.375000000000000000e+01 3.231669999999999799e-47
9.400000000000000000e+01 3.218840000000000209e-47
9.425000000000000000e+01 3.205939999999999940e-47
9.450000000000000000e+01 3.193040000000000157e-47
9.475000000000000000e+01 3.180569999999999817e-47
9.500000000000000000e+01 3.168460000000000185e-47
9.525000000000000000e+01 3.156230000000000154e-47
9.550000000000000000e+01 3.144490000000000008e-47
9.575000000000000000e+01 3.132459999999999831e-47
9.600000000000000000e+01 3.121239999999999789e-47
9.625000000000000000e+01 3.109699999999999982e-47
9.650000000000000000e+01 3.098450000000000206e-47
9.675000000000000000e+01 3.087350000000000076e-47
9.700000000000000000e+01 3.076440000000000051e-47
9.725000000000000000e+01 3.065580000000000232e-47
9.750000000000000000e+01 3.054919999999999780e-47
9.775000000000000000e+01 3.044569999999999830e-47
9.800000000000000000e+01 3.034190000000000145e-47
9.825000000000000000e+01 3.024230000000000153e-47
9.850000000000000000e+01 3.014569999999999940e-47
9.875000000000000000e+01 3.004640000000000169e-47
9.900000000000000000e+01 2.995010000000000177e-47
9.925000000000000000e+01 2.985480000000000113e-47
9.950000000000000000e+01 2.976180000000000122e-47
9.975000000000000000e+01 2.967009999999999794e-47
1.000000000000000000e+02 2.958010000000000070e-47
1.002500000000000000e+02 2.949170000000000229e-47
1.005000000000000000e+02 2.940320000000000152e-47
1.007500000000000000e+02 2.931700000000000150e-47
1.010000000000000000e+02 2.923089999999999897e-47
1.012500000000000000e+02 2.914549999999999836e-47
1.015000000000000000e+02 2.906110000000000188e-47
1.017500000000000000e+02 2.897969999999999833e-47
1.020000000000000000e+02 2.890089999999999775e-47
1.022500000000000000e+02 2.882179999999999981e-47
1.025000000000000000e+02 2.874219999999999981e-47
1.027500000000000000e+02 2.866869999999999778e-47
1.030000000000000000e+02 2.859170000000000073e-47
1.032500000000000000e+02 2.851939999999999781e-47
1.035000000000000000e+02 2.844630000000000034e-47
1.037500000000000000e+02 2.837219999999999874e-47
1.040000000000000000e+02 2.829799999999999965e-47
1.042500000000000000e+02 2.822969999999999866e-47
1.045000000000000000e+02 2.816150000000000003e-47
1.047500000000000000e+02 2.809470000000000037e-47
1.050000000000000000e+02 2.802810000000000057e-47
1.052500000000000000e+02 2.796440000000000107e-47
1.055000000000000000e+02 2.789849999999999832e-47
1.057500000000000000e+02 2.783720000000000192e-47
1.060000000000000000e+02 2.777760000000000185e-47
1.062500000000000000e+02 2.771710000000000001e-47
1.065000000000000000e+02 2.765650000000000067e-47
1.067500000000000000e+02 2.759840000000000192e-47
1.070000000000000000e+02 2.754040000000000068e-47
1.072500000000000000e+02 2.748239999999999943e-47
1.075000000000000000e+02 2.742760000000000070e-47
1.077500000000000000e+02 2.737719999999999875e-47
1.080000000000000000e+02 2.732270000000000223e-47
1.082500000000000000e+02 2.726720000000000158e-47
1.085000000000000000e+02 2.721620000000000007e-47
1.087500000000000000e+02 2.716280000000000031e-47
1.090000000000000000e+02 2.711400000000000205e-47
1.092500000000000000e+02 2.706599999999999834e-47
1.095000000000000000e+02 2.701660000000000051e-47
1.097500000000000000e+02 2.696960000000000093e-47
1.100000000000000000e+02 2.692249999999999899e-47
1.102500000000000000e+02 2.687620000000000132e-47
1.105000000000000000e+02 2.683170000000000233e-47
1.107500000000000000e+02 2.678900000000000203e-47
1.110000000000000000e+02 2.674770000000000070e-47
1.112500000000000000e+02 2.670549999999999759e-47
1.115000000000000000e+02 2.666750000000000114e-47
1.117500000000000000e+02 2.662580000000000010e-47
1.120000000000000000e+02 2.658879999999999805e-47
1.122500000000000000e+02 2.655220000000000056e-47
1.125000000000000000e+02 2.651490000000000116e-47
1.127500000000000000e+02 2.647829999999999882e-47
1.130000000000000000e+02 2.644389999999999972e-47
1.132500000000000000e+02 2.640680000000000017e-47
1.135000000000000000e+02 2.637209999999999887e-47
1.137500000000000000e+02 2.633900000000000125e-47
1.140000000000000000e+02 2.630609999999999862e-47
1.142500000000000000e+02 2.627840000000000191e-47
1.145000000000000000e+02 2.624859999999999944e-47
1.147500000000000000e+02 2.621849999999999963e-47
1.150000000000000000e+02 2.618930000000000158e-47
1.152500000000000000e+02 2.616239999999999942e-47
1.155000000000000000e+02 2.613489999999999770e-47
1.157500000000000000e+02 2.611090000000000070e-47
1.160000000000000000e+02 2.608339999999999898e-47
1.162500000000000000e+02 2.605830000000000036e-47
1.165000000000000000e+02 2.603380000000000130e-47
1.167500000000000000e+02 2.600990000000000180e-47
1.170000000000000000e+02 2.598729999999999892e-47
1.172500000000000000e+02 2.596640000000000208e-47
1.175000000000000000e+02 2.594459999999999861e-47
1.177500000000000000e+02 2.592359999999999942e-47
1.180000000000000000e+02 2.590590000000000024e-47
1.182500000000000000e+02 2.588840000000000091e-47
1.185000000000000000e+02 2.586969999999999760e-47
1.187500000000000000e+02 2.585250000000000048e-47
1.190000000000000000e+02 2.583670000000000234e-47
1.192500000000000000e+02 2.582300000000000023e-47
1.195000000000000000e+02 2.581059999999999959e-47
1.197500000000000000e+02 2.579669999999999763e-47
1.200000000000000000e+02 2.578550000000000097e-47
1.202500000000000000e+02 2.577870000000000109e-47
1.205000000000000000e+02 2.582220000000000081e-47
1.207500000000000000e+02 2.575500000000000145e-47
1.210000000000000000e+02 2.573930000000000080e-47
1.212500000000000000e+02 2.572260000000000089e-47
1.215000000000000000e+02 2.571040000000000011e-47
1.217500000000000000e+02 2.569899999999999874e-47
1.220000000000000000e+02 2.569009999999999797e-47
1.222500000000000000e+02 2.568100000000000221e-47
1.225000000000000000e+02 2.567179999999999923e-47
1.227500000000000000e+02 2.566220000000000140e-47
1.230000000000000000e+02 2.565689999999999799e-47
1.232500000000000000e+02 2.565159999999999945e-47
1.235000000000000000e+02 2.564650000000000075e-47
1.237500000000000000e+02 2.564070000000000014e-47
1.240000000000000000e+02 2.563640000000000086e-47
1.242500000000000000e+02 2.563330000000000070e-47
1.245000000000000000e+02 2.563099999999999996e-47
1.247500000000000000e+02 2.562630000000000097e-47
1.250000000000000000e+02 2.562409999999999772e-47
1.252500000000000000e+02 2.561959999999999859e-47
1.255000000000000000e+02 2.561799999999999976e-47
1.257500000000000000e+02 2.561709999999999799e-47
1.260000000000000000e+02 2.561729999999999785e-47
1.262500000000000000e+02 2.561640000000000094e-47
1.265000000000000000e+02 2.561760000000000006e-47
1.267500000000000000e+02 2.561799999999999976e-47
1.270000000000000000e+02 2.561919999999999888e-47
1.272500000000000000e+02 2.562109999999999992e-47
1.275000000000000000e+02 2.562470000000000215e-47
1.277500000000000000e+02 2.562940000000000113e-47
1.280000000000000000e+02 2.563299999999999849e-47
1.282500000000000000e+02 2.563749999999999763e-47
1.285000000000000000e+02 2.564220000000000147e-47
1.287500000000000000e+02 2.564829999999999943e-47
1.290000000000000000e+02 2.565460000000000211e-47
1.292500000000000000e+02 2.566169999999999934e-47
1.295000000000000000e+02 2.566809999999999951e-47
1.297500000000000000e+02 2.567649999999999821e-47
1.300000000000000000e+02 2.568380000000000015e-47
1.302500000000000000e+02 2.569250000000000107e-47
1.305000000000000000e+02 2.570109999999999963e-47
1.307500000000000000e+02 2.570969999999999819e-47
1.310000000000000000e+02 2.571810000000000175e-47
1.312500000000000000e+02 2.572769999999999958e-47
1.315000000000000000e+02 2.573629999999999814e-47
1.317500000000000000e+02 2.574960000000000055e-47
1.320000000000000000e+02 2.576030000000000000e-47
1.322500000000000000e+02 2.577299999999999798e-47
1.325000000000000000e+02 2.578399999999999964e-47
1.327500000000000000e+02 2.579770000000000175e-47
1.330000000000000000e+02 2.580929999999999811e-47
1.332500000000000000e+02 2.582280000000000037e-47
1.335000000000000000e+02 2.583719999999999954e-47
1.337500000000000000e+02 2.585159999999999871e-47
1.340000000000000000e+02 2.586709999999999951e-47
1.342500000000000000e+02 2.588260000000000030e-47
1.345000000000000000e+02 2.589750000000000153e-47
1.347500000000000000e+02 2.591090000000000144e-47
1.350000000000000000e+02 2.592680000000000194e-47
1.352500000000000000e+02 2.594299999999999979e-47
1.355000000000000000e+02 2.596200000000000045e-47
1.357500000000000000e+02 2.597960000000000213e-47
1.360000000000000000e+02 2.599639999999999954e-47
1.362500000000000000e+02 2.601500000000000049e-47
1.365000000000000000e+02 2.603130000000000070e-47
1.367500000000000000e+02 2.605300000000000181e-47
1.370000000000000000e+02 2.607050000000000114e-47
1.372500000000000000e+02 2.609090000000000077e-47
1.375000000000000000e+02 2.611039999999999864e-47
1.377500000000000000e+02 2.613280000000000167e-47
1.380000000000000000e+02 2.615309999999999894e-47
1.382500000000000000e+02 2.617280000000000152e-47
1.385000000000000000e+02 2.619550000000000190e-47
1.387500000000000000e+02 2.621710000000000065e-47
1.390000000000000000e+02 2.623759999999999778e-47
1.392500000000000000e+02 2.625980000000000096e-47
1.395000000000000000e+02 2.628270000000000119e-47
1.397500000000000000e+02 2.630549999999999906e-47
1.400000000000000000e+02 2.632870000000000151e-47
1.402500000000000000e+02 2.635320000000000057e-47
1.405000000000000000e+02 2.637670000000000036e-47
1.407500000000000000e+02 2.640139999999999927e-47
1.410000000000000000e+02 2.642649999999999789e-47
1.412500000000000000e+02 2.645049999999999975e-47
1.415000000000000000e+02 2.647510000000000116e-47
1.417500000000000000e+02 2.650190000000000097e-47
1.420000000000000000e+02 2.652710000000000194e-47
1.422500000000000000e+02 2.655359999999999954e-47
1.425000000000000000e+02 2.657940000000000007e-47
1.427500000000000000e+02 2.660610000000000238e-47
1.430000000000000000e+02 2.663290000000000219e-47
1.432500000000000000e+02 2.666249999999999994e-47
1.435000000000000000e+02 2.669040000000000137e-47
1.437500000000000000e+02 2.671829999999999794e-47
1.440000000000000000e+02 2.674759999999999834e-47
1.442500000000000000e+02 2.677510000000000006e-47
1.445000000000000000e+02 2.680429999999999811e-47
1.447500000000000000e+02 2.683210000000000204e-47
1.450000000000000000e+02 2.686369999999999833e-47
1.452500000000000000e+02 2.689390000000000050e-47
1.455000000000000000e+02 2.692269999999999884e-47
1.457500000000000000e+02 2.695350000000000057e-47
1.460000000000000000e+02 2.698340000000000054e-47
1.462500000000000000e+02 2.701299999999999829e-47
1.465000000000000000e+02 2.704340000000000032e-47
1.467500000000000000e+02 2.707380000000000234e-47
1.470000000000000000e+02 2.710630000000000040e-47
1.472500000000000000e+02 2.713799999999999904e-47
1.475000000000000000e+02 2.717010000000000226e-47
1.477500000000000000e+02 2.720379999999999944e-47
1.480000000000000000e+02 2.723449999999999881e-47
1.482500000000000000e+02 2.726579999999999775e-47
1.485000000000000000e+02 2.729790000000000096e-47
1.487500000000000000e+02 2.733019999999999917e-47
1.490000000000000000e+02 2.736129999999999825e-47
1.492500000000000000e+02 2.739400000000000102e-47
1.495000000000000000e+02 2.742720000000000100e-47
1.497500000000000000e+02 2.746000000000000127e-47
1.500000000000000000e+02 2.749429999999999800e-47
1.502500000000000000e+02 2.753039999999999828e-47
1.505000000000000000e+02 2.756379999999999811e-47
1.507500000000000000e+02 2.760190000000000179e-47
1.510000000000000000e+02 2.763849999999999927e-47
1.512500000000000000e+02 2.767169999999999925e-47
1.515000000000000000e+02 2.770750000000000218e-47
1.517500000000000000e+02 2.774330000000000025e-47
1.520000000000000000e+02 2.777929999999999817e-47
1.522500000000000000e+02 2.781330000000000242e-47
1.525000000000000000e+02 2.784830000000000108e-47
1.527500000000000000e+02 2.788340000000000209e-47
1.530000000000000000e+02 2.791769999999999883e-47
1.532500000000000000e+02 2.795270000000000235e-47
1.535000000000000000e+02 2.798859999999999791e-47
1.537500000000000000e+02 2.802529999999999776e-47
1.540000000000000000e+02 2.806150000000000039e-47
1.542500000000000000e+02 2.809709999999999861e-47
1.545000000000000000e+02 2.813060000000000080e-47
1.547500000000000000e+02 2.816670000000000108e-47
1.550000000000000000e+02 2.820209999999999944e-47
1.552500000000000000e+02 2.823720000000000045e-47
1.555000000000000000e+02 2.827440000000000236e-47
1.557500000000000000e+02 2.831130000000000205e-47
1.560000000000000000e+02 2.834869999999999895e-47
1.562500000000000000e+02 2.838559999999999864e-47
1.565000000000000000e+02 2.842160000000000143e-47
1.567500000000000000e+02 2.845779999999999921e-47
1.570000000000000000e+02 2.849489999999999875e-47
1.572500000000000000e+02 2.852979999999999991e-47
1.575000000000000000e+02 2.856579999999999784e-47
1.577500000000000000e+02 2.860279999999999989e-47
1.580000000000000000e+02 2.863870000000000032e-47
1.582500000000000000e+02 2.867560000000000001e-47
1.585000000000000000e+02 2.871170000000000029e-47
1.587500000000000000e+02 2.874979999999999911e-47
1.590000000000000000e+02 2.878560000000000204e-47
1.592500000000000000e+02 2.882319999999999879e-47
1.595000000000000000e+02 2.885969999999999878e-47
1.597500000000000000e+02 2.889849999999999951e-47
1.600000000000000000e+02 2.893570000000000141e-47
1.602500000000000000e+02 2.897599999999999862e-47
1.605000000000000000e+02 2.901280000000000081e-47
1.607500000000000000e+02 2.905089999999999963e-47
1.610000000000000000e+02 2.908710000000000227e-47
1.612500000000000000e+02 2.912369999999999975e-47
1.615000000000000000e+02 2.915789999999999899e-47
1.617500000000000000e+02 2.919510000000000090e-47
1.620000000000000000e+02 2.923350000000000192e-47
1.622500000000000000e+02 2.926940000000000235e-47
1.625000000000000000e+02 2.930579999999999998e-47
1.627500000000000000e+02 2.934260000000000218e-47
1.630000000000000000e+02 2.937990000000000158e-47
1.632500000000000000e+02 2.942019999999999878e-47
1.635000000000000000e+02 2.945879999999999966e-47
1.637500000000000000e+02 2.949439999999999788e-47
1.640000000000000000e+02 2.953139999999999993e-47
1.642500000000000000e+02 2.956820000000000213e-47
1.645000000000000000e+02 2.960579999999999888e-47
1.647500000000000000e+02 2.964140000000000196e-47
1.650000000000000000e+02 2.967839999999999915e-47
1.652500000000000000e+02 2.971259999999999839e-47
1.655000000000000000e+02 2.974860000000000118e-47
1.657500000000000000e+02 2.978309999999999777e-47
1.660000000000000000e+02 2.981910000000000055e-47
1.662500000000000000e+02 2.985369999999999950e-47
1.665000000000000000e+02 2.988929999999999772e-47
1.667500000000000000e+02 2.992530000000000050e-47
1.670000000000000000e+02 2.995810000000000077e-47
1.672500000000000000e+02 2.999389999999999884e-47
1.675000000000000000e+02 3.002840000000000029e-47
1.677500000000000000e+02 3.005940000000000188e-47
1.680000000000000000e+02 3.009449999999999803e-47
1.682500000000000000e+02 3.012829999999999757e-47
1.685000000000000000e+02 3.016190000000000211e-47
1.687500000000000000e+02 3.019550000000000180e-47
1.690000000000000000e+02 3.022930000000000133e-47
1.692500000000000000e+02 3.026170000000000189e-47
1.695000000000000000e+02 3.029539999999999907e-47
1.697500000000000000e+02 3.032890000000000126e-47
1.700000000000000000e+02 3.036239999999999858e-47
1.702500000000000000e+02 3.039479999999999914e-47
1.705000000000000000e+02 3.042999999999999765e-47
1.707500000000000000e+02 3.046329999999999999e-47
1.710000000000000000e+02 3.049889999999999820e-47
1.712500000000000000e+02 3.053140000000000112e-47
1.715000000000000000e+02 3.056329999999999962e-47
1.717500000000000000e+02 3.059740000000000136e-47
1.720000000000000000e+02 3.063160000000000061e-47
1.722500000000000000e+02 3.066400000000000117e-47
1.725000000000000000e+02 3.069640000000000173e-47
1.727500000000000000e+02 3.072889999999999979e-47
1.730000000000000000e+02 3.075979999999999902e-47
1.732500000000000000e+02 3.078960000000000149e-47
1.735000000000000000e+02 3.081959999999999894e-47
1.737500000000000000e+02 3.084880000000000185e-47
1.740000000000000000e+02 3.087589999999999901e-47
1.742500000000000000e+02 3.090579999999999897e-47
1.745000000000000000e+02 3.093620000000000100e-47
1.747500000000000000e+02 3.096659999999999816e-47
1.750000000000000000e+02 3.099500000000000166e-47
1.752500000000000000e+02 3.102149999999999925e-47
1.755000000000000000e+02 3.104679999999999772e-47
1.757500000000000000e+02 3.107279999999999811e-47
1.760000000000000000e+02 3.109930000000000057e-47
1.762500000000000000e+02 3.112680000000000229e-47
1.765000000000000000e+02 3.115420000000000165e-47
1.767500000000000000e+02 3.117939999999999777e-47
1.770000000000000000e+02 3.120499999999999845e-47
1.772500000000000000e+02 3.122979999999999972e-47
1.775000000000000000e+02 3.125509999999999820e-47
1.777500000000000000e+02 3.127830000000000064e-47
1.780000000000000000e+02 3.130060000000000131e-47
1.782500000000000000e+02 3.132499999999999801e-47
1.785000000000000000e+02 3.134919999999999972e-47
1.787500000000000000e+02 3.137039999999999877e-47
1.790000000000000000e+02 3.139019999999999884e-47
1.792500000000000000e+02 3.141059999999999848e-47
1.795000000000000000e+02 3.143050000000000091e-47
1.797500000000000000e+02 3.144990000000000127e-47
1.800000000000000000e+02 3.147180000000000224e-47
1.802500000000000000e+02 3.148990000000000113e-47
1.805000000000000000e+02 3.151050000000000061e-47
1.807500000000000000e+02 3.153050000000000054e-47
1.810000000000000000e+02 3.154899999999999913e-47
1.812500000000000000e+02 3.156589999999999890e-47
1.815000000000000000e+02 3.158620000000000104e-47
1.817500000000000000e+02 3.160469999999999964e-47
1.820000000000000000e+02 3.162060000000000014e-47
1.822500000000000000e+02 3.163470000000000196e-47
1.825000000000000000e+02 3.164649999999999817e-47
1.827500000000000000e+02 3.166179999999999911e-47
1.830000000000000000e+02 3.167639999999999813e-47
1.832500000000000000e+02 3.168870000000000127e-47
1.835000000000000000e+02 3.169860000000000131e-47
1.837500000000000000e+02 3.171220000000000106e-47
1.840000000000000000e+02 3.172400000000000214e-47
1.842500000000000000e+02 3.173390000000000217e-47
1.845000000000000000e+02 3.174699999999999987e-47
1.847500000000000000e+02 3.175559999999999842e-47
1.850000000000000000e+02 3.176520000000000111e-47
1.852500000000000000e+02 3.177200000000000099e-47
1.855000000000000000e+02 3.178380000000000206e-47
1.857500000000000000e+02 3.178870000000000090e-47
1.860000000000000000e+02 3.179749999999999932e-47
1.862500000000000000e+02 3.180449999999999905e-47
1.865000000000000000e+02 3.181169999999999863e-47
1.867500000000000000e+02 3.181740000000000175e-47
1.870000000000000000e+02 3.181999999999999984e-47
1.872500000000000000e+02 3.182170000000000103e-47
1.875000000000000000e+02 3.182079999999999925e-47
1.877500000000000000e+02 3.182099999999999911e-47
1.880000000000000000e+02 3.182460000000000133e-47
1.882500000000000000e+02 3.182659999999999987e-47
1.885000000000000000e+02 3.182380000000000192e-47
1.887500000000000000e+02 3.182070000000000176e-47
1.890000000000000000e+02 3.181909999999999807e-47
1.892500000000000000e+02 3.181570000000000056e-47
1.895000000000000000e+02 3.181200000000000084e-47
1.897500000000000000e+02 3.180830000000000112e-47
1.900000000000000000e+02 3.180259999999999801e-47
1.902500000000000000e+02 3.180010000000000227e-47
1.905000000000000000e+02 3.179149999999999885e-47
1.907500000000000000e+02 3.178469999999999897e-47
1.910000000000000000e+02 3.177900000000000072e-47
1.912500000000000000e+02 3.177060000000000202e-47
1.915000000000000000e+02 3.176010000000000242e-47
1.917500000000000000e+02 3.174979999999999781e-47
1.920000000000000000e+02 3.173840000000000131e-47
1.922500000000000000e+02 3.172799999999999921e-47
1.925000000000000000e+02 3.171280000000000062e-47
1.927500000000000000e+02 3.170150000000000161e-47
1.930000000000000000e+02 3.169229999999999863e-47
1.932500000000000000e+02 3.167869999999999888e-47
1.935000000000000000e+02 3.166589999999999854e-47
1.937500000000000000e+02 3.164770000000000215e-47
1.940000000000000000e+02 3.162890000000000135e-47
1.942500000000000000e+02 3.161289999999999849e-47
1.945000000000000000e+02 3.159450000000000225e-47
1.947500000000000000e+02 3.157699999999999806e-47
1.950000000000000000e+02 3.155619999999999872e-47
1.952500000000000000e+02 3.153490000000000218e-47
1.955000000000000000e+02 3.151180000000000209e-47
1.957500000000000000e+02 3.149110000000000025e-47
1.960000000000000000e+02 3.147480000000000004e-47
1.962500000000000000e+02 3.144910000000000186e-47
1.965000000000000000e+02 3.142499999999999765e-47
1.967500000000000000e+02 3.139909999999999961e-47
1.970000000000000000e+02 3.137369999999999878e-47
1.972500000000000000e+02 3.134580000000000221e-47
1.975000000000000000e+02 3.131400000000000121e-47
1.977500000000000000e+02 3.128660000000000185e-47
1.980000000000000000e+02 3.125949999999999983e-47
1.982500000000000000e+02 3.123130000000000105e-47
1.985000000000000000e+02 3.120129999999999873e-47
1.987500000000000000e+02 3.117010000000000215e-47
1.990000000000000000e+02 3.113770000000000159e-47
1.992500000000000000e+02 3.110320000000000014e-47
1.995000000000000000e+02 3.107150000000000150e-47
1.997500000000000000e+02 3.103779999999999946e-47
2.000000000000000000e+02 3.099939999999999843e-47
2.002500000000000000e+02 3.096550000000000140e-47
2.005000000000000000e+02 3.092579999999999889e-47
2.007500000000000000e+02 3.088880000000000170e-47
2.010000000000000000e+02 3.085179999999999965e-47
2.012500000000000000e+02 3.081319999999999877e-47
2.015000000000000000e+02 3.077149999999999774e-47
2.017500000000000000e+02 3.072819999999999787e-47
2.020000000000000000e+02 3.068380000000000124e-47
2.022500000000000000e+02 3.064280000000000212e-47
2.025000000000000000e+02 3.059689999999999930e-47
2.027500000000000000e+02 3.055299999999999987e-47
2.030000000000000000e+02 3.050469999999999881e-47
2.032500000000000000e+02 3.046210000000000086e-47
2.035000000000000000e+02 3.041439999999999936e-47
2.037500000000000000e+02 3.036600000000000080e-47
2.040000000000000000e+02 3.031760000000000225e-47
2.042500000000000000e+02 3.026779999999999985e-47
2.045000000000000000e+02 3.021800000000000232e-47
2.047500000000000000e+02 3.016749999999999801e-47
2.050000000000000000e+02 3.011630000000000150e-47
2.052500000000000000e+02 3.006089999999999835e-47
2.055000000000000000e+02 3.000990000000000170e-47
2.057500000000000000e+02 2.995739999999999885e-47
2.060000000000000000e+02 2.990000000000000203e-47
2.062500000000000000e+02 2.984669999999999977e-47
2.065000000000000000e+02 2.978740000000000191e-47
2.067500000000000000e+02 2.972980000000000037e-47
2.070000000000000000e+02 2.967219999999999883e-47
2.072500000000000000e+02 2.961139999999999964e-47
2.075000000000000000e+02 2.955100000000000015e-47
2.077500000000000000e+02 2.949290000000000141e-47
2.080000000000000000e+02 2.943029999999999867e-47
2.082500000000000000e+02 2.936280000000000196e-47
2.085000000000000000e+02 2.929849999999999804e-47
2.087500000000000000e+02 2.923599999999999766e-47
2.090000000000000000e+02 2.917180000000000096e-47
2.092500000000000000e+02 2.910460000000000160e-47
2.095000000000000000e+02 2.903929999999999841e-47
2.097500000000000000e+02 2.897249999999999875e-47
2.100000000000000000e+02 2.890480000000000218e-47
2.102500000000000000e+02 2.883440000000000030e-47
2.105000000000000000e+02 2.876529999999999990e-47
2.107500000000000000e+02 2.869540000000000008e-47
2.110000000000000000e+02 2.862909999999999763e-47
2.112500000000000000e+02 2.855969999999999988e-47
2.115000000000000000e+02 2.848700000000000211e-47
2.117500000000000000e+02 2.841359999999999757e-47
2.120000000000000000e+02 2.833799999999999950e-47
2.122500000000000000e+02 2.826050000000000039e-47
2.125000000000000000e+02 2.818340000000000099e-47
2.127500000000000000e+02 2.810579999999999953e-47
2.130000000000000000e+02 2.803009999999999910e-47
2.132500000000000000e+02 2.795240000000000014e-47
2.135000000000000000e+02 2.787599999999999779e-47
2.137500000000000000e+02 2.780090000000000179e-47
2.140000000000000000e+02 2.772239999999999855e-47
2.142500000000000000e+02 2.764520000000000166e-47
2.145000000000000000e+02 2.756270000000000135e-47
2.147500000000000000e+02 2.748509999999999988e-47
2.150000000000000000e+02 2.740700000000000122e-47
2.152500000000000000e+02 2.732479999999999826e-47
2.155000000000000000e+02 2.724350000000000194e-47
2.157500000000000000e+02 2.716160000000000119e-47
2.160000000000000000e+02 2.707799999999999926e-47
2.162500000000000000e+02 2.699379999999999778e-47
2.165000000000000000e+02 2.690900000000000159e-47
2.167500000000000000e+02 2.682169999999999994e-47
2.170000000000000000e+02 2.673899999999999978e-47
2.172500000000000000e+02 2.665330000000000182e-47
2.175000000000000000e+02 2.656489999999999855e-47
2.177500000000000000e+02 2.648059999999999956e-47
2.180000000000000000e+02 2.639499999999999910e-47
2.182500000000000000e+02 2.630759999999999995e-47
2.185000000000000000e+02 2.622109999999999772e-47
2.187500000000000000e+02 2.613119999999999798e-47
2.190000000000000000e+02 2.604299999999999942e-47
2.192500000000000000e+02 2.595320000000000203e-47
2.195000000000000000e+02 2.586359999999999964e-47
2.197500000000000000e+02 2.577270000000000063e-47
2.200000000000000000e+02 2.568050000000000014e-47
2.202500000000000000e+02 2.558809999999999980e-47
2.205000000000000000e+02 2.549709999999999843e-47
2.207500000000000000e+02 2.540509999999999780e-47
2.210000000000000000e+02 2.531080000000000128e-47
2.212500000000000000e+02 2.521909999999999800e-47
2.215000000000000000e+02 2.512139999999999911e-47
2.217500000000000000e+02 2.502319999999999816e-47
2.220000000000000000e+02 2.492580000000000148e-47
2.222500000000000000e+02 2.482560000000000199e-47
2.225000000000000000e+02 2.472539999999999765e-47
2.227500000000000000e+02 2.462880000000000038e-47
2.230000000000000000e+02 2.453329999999999988e-47
2.232500000000000000e+02 2.443500000000000143e-47
2.235000000000000000e+02 2.433660000000000063e-47
2.237500000000000000e+02 2.423789999999999761e-47
2.240000000000000000e+02 2.413510000000000003e-47
2.242500000000000000e+02 2.403809999999999820e-47
2.245000000000000000e+02 2.393880000000000048e-47
2.247500000000000000e+02 2.383740000000000188e-47
2.250000000000000000e+02 2.373619999999999826e-47
2.252500000000000000e+02 2.363499999999999951e-47
2.255000000000000000e+02 2.353409999999999811e-47
2.257500000000000000e+02 2.343360000000000127e-47
2.260000000000000000e+02 2.333460000000000090e-47
2.262500000000000000e+02 2.323159999999999861e-47
2.265000000000000000e+02 2.313350000000000001e-47
2.267500000000000000e+02 2.302969999999999831e-47
2.270000000000000000e+02 2.292679999999999837e-47
2.272500000000000000e+02 2.282579999999999947e-47
2.275000000000000000e+02 2.272199999999999776e-47
2.277500000000000000e+02 2.261970000000000224e-47
2.280000000000000000e+02 2.251860000000000098e-47
2.282500000000000000e+02 2.241769999999999958e-47
2.285000000000000000e+02 2.231429999999999758e-47
2.287500000000000000e+02 2.220939999999999911e-47
2.290000000000000000e+02 2.210569999999999975e-47
2.292500000000000000e+02 2.200080000000000128e-47
2.295000000000000000e+02 2.189580000000000045e-47
2.297500000000000000e+02 2.179109999999999940e-47
2.300000000000000000e+02 2.168260000000000114e-47
2.302500000000000000e+02 2.157660000000000104e-47
2.305000000000000000e+02 2.147229999999999970e-47
2.307500000000000000e+02 2.136570000000000004e-47
2.310000000000000000e+02 2.126019999999999958e-47
2.312500000000000000e+02 2.115650000000000022e-47
2.315000000000000000e+02 2.105000000000000049e-47
2.317500000000000000e+02 2.094650000000000100e-47
2.320000000000000000e+02 2.084199999999999980e-47
2.322500000000000000e+02 2.073860000000000023e-47
2.325000000000000000e+02 2.063500000000000080e-47
2.327500000000000000e+02 2.053069999999999946e-47
2.330000000000000000e+02 2.042139999999999935e-47
2.332500000000000000e+02 2.031109999999999997e-47
2.335000000000000000e+02 2.020090000000000052e-47
2.337500000000000000e+02 2.009790000000000066e-47
2.340000000000000000e+02 1.998910000000000018e-47
2.342500000000000000e+02 1.987970000000000015e-47
2.345000000000000000e+02 1.976940000000000077e-47
2.347500000000000000e+02 1.966139999999999971e-47
2.350000000000000000e+02 1.955810000000000006e-47
2.352500000000000000e+02 1.944909999999999974e-47
2.355000000000000000e+02 1.934430000000000119e-47
2.357500000000000000e+02 1.923739999999999932e-47
2.360000000000000000e+02 1.913310000000000041e-47
2.362500000000000000e+02 1.902479999999999957e-47
2.365000000000000000e+02 1.891690000000000086e-47
2.367500000000000000e+02 1.881279999999999937e-47
2.370000000000000000e+02 1.870770000000000105e-47
2.372500000000000000e+02 1.860119999999999889e-47
2.375000000000000000e+02 1.849640000000000034e-47
2.377500000000000000e+02 1.838849999999999921e-47
2.380000000000000000e+02 1.827710000000000064e-47
2.382500000000000000e+02 1.816790000000000045e-47
2.385000000000000000e+02 1.806709999999999898e-47
2.387500000000000000e+02 1.796689999999999949e-47
2.390000000000000000e+02 1.786479999999999897e-47
2.392500000000000000e+02 1.776179999999999910e-47
2.395000000000000000e+02 1.765650000000000092e-47
2.397500000000000000e+02 1.755289999999999907e-47
2.400000000000000000e+02 1.744689999999999897e-47
2.402500000000000000e+02 1.734470000000000095e-47
2.405000000000000000e+02 1.724449999999999903e-47
2.407500000000000000e+02 1.714270000000000072e-47
2.410000000000000000e+02 1.704380000000000028e-47
2.412500000000000000e+02 1.693720000000000062e-47
2.415000000000000000e+02 1.683609999999999936e-47
2.417500000000000000e+02 1.673490000000000061e-47
2.420000000000000000e+02 1.663379999999999935e-47
2.422500000000000000e+02 1.653250000000000067e-47
2.425000000000000000e+02 1.643320000000000053e-47
2.427500000000000000e+02 1.633239999999999905e-47
2.430000000000000000e+02 1.623150000000000008e-47
2.432500000000000000e+02 1.613190000000000015e-47
2.435000000000000000e+02 1.602870000000000043e-47
2.437500000000000000e+02 1.592669999999999983e-47
2.440000000000000000e+02 1.582970000000000043e-47
2.442500000000000000e+02 1.572799999999999962e-47
2.445000000000000000e+02 1.563100000000000022e-47
2.447500000000000000e+02 1.553810000000000024e-47
2.450000000000000000e+02 1.544379999999999886e-47
2.452500000000000000e+02 1.534870000000000050e-47
2.455000000000000000e+02 1.525590000000000045e-47
2.457500000000000000e+02 1.516230000000000099e-47
2.460000000000000000e+02 1.506990000000000065e-47
2.462500000000000000e+02 1.497849999999999957e-47
2.465000000000000000e+02 1.488830000000000005e-47
2.467500000000000000e+02 1.479480000000000052e-47
2.470000000000000000e+02 1.470530000000000048e-47
2.472500000000000000e+02 1.461970000000000002e-47
2.475000000000000000e+02 1.453230000000000087e-47
2.477500000000000000e+02 1.444549999999999886e-47
2.480000000000000000e+02 1.436060000000000031e-47
2.482500000000000000e+02 1.427299999999999888e-47
2.485000000000000000e+02 1.419060000000000093e-47
2.487500000000000000e+02 1.410880000000000012e-47
2.490000000000000000e+02 1.402619999999999989e-47
2.492500000000000000e+02 1.394300000000000009e-47
2.495000000000000000e+02 1.386489999999999899e-47
2.497500000000000000e+02 1.379119999999999953e-47
2.500000000000000000e+02 1.372239999999999891e-47
2.502500000000000000e+02 1.365159999999999975e-47
2.505000000000000000e+02 1.358350000000000105e-47
2.507500000000000000e+02 1.352279999999999935e-47
2.510000000000000000e+02 1.345929999999999971e-47
2.512500000000000000e+02 1.340599999999999988e-47
2.515000000000000000e+02 1.336369999999999928e-47
2.517500000000000000e+02 1.333069999999999916e-47
2.520000000000000000e+02 1.331280000000000012e-47
2.522500000000000000e+02 1.330759999999999907e-47
2.525000000000000000e+02 1.331560000000000050e-47
2.527500000000000000e+02 1.334880000000000048e-47
2.530000000000000000e+02 1.343269999999999976e-47
2.532500000000000000e+02 1.357410000000000065e-47
2.535000000000000000e+02 1.376789999999999959e-47
2.537500000000000000e+02 1.407770000000000103e-47
2.540000000000000000e+02 1.459610000000000030e-47
2.542500000000000000e+02 1.541059999999999889e-47
2.545000000000000000e+02 1.684370000000000109e-47
2.547500000000000000e+02 1.988230000000000067e-47
2.550000000000000000e+02 2.847420000000000177e-47
2.552500000000000000e+02 5.293390000000000212e-47
