0.000000000000000000e+00 inf
2.500000000000000000e-01 5.000000000000000000e-01
5.000000000000000000e-01 5.000000000000000000e-01
7.500000000000000000e-01 5.000000000000000000e-01
1.000000000000000000e+00 5.000000000000000000e-01
1.250000000000000000e+00 5.000000000000000000e-01
1.500000000000000000e+00 5.000000000000000000e-01
1.750000000000000000e+00 5.000000000000000000e-01
2.000000000000000000e+00 5.000000000000000000e-01
2.250000000000000000e+00 5.000000000000000000e-01
2.500000000000000000e+00 5.000000000000000000e-01
2.750000000000000000e+00 5.000000000000000000e-01
3.000000000000000000e+00 5.000000000000000000e-01
3.250000000000000000e+00 5.000000000000000000e-01
3.500000000000000000e+00 5.000000000000000000e-01
3.750000000000000000e+00 5.000000000000000000e-01
4.000000000000000000e+00 5.000000000000000000e-01
4.250000000000000000e+00 5.000000000000000000e-01
4.500000000000000000e+00 5.000000000000000000e-01
4.750000000000000000e+00 5.000000000000000000e-01
5.000000000000000000e+00 5.000000000000000000e-01
5.250000000000000000e+00 5.000000000000000000e-01
5.500000000000000000e+00 5.000000000000000000e-01
5.750000000000000000e+00 5.000000000000000000e-01
6.000000000000000000e+00 5.000000000000000000e-01
6.250000000000000000e+00 5.000000000000000000e-01
6.500000000000000000e+00 5.000000000000000000e-01
6.750000000000000000e+00 5.000000000000000000e-01
7.000000000000000000e+00 5.000000000000000000e-01
7.250000000000000000e+00 5.000000000000000000e-01
7.500000000000000000e+00 5.000000000000000000e-01
7.750000000000000000e+00 5.000000000000000000e-01
8.000000000000000000e+00 5.000000000000000000e-01
8.250000000000000000e+00 5.000000000000000000e-01
8.500000000000000000e+00 5.000000000000000000e-01
8.750000000000000000e+00 5.000000000000000000e-01
9.000000000000000000e+00 5.000000000000000000e-01
9.250000000000000000e+00 5.000000000000000000e-01
9.500000000000000000e+00 5.000000000000000000e-01
9.750000000000000000e+00 5.000000000000000000e-01
1.000000000000000000e+01 5.000000000000000000e-01
1.025000000000000000e+01 5.000000000000000000e-01
1.050000000000000000e+01 5.000000000000000000e-01
1.075000000000000000e+01 5.000000000000000000e-01
1.100000000000000000e+01 5.000000000000000000e-01
1.125000000000000000e+01 5.000000000000000000e-01
1.150000000000000000e+01 5.000000000000000000e-01
1.175000000000000000e+01 5.000000000000000000e-01
1.200000000000000000e+01 5.000000000000000000e-01
1.225000000000000000e+01 5.000000000000000000e-01
1.250000000000000000e+01 5.000000000000000000e-01
1.275000000000000000e+01 5.000000000000000000e-01
1.300000000000000000e+01 5.000000000000000000e-01
1.325000000000000000e+01 5.000000000000000000e-01
1.350000000000000000e+01 5.000000000000000000e-01
1.375000000000000000e+01 5.000000000000000000e-01
1.400000000000000000e+01 5.000000000000000000e-01
1.425000000000000000e+01 5.000000000000000000e-01
1.450000000000000000e+01 5.000000000000000000e-01
1.475000000000000000e+01 5.000000000000000000e-01
1.500000000000000000e+01 5.000000000000000000e-01
1.525000000000000000e+01 5.000000000000000000e-01
1.550000000000000000e+01 5.000000000000000000e-01
1.575000000000000000e+01 5.000000000000000000e-01
1.600000000000000000e+01 3.149599999999999724e-42
1.625000000000000000e+01 2.652089999999999970e-42
1.650000000000000000e+01 2.238480000000000134e-42
1.675000000000000000e+01 1.888519999999999943e-42
1.700000000000000000e+01 1.593009999999999948e-42
1.725000000000000000e+01 1.344569999999999944e-42
1.750000000000000000e+01 1.131920000000000049e-42
1.775000000000000000e+01 9.572100000000000488e-43
1.800000000000000000e+01 8.101859999999999456e-43
1.825000000000000000e+01 6.849839999999999783e-43
1.850000000000000000e+01 5.801349999999999928e-43
1.875000000000000000e+01 4.924169999999999711e-43
1.900000000000000000e+01 4.191170000000000029e-43
1.925000000000000000e+01 3.577130000000000022e-43
1.950000000000000000e+01 3.059709999999999841e-43
1.975000000000000000e+01 2.619570000000000027e-43
2.000000000000000000e+01 2.244640000000000142e-43
2.025000000000000000e+01 1.926310000000000076e-43
2.050000000000000000e+01 1.656350000000000011e-43
2.075000000000000000e+01 1.428690000000000089e-43
2.100000000000000000e+01 1.234050000000000056e-43
2.125000000000000000e+01 1.069409999999999956e-43
2.150000000000000000e+01 9.299680000000000818e-44
2.175000000000000000e+01 8.096279999999999883e-44
2.200000000000000000e+01 7.074100000000000057e-44
2.225000000000000000e+01 6.194469999999999818e-44
2.250000000000000000e+01 5.442230000000000095e-44
2.275000000000000000e+01 4.798419999999999927e-44
2.300000000000000000e+01 4.247090000000000119e-44
2.325000000000000000e+01 3.776820000000000216e-44
2.350000000000000000e+01 3.374340000000000220e-44
2.375000000000000000e+01 3.031319999999999999e-44
2.400000000000000000e+01 2.736179999999999992e-44
2.425000000000000000e+01 2.496510000000000116e-44
2.450000000000000000e+01 2.363499999999999803e-44
2.475000000000000000e+01 2.611590000000000240e-44
2.500000000000000000e+01 6.960690000000000012e-43
2.525000000000000000e+01 2.118240000000000024e-44
2.550000000000000000e+01 1.649139999999999986e-44
2.575000000000000000e+01 1.444800000000000031e-44
2.600000000000000000e+01 1.307090000000000000e-44
2.625000000000000000e+01 1.199910000000000111e-44
2.650000000000000000e+01 1.107920000000000058e-44
2.675000000000000000e+01 1.028159999999999974e-44
2.700000000000000000e+01 9.569230000000000302e-45
2.725000000000000000e+01 8.936939999999999656e-45
2.750000000000000000e+01 8.364320000000000285e-45
2.775000000000000000e+01 7.847220000000000205e-45
2.800000000000000000e+01 7.370130000000000000e-45
2.825000000000000000e+01 6.944450000000000610e-45
2.850000000000000000e+01 6.559589999999999987e-45
2.875000000000000000e+01 6.202389999999999567e-45
2.900000000000000000e+01 5.881419999999999635e-45
2.925000000000000000e+01 5.615749999999999602e-45
2.950000000000000000e+01 5.411879999999999818e-45
2.975000000000000000e+01 5.257379999999999817e-45
3.000000000000000000e+01 5.404820000000000111e-45
3.025000000000000000e+01 4.785110000000000027e-45
3.050000000000000000e+01 4.509690000000000090e-45
3.075000000000000000e+01 4.279680000000000310e-45
3.100000000000000000e+01 4.084809999999999958e-45
3.125000000000000000e+01 3.904620000000000243e-45
3.150000000000000000e+01 3.738179999999999833e-45
3.175000000000000000e+01 3.593829999999999986e-45
3.200000000000000000e+01 3.464339999999999769e-45
3.225000000000000000e+01 3.342999999999999694e-45
3.250000000000000000e+01 3.230569999999999867e-45
3.275000000000000000e+01 3.126190000000000119e-45
3.300000000000000000e+01 3.028240000000000179e-45
3.325000000000000000e+01 2.936589999999999842e-45
3.350000000000000000e+01 2.850280000000000123e-45
3.375000000000000000e+01 2.767009999999999887e-45
3.400000000000000000e+01 2.692130000000000006e-45
3.425000000000000000e+01 2.625529999999999852e-45
3.450000000000000000e+01 2.578260000000000144e-45
3.475000000000000000e+01 2.542180000000000063e-45
3.500000000000000000e+01 2.497669999999999850e-45
3.525000000000000000e+01 2.396589999999999997e-45
3.550000000000000000e+01 2.316260000000000115e-45
3.575000000000000000e+01 2.239479999999999974e-45
3.600000000000000000e+01 2.167230000000000003e-45
3.625000000000000000e+01 2.104499999999999978e-45
3.650000000000000000e+01 2.049069999999999873e-45
3.675000000000000000e+01 1.996449999999999916e-45
3.700000000000000000e+01 1.947219999999999972e-45
3.725000000000000000e+01 1.899689999999999853e-45
3.750000000000000000e+01 1.852959999999999925e-45
3.775000000000000000e+01 1.808189999999999921e-45
3.800000000000000000e+01 1.765919999999999933e-45
3.825000000000000000e+01 1.724819999999999933e-45
3.850000000000000000e+01 1.684619999999999877e-45
3.875000000000000000e+01 1.646220000000000018e-45
3.900000000000000000e+01 1.608380000000000137e-45
3.925000000000000000e+01 1.572049999999999899e-45
3.950000000000000000e+01 1.536679999999999890e-45
3.975000000000000000e+01 1.502770000000000114e-45
4.000000000000000000e+01 1.470030000000000016e-45
4.025000000000000000e+01 1.439019999999999884e-45
4.050000000000000000e+01 1.407780000000000106e-45
4.075000000000000000e+01 1.377980000000000050e-45
4.100000000000000000e+01 1.348719999999999929e-45
4.125000000000000000e+01 1.320950000000000028e-45
4.150000000000000000e+01 1.294250000000000053e-45
4.175000000000000000e+01 1.267239999999999946e-45
4.200000000000000000e+01 1.241459999999999958e-45
4.225000000000000000e+01 1.216950000000000021e-45
4.250000000000000000e+01 1.193269999999999953e-45
4.275000000000000000e+01 1.170889999999999923e-45
4.300000000000000000e+01 1.148999999999999952e-45
4.325000000000000000e+01 1.128009999999999925e-45
4.350000000000000000e+01 1.107509999999999956e-45
4.375000000000000000e+01 1.088429999999999978e-45
4.400000000000000000e+01 1.071329999999999968e-45
4.425000000000000000e+01 1.055460000000000077e-45
4.450000000000000000e+01 1.042310000000000060e-45
4.475000000000000000e+01 1.032569999999999945e-45
4.500000000000000000e+01 1.028339999999999963e-45
4.525000000000000000e+01 1.032440000000000050e-45
4.550000000000000000e+01 1.050109999999999982e-45
4.575000000000000000e+01 1.089679999999999985e-45
4.600000000000000000e+01 1.166709999999999972e-45
4.625000000000000000e+01 1.308979999999999943e-45
4.650000000000000000e+01 1.578939999999999934e-45
4.675000000000000000e+01 2.124270000000000141e-45
4.700000000000000000e+01 3.307499999999999791e-45
4.725000000000000000e+01 5.538810000000000045e-45
4.750000000000000000e+01 1.042429999999999980e-44
4.775000000000000000e+01 2.998540000000000062e-44
4.800000000000000000e+01 3.499139999999999980e-43
4.825000000000000000e+01 8.963049999999999758e-44
4.850000000000000000e+01 1.740919999999999906e-44
4.875000000000000000e+01 7.447649999999999424e-45
4.900000000000000000e+01 4.262229999999999924e-45
4.925000000000000000e+01 2.484599999999999852e-45
4.950000000000000000e+01 1.640360000000000132e-45
4.975000000000000000e+01 1.226900000000000050e-45
5.000000000000000000e+01 1.006410000000000060e-45
5.025000000000000000e+01 8.793810000000000762e-46
5.050000000000000000e+01 7.989749999999999966e-46
5.075000000000000000e+01 7.474789999999999738e-46
5.100000000000000000e+01 7.109820000000000472e-46
5.125000000000000000e+01 6.846439999999999918e-46
5.150000000000000000e+01 6.642659999999999631e-46
5.175000000000000000e+01 6.477049999999999711e-46
5.200000000000000000e+01 6.337230000000000191e-46
5.225000000000000000e+01 6.215990000000000179e-46
5.250000000000000000e+01 6.108390000000000088e-46
5.275000000000000000e+01 6.007140000000000253e-46
5.300000000000000000e+01 5.911790000000000080e-46
5.325000000000000000e+01 5.822640000000000225e-46
5.350000000000000000e+01 5.737560000000000158e-46
5.375000000000000000e+01 5.655220000000000320e-46
5.400000000000000000e+01 5.575089999999999785e-46
5.425000000000000000e+01 5.498079999999999686e-46
5.450000000000000000e+01 5.422959999999999904e-46
5.475000000000000000e+01 5.349620000000000275e-46
5.500000000000000000e+01 5.278759999999999996e-46
5.525000000000000000e+01 5.208989999999999841e-46
5.550000000000000000e+01 5.140619999999999633e-46
5.575000000000000000e+01 5.073979999999999858e-46
5.600000000000000000e+01 5.009540000000000221e-46
5.625000000000000000e+01 4.945320000000000131e-46
5.650000000000000000e+01 4.885059999999999667e-46
5.675000000000000000e+01 4.823869999999999738e-46
5.700000000000000000e+01 4.764960000000000278e-46
5.725000000000000000e+01 4.706870000000000119e-46
5.750000000000000000e+01 4.649290000000000219e-46
5.775000000000000000e+01 4.592489999999999844e-46
5.800000000000000000e+01 4.536800000000000260e-46
5.825000000000000000e+01 4.481979999999999698e-46
5.850000000000000000e+01 4.428589999999999692e-46
5.875000000000000000e+01 4.377620000000000149e-46
5.900000000000000000e+01 4.327189999999999919e-46
5.925000000000000000e+01 4.277959999999999976e-46
5.950000000000000000e+01 4.231149999999999717e-46
5.975000000000000000e+01 4.184399999999999901e-46
6.000000000000000000e+01 4.140110000000000324e-46
6.025000000000000000e+01 4.098189999999999933e-46
6.050000000000000000e+01 4.056649999999999750e-46
6.075000000000000000e+01 4.016940000000000219e-46
6.100000000000000000e+01 3.977350000000000017e-46
6.125000000000000000e+01 3.937700000000000151e-46
6.150000000000000000e+01 3.907640000000000305e-46
6.175000000000000000e+01 3.856539999999999933e-46
6.200000000000000000e+01 3.815600000000000283e-46
6.225000000000000000e+01 3.774860000000000292e-46
6.250000000000000000e+01 3.736029999999999727e-46
6.275000000000000000e+01 3.696509999999999911e-46
6.300000000000000000e+01 3.656960000000000263e-46
6.325000000000000000e+01 3.618279999999999636e-46
6.350000000000000000e+01 3.579349999999999631e-46
6.375000000000000000e+01 3.540890000000000108e-46
6.400000000000000000e+01 3.503039999999999894e-46
6.425000000000000000e+01 3.467560000000000034e-46
6.450000000000000000e+01 3.434369999999999809e-46
6.475000000000000000e+01 3.401150000000000140e-46
6.500000000000000000e+01 3.368649999999999943e-46
6.525000000000000000e+01 3.337420000000000031e-46
6.550000000000000000e+01 3.306620000000000047e-46
6.575000000000000000e+01 3.276310000000000044e-46
6.600000000000000000e+01 3.246670000000000182e-46
6.625000000000000000e+01 3.217220000000000035e-46
6.650000000000000000e+01 3.188550000000000191e-46
6.675000000000000000e+01 3.160340000000000107e-46
6.700000000000000000e+01 3.133640000000000133e-46
6.725000000000000000e+01 3.106470000000000065e-46
6.750000000000000000e+01 3.080590000000000169e-46
6.775000000000000000e+01 3.055389999999999970e-46
6.800000000000000000e+01 3.029539999999999907e-46
6.825000000000000000e+01 3.004820000000000134e-46
6.850000000000000000e+01 2.980340000000000185e-46
6.875000000000000000e+01 2.956450000000000047e-46
6.900000000000000000e+01 2.933900000000000190e-46
6.925000000000000000e+01 2.911489999999999939e-46
6.950000000000000000e+01 2.888940000000000083e-46
6.975000000000000000e+01 2.866989999999999981e-46
7.000000000000000000e+01 2.845509999999999973e-46
7.025000000000000000e+01 2.824640000000000052e-46
7.050000000000000000e+01 2.803269999999999817e-46
7.075000000000000000e+01 2.782329999999999898e-46
7.100000000000000000e+01 2.761860000000000073e-46
7.125000000000000000e+01 2.741949999999999838e-46
7.150000000000000000e+01 2.722450000000000031e-46
7.175000000000000000e+01 2.702990000000000000e-46
7.200000000000000000e+01 2.683160000000000095e-46
7.225000000000000000e+01 2.663820000000000171e-46
7.250000000000000000e+01 2.645179999999999831e-46
7.275000000000000000e+01 2.627359999999999959e-46
7.300000000000000000e+01 2.609200000000000045e-46
7.325000000000000000e+01 2.591060000000000020e-46
7.350000000000000000e+01 2.573549999999999970e-46
7.375000000000000000e+01 2.556259999999999856e-46
7.400000000000000000e+01 2.538980000000000075e-46
7.425000000000000000e+01 2.522070000000000168e-46
7.450000000000000000e+01 2.505429999999999918e-46
7.475000000000000000e+01 2.489350000000000036e-46
7.500000000000000000e+01 2.473700000000000081e-46
7.525000000000000000e+01 2.458740000000000156e-46
7.550000000000000000e+01 2.443089999999999812e-46
7.575000000000000000e+01 2.427600000000000129e-46
7.600000000000000000e+01 2.412679999999999979e-46
7.625000000000000000e+01 2.397729999999999998e-46
7.650000000000000000e+01 2.383120000000000059e-46
7.675000000000000000e+01 2.368699999999999835e-46
7.700000000000000000e+01 2.354880000000000143e-46
7.725000000000000000e+01 2.340910000000000124e-46
7.750000000000000000e+01 2.327370000000000033e-46
7.775000000000000000e+01 2.313779999999999832e-46
7.800000000000000000e+01 2.300370000000000180e-46
7.825000000000000000e+01 2.287400000000000012e-46
7.850000000000000000e+01 2.274090000000000189e-46
7.875000000000000000e+01 2.261170000000000130e-46
7.900000000000000000e+01 2.248839999999999881e-46
7.925000000000000000e+01 2.236449999999999968e-46
7.950000000000000000e+01 2.224530000000000148e-46
7.975000000000000000e+01 2.212320000000000005e-46
8.000000000000000000e+01 2.200410000000000129e-46
8.025000000000000000e+01 2.189119999999999896e-46
8.050000000000000000e+01 2.177659999999999836e-46
8.075000000000000000e+01 2.166119999999999835e-46
8.100000000000000000e+01 2.154839999999999934e-46
8.125000000000000000e+01 2.144600000000000050e-46
8.150000000000000000e+01 2.134259999999999947e-46
8.175000000000000000e+01 2.124290000000000107e-46
8.200000000000000000e+01 2.114970000000000132e-46
8.225000000000000000e+01 2.106440000000000015e-46
8.250000000000000000e+01 2.098759999999999810e-46
8.275000000000000000e+01 2.089590000000000162e-46
8.300000000000000000e+01 2.079989999999999808e-46
8.325000000000000000e+01 2.070519999999999894e-46
8.350000000000000000e+01 2.060029999999999852e-46
8.375000000000000000e+01 2.049560000000000088e-46
8.400000000000000000e+01 2.038949999999999939e-46
8.425000000000000000e+01 2.027730000000000092e-46
8.450000000000000000e+01 2.017370000000000101e-46
8.475000000000000000e+01 2.007700000000000139e-46
8.500000000000000000e+01 1.997659999999999914e-46
8.525000000000000000e+01 1.988230000000000165e-46
8.550000000000000000e+01 1.979140000000000069e-46
8.575000000000000000e+01 1.970430000000000181e-46
8.600000000000000000e+01 1.962219999999999830e-46
8.625000000000000000e+01 1.953459999999999833e-46
8.650000000000000000e+01 1.945550000000000137e-46
8.675000000000000000e+01 1.937669999999999883e-46
8.700000000000000000e+01 1.929630000000000137e-46
8.725000000000000000e+01 1.922070000000000038e-46
8.750000000000000000e+01 1.914509999999999939e-46
8.775000000000000000e+01 1.907190000000000054e-46
8.800000000000000000e+01 1.899900000000000000e-46
8.825000000000000000e+01 1.892889999999999936e-46
8.850000000000000000e+01 1.885389999999999891e-46
8.875000000000000000e+01 1.878579999999999874e-46
8.900000000000000000e+01 1.871800000000000079e-46
8.925000000000000000e+01 1.865250000000000164e-46
8.950000000000000000e+01 1.858559999999999865e-46
8.975000000000000000e+01 1.851959999999999841e-46
9.000000000000000000e+01 1.845969999999999904e-46
9.025000000000000000e+01 1.839670000000000146e-46
9.050000000000000000e+01 1.833189999999999839e-46
9.075000000000000000e+01 1.827170000000000070e-46
9.100000000000000000e+01 1.820799999999999926e-46
9.125000000000000000e+01 1.814710000000000160e-46
9.150000000000000000e+01 1.808639999999999893e-46
9.175000000000000000e+01 1.803030000000000164e-46
9.200000000000000000e+01 1.797490000000000043e-46
9.225000000000000000e+01 1.792260000000000133e-46
9.250000000000000000e+01 1.786970000000000169e-46
9.275000000000000000e+01 1.781560000000000099e-46
9.300000000000000000e+01 1.776729999999999896e-46
9.325000000000000000e+01 1.771669999999999812e-46
9.350000000000000000e+01 1.766750000000000112e-46
9.375000000000000000e+01 1.762329999999999949e-46
9.400000000000000000e+01 1.758289999999999993e-46
9.425000000000000000e+01 1.754230000000000149e-46
9.450000000000000000e+01 1.750479999999999932e-46
9.475000000000000000e+01 1.747209999999999946e-46
9.500000000000000000e+01 1.744499999999999939e-46
9.525000000000000000e+01 1.742160000000000001e-46
9.550000000000000000e+01 1.740889999999999911e-46
9.575000000000000000e+01 1.740089999999999914e-46
9.600000000000000000e+01 1.740590000000000033e-46
9.625000000000000000e+01 1.743290000000000096e-46
9.650000000000000000e+01 1.748069999999999996e-46
9.675000000000000000e+01 1.756460000000000119e-46
9.700000000000000000e+01 1.768789999999999979e-46
9.725000000000000000e+01 1.786550000000000186e-46
9.750000000000000000e+01 1.812630000000000129e-46
9.775000000000000000e+01 1.850709999999999833e-46
9.800000000000000000e+01 1.905650000000000113e-46
9.825000000000000000e+01 1.968319999999999929e-46
9.850000000000000000e+01 2.052439999999999922e-46
9.875000000000000000e+01 2.196300000000000176e-46
9.900000000000000000e+01 2.459119999999999974e-46
9.925000000000000000e+01 3.014099999999999944e-46
9.950000000000000000e+01 4.444640000000000132e-46
9.975000000000000000e+01 9.936540000000000166e-46
1.000000000000000000e+02 7.335149999999999677e-45
1.002500000000000000e+02 2.227089999999999905e-45
1.005000000000000000e+02 6.060619999999999755e-46
1.007500000000000000e+02 3.463399999999999972e-46
1.010000000000000000e+02 2.619830000000000082e-46
1.012500000000000000e+02 2.249720000000000014e-46
1.015000000000000000e+02 2.055439999999999862e-46
1.017500000000000000e+02 1.941059999999999976e-46
1.020000000000000000e+02 1.868050000000000056e-46
1.022500000000000000e+02 1.805089999999999918e-46
1.025000000000000000e+02 1.755200000000000167e-46
1.027500000000000000e+02 1.718730000000000012e-46
1.030000000000000000e+02 1.691610000000000053e-46
1.032500000000000000e+02 1.670330000000000092e-46
1.035000000000000000e+02 1.654569999999999975e-46
1.037500000000000000e+02 1.641630000000000027e-46
1.040000000000000000e+02 1.631380000000000004e-46
1.042500000000000000e+02 1.622920000000000079e-46
1.045000000000000000e+02 1.615889999999999932e-46
1.047500000000000000e+02 1.609620000000000006e-46
1.050000000000000000e+02 1.604419999999999928e-46
1.052500000000000000e+02 1.600249999999999922e-46
1.055000000000000000e+02 1.596519999999999982e-46
1.057500000000000000e+02 1.592760000000000015e-46
1.060000000000000000e+02 1.589530000000000000e-46
1.062500000000000000e+02 1.586889999999999990e-46
1.065000000000000000e+02 1.584380000000000031e-46
1.067500000000000000e+02 1.581819999999999963e-46
1.070000000000000000e+02 1.579559999999999966e-46
1.072500000000000000e+02 1.577630000000000068e-46
1.075000000000000000e+02 1.575939999999999994e-46
1.077500000000000000e+02 1.574200000000000005e-46
1.080000000000000000e+02 1.571900000000000038e-46
1.082500000000000000e+02 1.570340000000000014e-46
1.085000000000000000e+02 1.568490000000000058e-46
1.087500000000000000e+02 1.567179999999999997e-46
1.090000000000000000e+02 1.565729999999999941e-46
1.092500000000000000e+02 1.564259999999999998e-46
1.095000000000000000e+02 1.563100000000000070e-46
1.097500000000000000e+02 1.561780000000000065e-46
1.100000000000000000e+02 1.560740000000000050e-46
1.102500000000000000e+02 1.559770000000000031e-46
1.105000000000000000e+02 1.558109999999999984e-46
1.107500000000000000e+02 1.556999999999999971e-46
1.110000000000000000e+02 1.555859999999999931e-46
1.112500000000000000e+02 1.554450000000000041e-46
1.115000000000000000e+02 1.553480000000000023e-46
1.117500000000000000e+02 1.552820000000000020e-46
1.120000000000000000e+02 1.551819999999999975e-46
1.122500000000000000e+02 1.550940000000000037e-46
1.125000000000000000e+02 1.550499999999999971e-46
1.127500000000000000e+02 1.549580000000000061e-46
1.130000000000000000e+02 1.549139999999999995e-46
1.132500000000000000e+02 1.548459999999999910e-46
1.135000000000000000e+02 1.547789999999999964e-46
1.137500000000000000e+02 1.547679999999999996e-46
1.140000000000000000e+02 1.547479999999999948e-46
1.142500000000000000e+02 1.547470000000000004e-46
1.145000000000000000e+02 1.547269999999999956e-46
1.147500000000000000e+02 1.547260000000000012e-46
1.150000000000000000e+02 1.547500000000000030e-46
1.152500000000000000e+02 1.547780000000000019e-46
1.155000000000000000e+02 1.548260000000000057e-46
1.157500000000000000e+02 1.548570000000000073e-46
1.160000000000000000e+02 1.549030000000000027e-46
1.162500000000000000e+02 1.549540000000000091e-46
1.165000000000000000e+02 1.550189999999999955e-46
1.167500000000000000e+02 1.550830000000000069e-46
1.170000000000000000e+02 1.551600000000000039e-46
1.172500000000000000e+02 1.552160000000000018e-46
1.175000000000000000e+02 1.553310000000000002e-46
1.177500000000000000e+02 1.554319999999999991e-46
1.180000000000000000e+02 1.555509999999999945e-46
1.182500000000000000e+02 1.556419999999999910e-46
1.185000000000000000e+02 1.557270000000000016e-46
1.187500000000000000e+02 1.558830000000000040e-46
1.190000000000000000e+02 1.560649999999999970e-46
1.192500000000000000e+02 1.562130000000000052e-46
1.195000000000000000e+02 1.563819999999999931e-46
1.197500000000000000e+02 1.565300000000000014e-46
1.200000000000000000e+02 1.567009999999999976e-46
1.202500000000000000e+02 1.568749999999999964e-46
1.205000000000000000e+02 1.570899999999999993e-46
1.207500000000000000e+02 1.572460000000000016e-46
1.210000000000000000e+02 1.574200000000000005e-46
1.212500000000000000e+02 1.576019999999999935e-46
1.215000000000000000e+02 1.578179999999999908e-46
1.217500000000000000e+02 1.580590000000000038e-46
1.220000000000000000e+02 1.582629999999999904e-46
1.222500000000000000e+02 1.585059999999999921e-46
1.225000000000000000e+02 1.587489999999999939e-46
1.227500000000000000e+02 1.589930000000000096e-46
1.230000000000000000e+02 1.592839999999999956e-46
1.232500000000000000e+02 1.595339999999999971e-46
1.235000000000000000e+02 1.598189999999999973e-46
1.237500000000000000e+02 1.600710000000000071e-46
1.240000000000000000e+02 1.603449999999999910e-46
1.242500000000000000e+02 1.606389999999999991e-46
1.245000000000000000e+02 1.609449999999999985e-46
1.247500000000000000e+02 1.612449999999999925e-46
1.250000000000000000e+02 1.615809999999999991e-46
1.252500000000000000e+02 1.619110000000000003e-46
1.255000000000000000e+02 1.622340000000000018e-46
1.257500000000000000e+02 1.626200000000000009e-46
1.260000000000000000e+02 1.629579999999999962e-46
1.262500000000000000e+02 1.633169999999999908e-46
1.265000000000000000e+02 1.636830000000000045e-46
1.267500000000000000e+02 1.640440000000000073e-46
1.270000000000000000e+02 1.644289999999999925e-46
1.272500000000000000e+02 1.648309999999999993e-46
1.275000000000000000e+02 1.652349999999999949e-46
1.277500000000000000e+02 1.656619999999999980e-46
1.280000000000000000e+02 1.661379999999999991e-46
1.282500000000000000e+02 1.665969999999999982e-46
1.285000000000000000e+02 1.670890000000000071e-46
1.287500000000000000e+02 1.675609999999999917e-46
1.290000000000000000e+02 1.680079999999999996e-46
1.292500000000000000e+02 1.684490000000000021e-46
1.295000000000000000e+02 1.689010000000000014e-46
1.297500000000000000e+02 1.694099999999999929e-46
1.300000000000000000e+02 1.699129999999999986e-46
1.302500000000000000e+02 1.704209999999999958e-46
1.305000000000000000e+02 1.709170000000000018e-46
1.307500000000000000e+02 1.714000000000000027e-46
1.310000000000000000e+02 1.719040000000000028e-46
1.312500000000000000e+02 1.724210000000000079e-46
1.315000000000000000e+02 1.729770000000000088e-46
1.317500000000000000e+02 1.735559999999999977e-46
1.320000000000000000e+02 1.741210000000000065e-46
1.322500000000000000e+02 1.747010000000000093e-46
1.325000000000000000e+02 1.753470000000000122e-46
1.327500000000000000e+02 1.759250000000000067e-46
1.330000000000000000e+02 1.764950000000000070e-46
1.332500000000000000e+02 1.771280000000000050e-46
1.335000000000000000e+02 1.777489999999999922e-46
1.337500000000000000e+02 1.783850000000000123e-46
1.340000000000000000e+02 1.790369999999999817e-46
1.342500000000000000e+02 1.797050000000000171e-46
1.345000000000000000e+02 1.803870000000000132e-46
1.347500000000000000e+02 1.811269999999999959e-46
1.350000000000000000e+02 1.818039999999999810e-46
1.352500000000000000e+02 1.825309999999999975e-46
1.355000000000000000e+02 1.833140000000000119e-46
1.357500000000000000e+02 1.841150000000000034e-46
1.360000000000000000e+02 1.848479999999999863e-46
1.362500000000000000e+02 1.856370000000000060e-46
1.365000000000000000e+02 1.863689999999999946e-46
1.367500000000000000e+02 1.871510000000000146e-46
1.370000000000000000e+02 1.878600000000000151e-46
1.372500000000000000e+02 1.886099999999999808e-46
1.375000000000000000e+02 1.894719999999999810e-46
1.377500000000000000e+02 1.902199999999999968e-46
1.380000000000000000e+02 1.909760000000000066e-46
1.382500000000000000e+02 1.917219999999999946e-46
1.385000000000000000e+02 1.925460000000000130e-46
1.387500000000000000e+02 1.933979999999999914e-46
1.390000000000000000e+02 1.941779999999999837e-46
1.392500000000000000e+02 1.949619999999999925e-46
1.395000000000000000e+02 1.957590000000000063e-46
1.397500000000000000e+02 1.966830000000000097e-46
1.400000000000000000e+02 1.975199999999999943e-46
1.402500000000000000e+02 1.984410000000000145e-46
1.405000000000000000e+02 1.991990000000000131e-46
1.407500000000000000e+02 2.000350000000000033e-46
1.410000000000000000e+02 2.008839999999999984e-46
1.412500000000000000e+02 2.018919999999999986e-46
1.415000000000000000e+02 2.029690000000000017e-46
1.417500000000000000e+02 2.039350000000000035e-46
1.420000000000000000e+02 2.050730000000000154e-46
1.422500000000000000e+02 2.062780000000000025e-46
1.425000000000000000e+02 2.078149999999999990e-46
1.427500000000000000e+02 2.095850000000000144e-46
1.430000000000000000e+02 2.117439999999999926e-46
1.432500000000000000e+02 2.140739999999999865e-46
1.435000000000000000e+02 2.169499999999999983e-46
1.437500000000000000e+02 2.202669999999999931e-46
1.440000000000000000e+02 2.235819999999999992e-46
1.442500000000000000e+02 2.288799999999999958e-46
1.445000000000000000e+02 2.378610000000000010e-46
1.447500000000000000e+02 2.520410000000000121e-46
1.450000000000000000e+02 2.707230000000000004e-46
1.452500000000000000e+02 2.961689999999999901e-46
1.455000000000000000e+02 3.332649999999999881e-46
1.457500000000000000e+02 3.885739999999999923e-46
1.460000000000000000e+02 4.723329999999999821e-46
1.462500000000000000e+02 5.978650000000000180e-46
1.465000000000000000e+02 7.916800000000000489e-46
1.467500000000000000e+02 1.101219999999999987e-45
1.470000000000000000e+02 1.607290000000000012e-45
1.472500000000000000e+02 2.465779999999999974e-45
1.475000000000000000e+02 3.943079999999999766e-45
1.477500000000000000e+02 6.546220000000000422e-45
1.480000000000000000e+02 1.127540000000000065e-44
1.482500000000000000e+02 2.018579999999999882e-44
1.485000000000000000e+02 3.798509999999999781e-44
1.487500000000000000e+02 7.568909999999999697e-44
1.490000000000000000e+02 1.631520000000000016e-43
1.492500000000000000e+02 3.939050000000000022e-43
1.495000000000000000e+02 1.023870000000000026e-42
1.497500000000000000e+02 3.140569999999999999e-42
1.500000000000000000e+02 4.599910000000000078e-41
1.502500000000000000e+02 1.396679999999999922e-41
1.505000000000000000e+02 2.123539999999999989e-42
1.507500000000000000e+02 7.761989999999999646e-43
1.510000000000000000e+02 2.975809999999999843e-43
1.512500000000000000e+02 1.274369999999999902e-43
1.515000000000000000e+02 6.018709999999999900e-44
1.517500000000000000e+02 3.052040000000000074e-44
1.520000000000000000e+02 1.638730000000000041e-44
1.522500000000000000e+02 9.217980000000000510e-45
1.525000000000000000e+02 5.414020000000000291e-45
1.527500000000000000e+02 3.353149999999999849e-45
1.530000000000000000e+02 2.166799999999999920e-45
1.532500000000000000e+02 1.464190000000000018e-45
1.535000000000000000e+02 1.042609999999999937e-45
1.537500000000000000e+02 7.859929999999999728e-46
1.540000000000000000e+02 6.273219999999999704e-46
1.542500000000000000e+02 5.289040000000000045e-46
1.545000000000000000e+02 4.663730000000000331e-46
1.547500000000000000e+02 4.281319999999999847e-46
1.550000000000000000e+02 4.057990000000000032e-46
1.552500000000000000e+02 3.955060000000000262e-46
1.555000000000000000e+02 3.945620000000000180e-46
1.557500000000000000e+02 3.988710000000000248e-46
1.560000000000000000e+02 4.049730000000000349e-46
1.562500000000000000e+02 4.071099999999999807e-46
1.565000000000000000e+02 4.080090000000000073e-46
1.567500000000000000e+02 4.035509999999999784e-46
1.570000000000000000e+02 3.974430000000000018e-46
1.572500000000000000e+02 3.909389999999999849e-46
1.575000000000000000e+02 3.843769999999999812e-46
1.577500000000000000e+02 3.777920000000000285e-46
1.580000000000000000e+02 3.718180000000000023e-46
1.582500000000000000e+02 3.659760000000000155e-46
1.585000000000000000e+02 3.602959999999999780e-46
1.587500000000000000e+02 3.548459999999999762e-46
1.590000000000000000e+02 3.495959999999999833e-46
1.592500000000000000e+02 3.446589999999999895e-46
1.595000000000000000e+02 3.395940000000000117e-46
1.597500000000000000e+02 3.345890000000000095e-46
1.600000000000000000e+02 3.296120000000000061e-46
1.602500000000000000e+02 3.247590000000000091e-46
1.605000000000000000e+02 3.202009999999999952e-46
1.607500000000000000e+02 3.155900000000000056e-46
1.610000000000000000e+02 3.111929999999999855e-46
1.612500000000000000e+02 3.067130000000000019e-46
1.615000000000000000e+02 3.025029999999999858e-46
1.617500000000000000e+02 2.983980000000000045e-46
1.620000000000000000e+02 2.942960000000000065e-46
1.622500000000000000e+02 2.902560000000000116e-46
1.625000000000000000e+02 2.863389999999999897e-46
1.627500000000000000e+02 2.825320000000000137e-46
1.630000000000000000e+02 2.789390000000000072e-46
1.632500000000000000e+02 2.754739999999999847e-46
1.635000000000000000e+02 2.718979999999999997e-46
1.637500000000000000e+02 2.683850000000000124e-46
1.640000000000000000e+02 2.651890000000000018e-46
1.642500000000000000e+02 2.620660000000000105e-46
1.645000000000000000e+02 2.588120000000000133e-46
1.647500000000000000e+02 2.559509999999999953e-46
1.650000000000000000e+02 2.530070000000000139e-46
1.652500000000000000e+02 2.501739999999999949e-46
1.655000000000000000e+02 2.474629999999999934e-46
1.657500000000000000e+02 2.447610000000000194e-46
1.660000000000000000e+02 2.420959999999999939e-46
1.662500000000000000e+02 2.395469999999999807e-46
1.665000000000000000e+02 2.370719999999999813e-46
1.667500000000000000e+02 2.346719999999999901e-46
1.670000000000000000e+02 2.324479999999999866e-46
1.672500000000000000e+02 2.301599999999999911e-46
1.675000000000000000e+02 2.279629999999999921e-46
1.677500000000000000e+02 2.258069999999999971e-46
1.680000000000000000e+02 2.237750000000000085e-46
1.682500000000000000e+02 2.216849999999999943e-46
1.685000000000000000e+02 2.197370000000000024e-46
1.687500000000000000e+02 2.178549999999999913e-46
1.690000000000000000e+02 2.159419999999999981e-46
1.692500000000000000e+02 2.142080000000000147e-46
1.695000000000000000e+02 2.124199999999999833e-46
1.697500000000000000e+02 2.106840000000000111e-46
1.700000000000000000e+02 2.089660000000000159e-46
1.702500000000000000e+02 2.073439999999999893e-46
1.705000000000000000e+02 2.056780000000000144e-46
1.707500000000000000e+02 2.041350000000000125e-46
1.710000000000000000e+02 2.026099999999999877e-46
1.712500000000000000e+02 2.011060000000000010e-46
1.715000000000000000e+02 1.995690000000000045e-46
1.717500000000000000e+02 1.980330000000000023e-46
1.720000000000000000e+02 1.965119999999999941e-46
1.722500000000000000e+02 1.950830000000000156e-46
1.725000000000000000e+02 1.936409999999999932e-46
1.727500000000000000e+02 1.922999999999999891e-46
1.730000000000000000e+02 1.909260000000000141e-46
1.732500000000000000e+02 1.895109999999999962e-46
1.735000000000000000e+02 1.881349999999999935e-46
1.737500000000000000e+02 1.868240000000000160e-46
1.740000000000000000e+02 1.855339999999999989e-46
1.742500000000000000e+02 1.842740000000000084e-46
1.745000000000000000e+02 1.830170000000000011e-46
1.747500000000000000e+02 1.817249999999999951e-46
1.750000000000000000e+02 1.804869999999999982e-46
1.752500000000000000e+02 1.792260000000000133e-46
1.755000000000000000e+02 1.780889999999999958e-46
1.757500000000000000e+02 1.769320000000000125e-46
1.760000000000000000e+02 1.758490000000000041e-46
1.762500000000000000e+02 1.748590000000000004e-46
1.765000000000000000e+02 1.738999999999999983e-46
1.767500000000000000e+02 1.729069999999999920e-46
1.770000000000000000e+02 1.719830000000000081e-46
1.772500000000000000e+02 1.710130000000000092e-46
1.775000000000000000e+02 1.701130000000000076e-46
1.777500000000000000e+02 1.692459999999999965e-46
1.780000000000000000e+02 1.683729999999999994e-46
1.782500000000000000e+02 1.675879999999999962e-46
1.785000000000000000e+02 1.668190000000000008e-46
1.787500000000000000e+02 1.660659999999999936e-46
1.790000000000000000e+02 1.653510000000000071e-46
1.792500000000000000e+02 1.646889999999999964e-46
1.795000000000000000e+02 1.639449999999999972e-46
1.797500000000000000e+02 1.632499999999999961e-46
1.800000000000000000e+02 1.626319999999999921e-46
1.802500000000000000e+02 1.619879999999999974e-46
1.805000000000000000e+02 1.613860000000000010e-46
1.807500000000000000e+02 1.607929999999999932e-46
1.810000000000000000e+02 1.601869999999999998e-46
1.812500000000000000e+02 1.596030000000000000e-46
1.815000000000000000e+02 1.590609999999999986e-46
1.817500000000000000e+02 1.585329999999999967e-46
1.820000000000000000e+02 1.580149999999999971e-46
1.822500000000000000e+02 1.575750000000000085e-46
1.825000000000000000e+02 1.571340000000000059e-46
1.827500000000000000e+02 1.567019999999999920e-46
1.830000000000000000e+02 1.563240000000000065e-46
1.832500000000000000e+02 1.559310000000000077e-46
1.835000000000000000e+02 1.555469999999999974e-46
1.837500000000000000e+02 1.552400000000000037e-46
1.840000000000000000e+02 1.549170000000000022e-46
1.842500000000000000e+02 1.545979999999999977e-46
1.845000000000000000e+02 1.542649999999999939e-46
1.847500000000000000e+02 1.540149999999999924e-46
1.850000000000000000e+02 1.537310000000000060e-46
1.852500000000000000e+02 1.534740000000000048e-46
1.855000000000000000e+02 1.532930000000000062e-46
1.857500000000000000e+02 1.530710000000000036e-46
1.860000000000000000e+02 1.528569999999999951e-46
1.862500000000000000e+02 1.526549999999999973e-46
1.865000000000000000e+02 1.524669999999999990e-46
1.867500000000000000e+02 1.522510000000000017e-46
1.870000000000000000e+02 1.520490000000000039e-46
1.872500000000000000e+02 1.519049999999999928e-46
1.875000000000000000e+02 1.517069999999999921e-46
1.877500000000000000e+02 1.515739999999999972e-46
1.880000000000000000e+02 1.514559999999999962e-46
1.882500000000000000e+02 1.513600000000000082e-46
1.885000000000000000e+02 1.512420000000000072e-46
1.887500000000000000e+02 1.511140000000000037e-46
1.890000000000000000e+02 1.510349999999999984e-46
1.892500000000000000e+02 1.510400000000000094e-46
1.895000000000000000e+02 1.510520000000000006e-46
1.897500000000000000e+02 1.510709999999999915e-46
1.900000000000000000e+02 1.510720000000000053e-46
1.902500000000000000e+02 1.511289999999999976e-46
1.905000000000000000e+02 1.511819999999999928e-46
1.907500000000000000e+02 1.512600000000000037e-46
1.910000000000000000e+02 1.513409999999999978e-46
1.912500000000000000e+02 1.514540000000000073e-46
1.915000000000000000e+02 1.516569999999999996e-46
1.917500000000000000e+02 1.518650000000000027e-46
1.920000000000000000e+02 1.521239999999999927e-46
1.922500000000000000e+02 1.524520000000000051e-46
1.925000000000000000e+02 1.528249999999999992e-46
1.927500000000000000e+02 1.532020000000000097e-46
1.930000000000000000e+02 1.537110000000000012e-46
1.932500000000000000e+02 1.542880000000000013e-46
1.935000000000000000e+02 1.550380000000000059e-46
1.937500000000000000e+02 1.559550000000000095e-46
1.940000000000000000e+02 1.569899999999999948e-46
1.942500000000000000e+02 1.584019999999999906e-46
1.945000000000000000e+02 1.601949999999999940e-46
1.947500000000000000e+02 1.622699999999999949e-46
1.950000000000000000e+02 1.647020000000000015e-46
1.952500000000000000e+02 1.670279999999999983e-46
1.955000000000000000e+02 1.697860000000000091e-46
1.957500000000000000e+02 1.730680000000000053e-46
1.960000000000000000e+02 1.772120000000000017e-46
1.962500000000000000e+02 1.824090000000000189e-46
1.965000000000000000e+02 1.890889999999999846e-46
1.967500000000000000e+02 1.979369999999999949e-46
1.970000000000000000e+02 2.101229999999999993e-46
1.972500000000000000e+02 2.282149999999999824e-46
1.975000000000000000e+02 2.570670000000000136e-46
1.977500000000000000e+02 3.059999999999999849e-46
1.980000000000000000e+02 3.979909999999999697e-46
1.982500000000000000e+02 5.970499999999999882e-46
1.985000000000000000e+02 1.174829999999999972e-45
1.987500000000000000e+02 4.177929999999999849e-45
1.990000000000000000e+02 1.697640000000000092e-44
1.992500000000000000e+02 2.437910000000000011e-45
1.995000000000000000e+02 8.869540000000000244e-46
1.997500000000000000e+02 5.047319999999999659e-46
2.000000000000000000e+02 3.570200000000000260e-46
2.002500000000000000e+02 2.853989999999999980e-46
2.005000000000000000e+02 2.457939999999999964e-46
2.007500000000000000e+02 2.220109999999999984e-46
2.010000000000000000e+02 2.064109999999999973e-46
2.012500000000000000e+02 1.959320000000000108e-46
2.015000000000000000e+02 1.881629999999999924e-46
2.017500000000000000e+02 1.823229999999999944e-46
2.020000000000000000e+02 1.776739999999999840e-46
2.022500000000000000e+02 1.741439999999999945e-46
2.025000000000000000e+02 1.712629999999999913e-46
2.027500000000000000e+02 1.690540000000000011e-46
2.030000000000000000e+02 1.669370000000000018e-46
2.032500000000000000e+02 1.648440000000000044e-46
2.035000000000000000e+02 1.631260000000000092e-46
2.037500000000000000e+02 1.617780000000000054e-46
2.040000000000000000e+02 1.606749999999999922e-46
2.042500000000000000e+02 1.597949999999999954e-46
2.045000000000000000e+02 1.590609999999999986e-46
2.047500000000000000e+02 1.585639999999999983e-46
2.050000000000000000e+02 1.581980000000000040e-46
2.052500000000000000e+02 1.579340000000000030e-46
2.055000000000000000e+02 1.576910000000000012e-46
2.057500000000000000e+02 1.575830000000000026e-46
2.060000000000000000e+02 1.575079999999999944e-46
2.062500000000000000e+02 1.574599999999999906e-46
2.065000000000000000e+02 1.574529999999999909e-46
2.067500000000000000e+02 1.574790000000000010e-46
2.070000000000000000e+02 1.575149999999999941e-46
2.072500000000000000e+02 1.576059999999999906e-46
2.075000000000000000e+02 1.576840000000000015e-46
2.077500000000000000e+02 1.578150000000000076e-46
2.080000000000000000e+02 1.579729999999999987e-46
2.082500000000000000e+02 1.581630000000000053e-46
2.085000000000000000e+02 1.582260000000000029e-46
2.087500000000000000e+02 1.583829999999999997e-46
2.090000000000000000e+02 1.585590000000000068e-46
2.092500000000000000e+02 1.587130000000000009e-46
2.095000000000000000e+02 1.589539999999999944e-46
2.097500000000000000e+02 1.591339999999999986e-46
2.100000000000000000e+02 1.592709999999999906e-46
2.102500000000000000e+02 1.593919999999999942e-46
2.105000000000000000e+02 1.595040000000000094e-46
2.107500000000000000e+02 1.596979999999999936e-46
2.110000000000000000e+02 1.598310000000000079e-46
2.112500000000000000e+02 1.599840000000000076e-46
2.115000000000000000e+02 1.601779999999999918e-46
2.117500000000000000e+02 1.603630000000000070e-46
2.120000000000000000e+02 1.604789999999999997e-46
2.122500000000000000e+02 1.606119999999999946e-46
2.125000000000000000e+02 1.607969999999999903e-46
2.127500000000000000e+02 1.609389999999999932e-46
2.130000000000000000e+02 1.610219999999999956e-46
2.132500000000000000e+02 1.612190000000000019e-46
2.135000000000000000e+02 1.613260000000000061e-46
2.137500000000000000e+02 1.613440000000000026e-46
2.140000000000000000e+02 1.614559999999999983e-46
2.142500000000000000e+02 1.615460000000000004e-46
2.145000000000000000e+02 1.615959999999999930e-46
2.147500000000000000e+02 1.616870000000000089e-46
2.150000000000000000e+02 1.617409999999999985e-46
2.152500000000000000e+02 1.617969999999999964e-46
2.155000000000000000e+02 1.618779999999999905e-46
2.157500000000000000e+02 1.619140000000000030e-46
2.160000000000000000e+02 1.619650000000000093e-46
2.162500000000000000e+02 1.620490000000000061e-46
2.165000000000000000e+02 1.621320000000000085e-46
2.167500000000000000e+02 1.621470000000000024e-46
2.170000000000000000e+02 1.621579999999999992e-46
2.172500000000000000e+02 1.621850000000000037e-46
2.175000000000000000e+02 1.621969999999999949e-46
2.177500000000000000e+02 1.621619999999999962e-46
2.180000000000000000e+02 1.621409999999999970e-46
2.182500000000000000e+02 1.621059999999999984e-46
2.185000000000000000e+02 1.620810000000000021e-46
2.187500000000000000e+02 1.619860000000000085e-46
2.190000000000000000e+02 1.619620000000000067e-46
2.192500000000000000e+02 1.618750000000000072e-46
2.195000000000000000e+02 1.618300000000000062e-46
2.197500000000000000e+02 1.618289999999999923e-46
2.200000000000000000e+02 1.617789999999999998e-46
2.202500000000000000e+02 1.617430000000000068e-46
2.205000000000000000e+02 1.617260000000000046e-46
2.207500000000000000e+02 1.616689999999999929e-46
2.210000000000000000e+02 1.615959999999999930e-46
2.212500000000000000e+02 1.615240000000000068e-46
2.215000000000000000e+02 1.614039999999999976e-46
2.217500000000000000e+02 1.613239999999999978e-46
2.220000000000000000e+02 1.612470000000000008e-46
2.222500000000000000e+02 1.611390000000000022e-46
2.225000000000000000e+02 1.610109999999999988e-46
2.227500000000000000e+02 1.608969999999999948e-46
2.230000000000000000e+02 1.607600000000000028e-46
2.232500000000000000e+02 1.606340000000000077e-46
2.235000000000000000e+02 1.604689999999999973e-46
2.237500000000000000e+02 1.603080000000000035e-46
2.240000000000000000e+02 1.601410000000000044e-46
2.242500000000000000e+02 1.599670000000000055e-46
2.245000000000000000e+02 1.598189999999999973e-46
2.247500000000000000e+02 1.596359999999999904e-46
2.250000000000000000e+02 1.593870000000000028e-46
2.252500000000000000e+02 1.592079999999999930e-46
2.255000000000000000e+02 1.590369999999999968e-46
2.257500000000000000e+02 1.588410000000000043e-46
2.260000000000000000e+02 1.586610000000000001e-46
2.262500000000000000e+02 1.584529999999999970e-46
2.265000000000000000e+02 1.582020000000000010e-46
2.267500000000000000e+02 1.580079999999999974e-46
2.270000000000000000e+02 1.577679999999999983e-46
2.272500000000000000e+02 1.575610000000000090e-46
2.275000000000000000e+02 1.573350000000000093e-46
2.277500000000000000e+02 1.571230000000000091e-46
2.280000000000000000e+02 1.568600000000000026e-46
2.282500000000000000e+02 1.566209999999999979e-46
2.285000000000000000e+02 1.563509999999999916e-46
2.287500000000000000e+02 1.560540000000000002e-46
2.290000000000000000e+02 1.557850000000000077e-46
2.292500000000000000e+02 1.555350000000000062e-46
2.295000000000000000e+02 1.552619999999999973e-46
2.297500000000000000e+02 1.550180000000000011e-46
2.300000000000000000e+02 1.547700000000000078e-46
2.302500000000000000e+02 1.544939999999999962e-46
2.305000000000000000e+02 1.541779999999999944e-46
2.307500000000000000e+02 1.538350000000000076e-46
2.310000000000000000e+02 1.535060000000000008e-46
2.312500000000000000e+02 1.532240000000000033e-46
2.315000000000000000e+02 1.529569999999999996e-46
2.317500000000000000e+02 1.526950000000000069e-46
2.320000000000000000e+02 1.523690000000000028e-46
2.322500000000000000e+02 1.520600000000000007e-46
2.325000000000000000e+02 1.517400000000000019e-46
2.327500000000000000e+02 1.514279999999999972e-46
2.330000000000000000e+02 1.511040000000000013e-46
2.332500000000000000e+02 1.507770000000000028e-46
2.335000000000000000e+02 1.504710000000000034e-46
2.337500000000000000e+02 1.501209999999999974e-46
2.340000000000000000e+02 1.497410000000000037e-46
2.342500000000000000e+02 1.493429999999999940e-46
2.345000000000000000e+02 1.489919999999999935e-46
2.347500000000000000e+02 1.485970000000000059e-46
2.350000000000000000e+02 1.482210000000000093e-46
2.352500000000000000e+02 1.478299999999999993e-46
2.355000000000000000e+02 1.474300000000000007e-46
2.357500000000000000e+02 1.470269999999999995e-46
2.360000000000000000e+02 1.466699999999999938e-46
2.362500000000000000e+02 1.462750000000000062e-46
2.365000000000000000e+02 1.458919999999999903e-46
2.367500000000000000e+02 1.454699999999999982e-46
2.370000000000000000e+02 1.450229999999999904e-46
2.372500000000000000e+02 1.446550000000000073e-46
2.375000000000000000e+02 1.442569999999999976e-46
2.377500000000000000e+02 1.438329999999999972e-46
2.380000000000000000e+02 1.433790000000000090e-46
2.382500000000000000e+02 1.429509999999999921e-46
2.385000000000000000e+02 1.424779999999999936e-46
2.387500000000000000e+02 1.420609999999999930e-46
2.390000000000000000e+02 1.416639999999999971e-46
2.392500000000000000e+02 1.411660000000000023e-46
2.395000000000000000e+02 1.407459999999999990e-46
2.397500000000000000e+02 1.402650000000000064e-46
2.400000000000000000e+02 1.397710000000000087e-46
2.402500000000000000e+02 1.392109999999999913e-46
2.405000000000000000e+02 1.386670000000000011e-46
2.407500000000000000e+02 1.380659999999999991e-46
2.410000000000000000e+02 1.375510000000000022e-46
2.412500000000000000e+02 1.370460000000000077e-46
2.415000000000000000e+02 1.364320000000000008e-46
2.417500000000000000e+02 1.359019999999999906e-46
2.420000000000000000e+02 1.352980000000000054e-46
2.422500000000000000e+02 1.346909999999999982e-46
2.425000000000000000e+02 1.341260000000000087e-46
2.427500000000000000e+02 1.335840000000000073e-46
2.430000000000000000e+02 1.329909999999999995e-46
2.432500000000000000e+02 1.324410000000000040e-46
2.435000000000000000e+02 1.318789999999999978e-46
2.437500000000000000e+02 1.313660000000000092e-46
2.440000000000000000e+02 1.307539999999999910e-46
2.442500000000000000e+02 1.302790000000000037e-46
2.445000000000000000e+02 1.298680000000000083e-46
2.447500000000000000e+02 1.293899999999999989e-46
2.450000000000000000e+02 1.289879999999999921e-46
2.452500000000000000e+02 1.284890000000000029e-46
2.455000000000000000e+02 1.280769999999999938e-46
2.457500000000000000e+02 1.277219999999999963e-46
2.460000000000000000e+02 1.274339999999999935e-46
2.462500000000000000e+02 1.272179999999999962e-46
2.465000000000000000e+02 1.271990000000000053e-46
2.467500000000000000e+02 1.272699999999999970e-46
2.470000000000000000e+02 1.276330000000000080e-46
2.472500000000000000e+02 1.283710000000000019e-46
2.475000000000000000e+02 1.293599999999999917e-46
2.477500000000000000e+02 1.308259999999999966e-46
2.480000000000000000e+02 1.331689999999999955e-46
2.482500000000000000e+02 1.356740000000000021e-46
2.485000000000000000e+02 1.393030000000000016e-46
2.487500000000000000e+02 1.442320000000000013e-46
2.490000000000000000e+02 1.509720000000000009e-46
2.492500000000000000e+02 1.595110000000000091e-46
2.495000000000000000e+02 1.735709999999999915e-46
2.497500000000000000e+02 2.165819999999999957e-46
2.500000000000000000e+02 4.924860000000000250e-46
2.502500000000000000e+02 3.570340000000000255e-46
2.505000000000000000e+02 2.014259999999999998e-46
2.507500000000000000e+02 1.679890000000000086e-46
2.510000000000000000e+02 1.521869999999999903e-46
2.512500000000000000e+02 1.415489999999999987e-46
2.515000000000000000e+02 1.337480000000000038e-46
2.517500000000000000e+02 1.276249999999999945e-46
2.520000000000000000e+02 1.234100000000000063e-46
2.522500000000000000e+02 1.201369999999999986e-46
2.525000000000000000e+02 1.177259999999999912e-46
2.527500000000000000e+02 1.158160000000000006e-46
2.530000000000000000e+02 1.141370000000000012e-46
2.532500000000000000e+02 1.129869999999999981e-46
2.535000000000000000e+02 1.120759999999999998e-46
2.537500000000000000e+02 1.111790000000000009e-46
2.540000000000000000e+02 1.103030000000000012e-46
2.542500000000000000e+02 1.095280000000000004e-46
2.545000000000000000e+02 1.088870000000000083e-46
2.547500000000000000e+02 1.082510000000000077e-46
2.550000000000000000e+02 1.076829999999999962e-46
2.552500000000000000e+02 1.071880000000000041e-46
2.555000000000000000e+02 1.066390000000000030e-46
