0.000000000000000000e+00 5.000000000000000000e-01
2.500000000000000000e-01 5.000000000000000000e-01
5.000000000000000000e-01 5.000000000000000000e-01
7.500000000000000000e-01 5.000000000000000000e-01
1.000000000000000000e+00 5.000000000000000000e-01
1.250000000000000000e+00 5.000000000000000000e-01
1.500000000000000000e+00 5.000000000000000000e-01
1.750000000000000000e+00 5.000000000000000000e-01
2.000000000000000000e+00 5.000000000000000000e-01
2.250000000000000000e+00 5.000000000000000000e-01
2.500000000000000000e+00 5.000000000000000000e-01
2.750000000000000000e+00 5.000000000000000000e-01
3.000000000000000000e+00 5.000000000000000000e-01
3.250000000000000000e+00 5.000000000000000000e-01
3.500000000000000000e+00 5.000000000000000000e-01
3.750000000000000000e+00 5.000000000000000000e-01
4.000000000000000000e+00 5.000000000000000000e-01
4.250000000000000000e+00 5.000000000000000000e-01
4.500000000000000000e+00 5.000000000000000000e-01
4.750000000000000000e+00 5.000000000000000000e-01
5.000000000000000000e+00 5.000000000000000000e-01
5.250000000000000000e+00 5.000000000000000000e-01
5.500000000000000000e+00 5.000000000000000000e-01
5.750000000000000000e+00 5.000000000000000000e-01
6.000000000000000000e+00 5.000000000000000000e-01
6.250000000000000000e+00 5.000000000000000000e-01
6.500000000000000000e+00 5.000000000000000000e-01
6.750000000000000000e+00 5.000000000000000000e-01
7.000000000000000000e+00 5.000000000000000000e-01
7.250000000000000000e+00 5.000000000000000000e-01
7.500000000000000000e+00 5.000000000000000000e-01
7.750000000000000000e+00 5.000000000000000000e-01
8.000000000000000000e+00 5.000000000000000000e-01
8.250000000000000000e+00 5.000000000000000000e-01
8.500000000000000000e+00 5.000000000000000000e-01
8.750000000000000000e+00 5.000000000000000000e-01
9.000000000000000000e+00 5.000000000000000000e-01
9.250000000000000000e+00 5.000000000000000000e-01
9.500000000000000000e+00 5.000000000000000000e-01
9.750000000000000000e+00 5.000000000000000000e-01
1.000000000000000000e+01 5.000000000000000000e-01
1.025000000000000000e+01 5.000000000000000000e-01
1.050000000000000000e+01 5.000000000000000000e-01
1.075000000000000000e+01 5.000000000000000000e-01
1.100000000000000000e+01 5.000000000000000000e-01
1.125000000000000000e+01 5.000000000000000000e-01
1.150000000000000000e+01 5.000000000000000000e-01
1.175000000000000000e+01 5.000000000000000000e-01
1.200000000000000000e+01 5.000000000000000000e-01
1.225000000000000000e+01 5.000000000000000000e-01
1.250000000000000000e+01 5.000000000000000000e-01
1.275000000000000000e+01 5.000000000000000000e-01
1.300000000000000000e+01 5.000000000000000000e-01
1.325000000000000000e+01 5.000000000000000000e-01
1.350000000000000000e+01 5.000000000000000000e-01
1.375000000000000000e+01 5.000000000000000000e-01
1.400000000000000000e+01 5.000000000000000000e-01
1.425000000000000000e+01 5.000000000000000000e-01
1.450000000000000000e+01 5.000000000000000000e-01
1.475000000000000000e+01 5.000000000000000000e-01
1.500000000000000000e+01 5.000000000000000000e-01
1.525000000000000000e+01 5.000000000000000000e-01
1.550000000000000000e+01 5.000000000000000000e-01
1.575000000000000000e+01 5.000000000000000000e-01
1.600000000000000000e+01 1.119380000000000046e-42
1.625000000000000000e+01 9.755989999999999416e-43
1.650000000000000000e+01 8.555210000000000775e-43
1.675000000000000000e+01 7.649640000000000217e-43
1.700000000000000000e+01 6.880939999999999660e-43
1.725000000000000000e+01 6.194479999999999800e-43
1.750000000000000000e+01 5.570809999999999989e-43
1.775000000000000000e+01 4.968479999999999898e-43
1.800000000000000000e+01 4.410160000000000153e-43
1.825000000000000000e+01 3.908329999999999836e-43
1.850000000000000000e+01 3.414839999999999930e-43
1.875000000000000000e+01 2.956069999999999935e-43
1.900000000000000000e+01 2.537979999999999913e-43
1.925000000000000000e+01 2.185739999999999823e-43
1.950000000000000000e+01 1.924489999999999878e-43
1.975000000000000000e+01 1.772140000000000008e-43
2.000000000000000000e+01 1.719700000000000014e-43
2.025000000000000000e+01 1.734020000000000051e-43
2.050000000000000000e+01 1.876569999999999837e-43
2.075000000000000000e+01 2.098830000000000050e-43
2.100000000000000000e+01 2.189139999999999868e-43
2.125000000000000000e+01 2.639039999999999840e-43
2.150000000000000000e+01 3.356300000000000136e-43
2.175000000000000000e+01 6.452270000000000208e-43
2.200000000000000000e+01 7.069160000000000289e-43
2.225000000000000000e+01 3.192030000000000144e-43
2.250000000000000000e+01 1.334599999999999937e-43
2.275000000000000000e+01 6.899150000000000025e-44
2.300000000000000000e+01 3.950390000000000128e-44
2.325000000000000000e+01 2.608589999999999849e-44
2.350000000000000000e+01 1.905549999999999926e-44
2.375000000000000000e+01 1.500810000000000003e-44
2.400000000000000000e+01 1.237919999999999974e-44
2.425000000000000000e+01 1.049040000000000026e-44
2.450000000000000000e+01 9.017769999999999541e-45
2.475000000000000000e+01 7.819359999999999875e-45
2.500000000000000000e+01 6.818619999999999830e-45
2.525000000000000000e+01 5.973899999999999996e-45
2.550000000000000000e+01 5.256860000000000237e-45
2.575000000000000000e+01 4.634570000000000273e-45
2.600000000000000000e+01 4.090999999999999865e-45
2.625000000000000000e+01 3.621900000000000075e-45
2.650000000000000000e+01 3.217819999999999945e-45
2.675000000000000000e+01 2.861300000000000078e-45
2.700000000000000000e+01 2.553630000000000101e-45
2.725000000000000000e+01 2.286350000000000052e-45
2.750000000000000000e+01 2.054729999999999945e-45
2.775000000000000000e+01 1.855090000000000143e-45
2.800000000000000000e+01 1.681650000000000002e-45
2.825000000000000000e+01 1.530659999999999966e-45
2.850000000000000000e+01 1.400429999999999999e-45
2.875000000000000000e+01 1.285600000000000063e-45
2.900000000000000000e+01 1.182929999999999927e-45
2.925000000000000000e+01 1.092200000000000044e-45
2.950000000000000000e+01 1.011159999999999933e-45
2.975000000000000000e+01 9.394510000000000477e-46
3.000000000000000000e+01 8.757049999999999507e-46
3.025000000000000000e+01 8.183889999999999735e-46
3.050000000000000000e+01 7.665970000000000509e-46
3.075000000000000000e+01 7.205129999999999313e-46
3.100000000000000000e+01 6.790829999999999886e-46
3.125000000000000000e+01 6.418639999999999787e-46
3.150000000000000000e+01 6.083890000000000250e-46
3.175000000000000000e+01 5.780579999999999840e-46
3.200000000000000000e+01 5.501409999999999725e-46
3.225000000000000000e+01 5.249950000000000157e-46
3.250000000000000000e+01 5.019010000000000135e-46
3.275000000000000000e+01 4.812749999999999721e-46
3.300000000000000000e+01 4.624039999999999911e-46
3.325000000000000000e+01 4.450920000000000002e-46
3.350000000000000000e+01 4.292260000000000093e-46
3.375000000000000000e+01 4.147849999999999804e-46
3.400000000000000000e+01 4.016240000000000246e-46
3.425000000000000000e+01 3.893220000000000081e-46
3.450000000000000000e+01 3.781100000000000385e-46
3.475000000000000000e+01 3.675959999999999755e-46
3.500000000000000000e+01 3.579670000000000174e-46
3.525000000000000000e+01 3.491299999999999845e-46
3.550000000000000000e+01 3.407680000000000167e-46
3.575000000000000000e+01 3.331140000000000161e-46
3.600000000000000000e+01 3.261150000000000070e-46
3.625000000000000000e+01 3.195250000000000045e-46
3.650000000000000000e+01 3.134350000000000050e-46
3.675000000000000000e+01 3.076290000000000112e-46
3.700000000000000000e+01 3.022610000000000173e-46
3.725000000000000000e+01 2.972589999999999982e-46
3.750000000000000000e+01 2.925710000000000116e-46
3.775000000000000000e+01 2.881070000000000163e-46
3.800000000000000000e+01 2.839459999999999983e-46
3.825000000000000000e+01 2.799369999999999855e-46
3.850000000000000000e+01 2.762229999999999948e-46
3.875000000000000000e+01 2.725760000000000181e-46
3.900000000000000000e+01 2.691549999999999828e-46
3.925000000000000000e+01 2.657980000000000173e-46
3.950000000000000000e+01 2.625019999999999827e-46
3.975000000000000000e+01 2.591969999999999985e-46
4.000000000000000000e+01 2.560429999999999862e-46
4.025000000000000000e+01 2.529539999999999993e-46
4.050000000000000000e+01 2.499430000000000038e-46
4.075000000000000000e+01 2.470189999999999883e-46
4.100000000000000000e+01 2.440839999999999954e-46
4.125000000000000000e+01 2.412199999999999942e-46
4.150000000000000000e+01 2.384710000000000109e-46
4.175000000000000000e+01 2.356770000000000071e-46
4.200000000000000000e+01 2.329069999999999856e-46
4.225000000000000000e+01 2.301309999999999978e-46
4.250000000000000000e+01 2.275510000000000024e-46
4.275000000000000000e+01 2.249690000000000182e-46
4.300000000000000000e+01 2.225609999999999940e-46
4.325000000000000000e+01 2.201409999999999980e-46
4.350000000000000000e+01 2.176399999999999884e-46
4.375000000000000000e+01 2.152409999999999917e-46
4.400000000000000000e+01 2.128229999999999845e-46
4.425000000000000000e+01 2.103150000000000141e-46
4.450000000000000000e+01 2.078700000000000024e-46
4.475000000000000000e+01 2.055009999999999934e-46
4.500000000000000000e+01 2.030370000000000102e-46
4.525000000000000000e+01 2.006759999999999953e-46
4.550000000000000000e+01 1.983349999999999852e-46
4.575000000000000000e+01 1.959579999999999820e-46
4.600000000000000000e+01 1.936180000000000052e-46
4.625000000000000000e+01 1.912579999999999847e-46
4.650000000000000000e+01 1.889330000000000017e-46
4.675000000000000000e+01 1.865880000000000140e-46
4.700000000000000000e+01 1.842520000000000148e-46
4.725000000000000000e+01 1.819650000000000137e-46
4.750000000000000000e+01 1.796520000000000025e-46
4.775000000000000000e+01 1.773780000000000065e-46
4.800000000000000000e+01 1.751600000000000083e-46
4.825000000000000000e+01 1.729579999999999984e-46
4.850000000000000000e+01 1.707689999999999936e-46
4.875000000000000000e+01 1.686250000000000092e-46
4.900000000000000000e+01 1.665379999999999977e-46
4.925000000000000000e+01 1.644589999999999997e-46
4.950000000000000000e+01 1.624250000000000028e-46
4.975000000000000000e+01 1.603969999999999918e-46
5.000000000000000000e+01 1.584230000000000092e-46
5.025000000000000000e+01 1.564730000000000091e-46
5.050000000000000000e+01 1.545650000000000073e-46
5.075000000000000000e+01 1.526580000000000000e-46
5.100000000000000000e+01 1.507940000000000049e-46
5.125000000000000000e+01 1.489979999999999989e-46
5.150000000000000000e+01 1.471869999999999990e-46
5.175000000000000000e+01 1.454650000000000067e-46
5.200000000000000000e+01 1.437539999999999919e-46
5.225000000000000000e+01 1.420450000000000047e-46
5.250000000000000000e+01 1.403690000000000079e-46
5.275000000000000000e+01 1.387029999999999941e-46
5.300000000000000000e+01 1.370780000000000037e-46
5.325000000000000000e+01 1.354790000000000040e-46
5.350000000000000000e+01 1.339010000000000035e-46
5.375000000000000000e+01 1.323419999999999939e-46
5.400000000000000000e+01 1.307900000000000035e-46
5.425000000000000000e+01 1.292750000000000005e-46
5.450000000000000000e+01 1.277959999999999907e-46
5.475000000000000000e+01 1.263240000000000000e-46
5.500000000000000000e+01 1.248630000000000061e-46
5.525000000000000000e+01 1.234319999999999999e-46
5.550000000000000000e+01 1.220160000000000070e-46
5.575000000000000000e+01 1.206379999999999960e-46
5.600000000000000000e+01 1.192719999999999957e-46
5.625000000000000000e+01 1.179439999999999967e-46
5.650000000000000000e+01 1.166169999999999921e-46
5.675000000000000000e+01 1.153449999999999909e-46
5.700000000000000000e+01 1.140589999999999903e-46
5.725000000000000000e+01 1.128099999999999966e-46
5.750000000000000000e+01 1.115339999999999984e-46
5.775000000000000000e+01 1.103030000000000012e-46
5.800000000000000000e+01 1.090990000000000085e-46
5.825000000000000000e+01 1.079089999999999959e-46
5.850000000000000000e+01 1.067369999999999992e-46
5.875000000000000000e+01 1.055950000000000097e-46
5.900000000000000000e+01 1.044600000000000005e-46
5.925000000000000000e+01 1.033409999999999990e-46
5.950000000000000000e+01 1.022480000000000077e-46
5.975000000000000000e+01 1.011589999999999939e-46
6.000000000000000000e+01 1.000669999999999969e-46
6.025000000000000000e+01 9.912110000000000716e-47
6.050000000000000000e+01 9.784979999999999819e-47
6.075000000000000000e+01 9.678629999999999735e-47
6.100000000000000000e+01 9.570279999999999173e-47
6.125000000000000000e+01 9.464259999999999577e-47
6.150000000000000000e+01 9.360830000000000270e-47
6.175000000000000000e+01 9.255929999999999853e-47
6.200000000000000000e+01 9.154349999999999920e-47
6.225000000000000000e+01 9.055909999999999144e-47
6.250000000000000000e+01 8.958060000000000123e-47
6.275000000000000000e+01 8.863030000000000494e-47
6.300000000000000000e+01 8.769610000000000414e-47
6.325000000000000000e+01 8.676070000000000422e-47
6.350000000000000000e+01 8.584990000000000085e-47
6.375000000000000000e+01 8.495990000000000169e-47
6.400000000000000000e+01 8.408510000000000111e-47
6.425000000000000000e+01 8.324379999999999785e-47
6.450000000000000000e+01 8.240500000000000006e-47
6.475000000000000000e+01 8.159030000000000162e-47
6.500000000000000000e+01 8.080229999999999576e-47
6.525000000000000000e+01 8.002059999999999744e-47
6.550000000000000000e+01 7.925000000000000314e-47
6.575000000000000000e+01 7.849630000000000374e-47
6.600000000000000000e+01 7.774260000000000434e-47
6.625000000000000000e+01 7.701359999999999900e-47
6.650000000000000000e+01 7.631250000000000481e-47
6.675000000000000000e+01 7.561899999999999532e-47
6.700000000000000000e+01 7.492779999999999630e-47
6.725000000000000000e+01 7.425289999999999749e-47
6.750000000000000000e+01 7.359659999999999963e-47
6.775000000000000000e+01 7.296569999999999775e-47
6.800000000000000000e+01 7.232069999999999890e-47
6.825000000000000000e+01 7.169740000000000116e-47
6.850000000000000000e+01 7.108780000000000068e-47
6.875000000000000000e+01 7.047759999999999577e-47
6.900000000000000000e+01 6.987580000000000416e-47
6.925000000000000000e+01 6.929570000000000393e-47
6.950000000000000000e+01 6.871830000000000415e-47
6.975000000000000000e+01 6.814750000000000440e-47
7.000000000000000000e+01 6.758279999999999775e-47
7.025000000000000000e+01 6.704039999999999663e-47
7.050000000000000000e+01 6.650010000000000126e-47
7.075000000000000000e+01 6.598010000000000317e-47
7.100000000000000000e+01 6.546680000000000260e-47
7.125000000000000000e+01 6.494880000000000304e-47
7.150000000000000000e+01 6.443820000000000293e-47
7.175000000000000000e+01 6.393669999999999857e-47
7.200000000000000000e+01 6.344690000000000265e-47
7.225000000000000000e+01 6.296599999999999778e-47
7.250000000000000000e+01 6.248769999999999587e-47
7.275000000000000000e+01 6.201410000000000266e-47
7.300000000000000000e+01 6.155120000000000405e-47
7.325000000000000000e+01 6.109820000000000060e-47
7.350000000000000000e+01 6.064730000000000292e-47
7.375000000000000000e+01 6.019909999999999596e-47
7.400000000000000000e+01 5.975300000000000447e-47
7.425000000000000000e+01 5.931569999999999682e-47
7.450000000000000000e+01 5.888509999999999641e-47
7.475000000000000000e+01 5.845930000000000220e-47
7.500000000000000000e+01 5.804789999999999744e-47
7.525000000000000000e+01 5.763749999999999681e-47
7.550000000000000000e+01 5.723000000000000134e-47
7.575000000000000000e+01 5.682610000000000324e-47
7.600000000000000000e+01 5.643390000000000385e-47
7.625000000000000000e+01 5.604770000000000007e-47
7.650000000000000000e+01 5.567309999999999751e-47
7.675000000000000000e+01 5.530050000000000320e-47
7.700000000000000000e+01 5.493189999999999624e-47
7.725000000000000000e+01 5.456259999999999709e-47
7.750000000000000000e+01 5.419569999999999617e-47
7.775000000000000000e+01 5.383289999999999955e-47
7.800000000000000000e+01 5.347480000000000191e-47
7.825000000000000000e+01 5.313059999999999651e-47
7.850000000000000000e+01 5.278579999999999641e-47
7.875000000000000000e+01 5.244300000000000458e-47
7.900000000000000000e+01 5.211169999999999702e-47
7.925000000000000000e+01 5.178589999999999758e-47
7.950000000000000000e+01 5.145920000000000124e-47
7.975000000000000000e+01 5.113640000000000446e-47
8.000000000000000000e+01 5.081909999999999637e-47
8.025000000000000000e+01 5.050670000000000170e-47
8.050000000000000000e+01 5.020410000000000470e-47
8.075000000000000000e+01 4.990269999999999711e-47
8.100000000000000000e+01 4.960550000000000102e-47
8.125000000000000000e+01 4.931209999999999728e-47
8.150000000000000000e+01 4.902070000000000180e-47
8.175000000000000000e+01 4.873960000000000121e-47
8.200000000000000000e+01 4.846310000000000210e-47
8.225000000000000000e+01 4.818460000000000446e-47
8.250000000000000000e+01 4.791590000000000450e-47
8.275000000000000000e+01 4.764300000000000276e-47
8.300000000000000000e+01 4.737580000000000413e-47
8.325000000000000000e+01 4.711509999999999830e-47
8.350000000000000000e+01 4.685919999999999868e-47
8.375000000000000000e+01 4.660470000000000290e-47
8.400000000000000000e+01 4.635709999999999963e-47
8.425000000000000000e+01 4.610939999999999886e-47
8.450000000000000000e+01 4.587419999999999622e-47
8.475000000000000000e+01 4.563600000000000064e-47
8.500000000000000000e+01 4.540110000000000022e-47
8.525000000000000000e+01 4.516929999999999995e-47
8.550000000000000000e+01 4.493940000000000072e-47
8.575000000000000000e+01 4.471730000000000064e-47
8.600000000000000000e+01 4.449270000000000482e-47
8.625000000000000000e+01 4.427239999999999855e-47
8.650000000000000000e+01 4.405429999999999554e-47
8.675000000000000000e+01 4.385659999999999702e-47
8.700000000000000000e+01 4.364520000000000125e-47
8.725000000000000000e+01 4.343690000000000077e-47
8.750000000000000000e+01 4.323289999999999957e-47
8.775000000000000000e+01 4.303830000000000121e-47
8.800000000000000000e+01 4.284229999999999902e-47
8.825000000000000000e+01 4.265140000000000037e-47
8.850000000000000000e+01 4.246750000000000146e-47
8.875000000000000000e+01 4.227960000000000062e-47
8.900000000000000000e+01 4.209570000000000171e-47
8.925000000000000000e+01 4.191770000000000090e-47
8.950000000000000000e+01 4.173979999999999759e-47
8.975000000000000000e+01 4.156120000000000209e-47
9.000000000000000000e+01 4.138860000000000219e-47
9.025000000000000000e+01 4.121519999999999801e-47
9.050000000000000000e+01 4.104119999999999914e-47
9.075000000000000000e+01 4.088139999999999958e-47
9.100000000000000000e+01 4.071039999999999851e-47
9.125000000000000000e+01 4.054760000000000115e-47
9.150000000000000000e+01 4.038999999999999997e-47
9.175000000000000000e+01 4.023250000000000116e-47
9.200000000000000000e+01 4.008260000000000164e-47
9.225000000000000000e+01 3.992469999999999826e-47
9.250000000000000000e+01 3.977559999999999815e-47
9.275000000000000000e+01 3.962600000000000083e-47
9.300000000000000000e+01 3.947659999999999851e-47
9.325000000000000000e+01 3.932600000000000194e-47
9.350000000000000000e+01 3.918060000000000155e-47
9.375000000000000000e+01 3.903179999999999879e-47
9.400000000000000000e+01 3.889040000000000033e-47
9.425000000000000000e+01 3.875489999999999997e-47
9.450000000000000000e+01 3.861800000000000065e-47
9.475000000000000000e+01 3.848480000000000104e-47
9.500000000000000000e+01 3.835320000000000026e-47
9.525000000000000000e+01 3.822359999999999801e-47
9.550000000000000000e+01 3.810069999999999815e-47
9.575000000000000000e+01 3.797710000000000123e-47
9.600000000000000000e+01 3.785239999999999782e-47
9.625000000000000000e+01 3.773010000000000238e-47
9.650000000000000000e+01 3.760730000000000001e-47
9.675000000000000000e+01 3.748449999999999764e-47
9.700000000000000000e+01 3.736539999999999985e-47
9.725000000000000000e+01 3.724679999999999926e-47
9.750000000000000000e+01 3.712759999999999912e-47
9.775000000000000000e+01 3.701490000000000150e-47
9.800000000000000000e+01 3.689719999999999783e-47
9.825000000000000000e+01 3.677829999999999989e-47
9.850000000000000000e+01 3.666789999999999816e-47
9.875000000000000000e+01 3.655650000000000202e-47
9.900000000000000000e+01 3.645259999999999795e-47
9.925000000000000000e+01 3.634300000000000049e-47
9.950000000000000000e+01 3.624209999999999909e-47
9.975000000000000000e+01 3.614360000000000079e-47
1.000000000000000000e+02 3.604099999999999820e-47
1.002500000000000000e+02 3.593789999999999841e-47
1.005000000000000000e+02 3.583740000000000157e-47
1.007500000000000000e+02 3.573900000000000077e-47
1.010000000000000000e+02 3.564250000000000100e-47
1.012500000000000000e+02 3.554419999999999769e-47
1.015000000000000000e+02 3.545349999999999853e-47
1.017500000000000000e+02 3.535650000000000156e-47
1.020000000000000000e+02 3.526470000000000078e-47
1.022500000000000000e+02 3.517329999999999971e-47
1.025000000000000000e+02 3.508129999999999907e-47
1.027500000000000000e+02 3.499170000000000154e-47
1.030000000000000000e+02 3.490450000000000225e-47
1.032500000000000000e+02 3.481580000000000163e-47
1.035000000000000000e+02 3.472989999999999895e-47
1.037500000000000000e+02 3.464889999999999998e-47
1.040000000000000000e+02 3.456500000000000070e-47
1.042500000000000000e+02 3.448250000000000040e-47
1.045000000000000000e+02 3.439849999999999876e-47
1.047500000000000000e+02 3.431699999999999772e-47
1.050000000000000000e+02 3.424060000000000024e-47
1.052500000000000000e+02 3.416230000000000172e-47
1.055000000000000000e+02 3.408560000000000202e-47
1.057500000000000000e+02 3.401130000000000057e-47
1.060000000000000000e+02 3.393650000000000191e-47
1.062500000000000000e+02 3.386399999999999914e-47
1.065000000000000000e+02 3.379429999999999918e-47
1.067500000000000000e+02 3.372329999999999774e-47
1.070000000000000000e+02 3.365250000000000101e-47
1.072500000000000000e+02 3.358280000000000105e-47
1.075000000000000000e+02 3.351100000000000020e-47
1.077500000000000000e+02 3.344539999999999966e-47
1.080000000000000000e+02 3.337740000000000088e-47
1.082500000000000000e+02 3.331290000000000197e-47
1.085000000000000000e+02 3.324690000000000172e-47
1.087500000000000000e+02 3.318429999999999899e-47
1.090000000000000000e+02 3.312199999999999846e-47
1.092500000000000000e+02 3.305960000000000044e-47
1.095000000000000000e+02 3.299590000000000094e-47
1.097500000000000000e+02 3.293530000000000160e-47
1.100000000000000000e+02 3.287329999999999843e-47
1.102500000000000000e+02 3.281320000000000115e-47
1.105000000000000000e+02 3.275110000000000048e-47
1.107500000000000000e+02 3.269240000000000218e-47
1.110000000000000000e+02 3.263560000000000006e-47
1.112500000000000000e+02 3.257670000000000190e-47
1.115000000000000000e+02 3.252280000000000008e-47
1.117500000000000000e+02 3.246700000000000208e-47
1.120000000000000000e+02 3.241090000000000188e-47
1.122500000000000000e+02 3.235580000000000094e-47
1.125000000000000000e+02 3.230809999999999943e-47
1.127500000000000000e+02 3.225680000000000057e-47
1.130000000000000000e+02 3.220570000000000156e-47
1.132500000000000000e+02 3.215879999999999947e-47
1.135000000000000000e+02 3.210779999999999796e-47
1.137500000000000000e+02 3.206099999999999823e-47
1.140000000000000000e+02 3.201410000000000100e-47
1.142500000000000000e+02 3.196870000000000024e-47
1.145000000000000000e+02 3.192300000000000214e-47
1.147500000000000000e+02 3.187970000000000227e-47
1.150000000000000000e+02 3.183470000000000122e-47
1.152500000000000000e+02 3.179029999999999973e-47
1.155000000000000000e+02 3.174589999999999824e-47
1.157500000000000000e+02 3.170449999999999941e-47
1.160000000000000000e+02 3.166299999999999823e-47
1.162500000000000000e+02 3.162500000000000177e-47
1.165000000000000000e+02 3.158600000000000119e-47
1.167500000000000000e+02 3.154879999999999928e-47
1.170000000000000000e+02 3.150850000000000208e-47
1.172500000000000000e+02 3.147090000000000047e-47
1.175000000000000000e+02 3.143409999999999827e-47
1.177500000000000000e+02 3.140129999999999800e-47
1.180000000000000000e+02 3.136680000000000141e-47
1.182500000000000000e+02 3.133289999999999951e-47
1.185000000000000000e+02 3.129819999999999821e-47
1.187500000000000000e+02 3.126430000000000118e-47
1.190000000000000000e+02 3.123070000000000149e-47
1.192500000000000000e+02 3.120009999999999961e-47
1.195000000000000000e+02 3.116969999999999759e-47
1.197500000000000000e+02 3.113930000000000042e-47
1.200000000000000000e+02 3.111059999999999958e-47
1.202500000000000000e+02 3.108120000000000168e-47
1.205000000000000000e+02 3.104820000000000156e-47
1.207500000000000000e+02 3.102309999999999808e-47
1.210000000000000000e+02 3.099560000000000122e-47
1.212500000000000000e+02 3.096769999999999979e-47
1.215000000000000000e+02 3.094269999999999866e-47
1.217500000000000000e+02 3.091430000000000003e-47
1.220000000000000000e+02 3.088809999999999979e-47
1.222500000000000000e+02 3.086510000000000206e-47
1.225000000000000000e+02 3.083879999999999946e-47
1.227500000000000000e+02 3.081529999999999967e-47
1.230000000000000000e+02 3.079330000000000120e-47
1.232500000000000000e+02 3.076949999999999920e-47
1.235000000000000000e+02 3.074770000000000059e-47
1.237500000000000000e+02 3.072739999999999846e-47
1.240000000000000000e+02 3.070650000000000162e-47
1.242500000000000000e+02 3.068599999999999963e-47
1.245000000000000000e+02 3.066529999999999779e-47
1.247500000000000000e+02 3.064440000000000095e-47
1.250000000000000000e+02 3.062420000000000117e-47
1.252500000000000000e+02 3.060699999999999919e-47
1.255000000000000000e+02 3.058850000000000060e-47
1.257500000000000000e+02 3.057089999999999891e-47
1.260000000000000000e+02 3.055410000000000150e-47
1.262500000000000000e+02 3.054010000000000204e-47
1.265000000000000000e+02 3.052380000000000183e-47
1.267500000000000000e+02 3.051060000000000178e-47
1.270000000000000000e+02 3.049240000000000053e-47
1.272500000000000000e+02 3.047729999999999945e-47
1.275000000000000000e+02 3.046259999999999807e-47
1.277500000000000000e+02 3.044930000000000052e-47
1.280000000000000000e+02 3.043490000000000135e-47
1.282500000000000000e+02 3.042119999999999924e-47
1.285000000000000000e+02 3.040919999999999831e-47
1.287500000000000000e+02 3.039880000000000107e-47
1.290000000000000000e+02 3.038589999999999837e-47
1.292500000000000000e+02 3.037490000000000157e-47
1.295000000000000000e+02 3.036259999999999843e-47
1.297500000000000000e+02 3.035109999999999957e-47
1.300000000000000000e+02 3.034170000000000160e-47
1.302500000000000000e+02 3.032870000000000140e-47
1.305000000000000000e+02 3.031909999999999872e-47
1.307500000000000000e+02 3.031229999999999884e-47
1.310000000000000000e+02 3.030469999999999955e-47
1.312500000000000000e+02 3.029530000000000157e-47
1.315000000000000000e+02 3.028700000000000037e-47
1.317500000000000000e+02 3.027639999999999841e-47
1.320000000000000000e+02 3.026609999999999867e-47
1.322500000000000000e+02 3.025860000000000173e-47
1.325000000000000000e+02 3.025120000000000230e-47
1.327500000000000000e+02 3.024440000000000242e-47
1.330000000000000000e+02 3.024150000000000211e-47
1.332500000000000000e+02 3.023670000000000077e-47
1.335000000000000000e+02 3.023349999999999825e-47
1.337500000000000000e+02 3.022529999999999940e-47
1.340000000000000000e+02 3.021929999999999894e-47
1.342500000000000000e+02 3.021779999999999761e-47
1.345000000000000000e+02 3.021459999999999995e-47
1.347500000000000000e+02 3.021269999999999891e-47
1.350000000000000000e+02 3.020970000000000111e-47
1.352500000000000000e+02 3.020689999999999830e-47
1.355000000000000000e+02 3.020529999999999947e-47
1.357500000000000000e+02 3.020109999999999769e-47
1.360000000000000000e+02 3.020159999999999976e-47
1.362500000000000000e+02 3.020040000000000063e-47
1.365000000000000000e+02 3.020040000000000063e-47
1.367500000000000000e+02 3.020000000000000093e-47
1.370000000000000000e+02 3.019940000000000137e-47
1.372500000000000000e+02 3.020130000000000241e-47
1.375000000000000000e+02 3.020210000000000182e-47
1.377500000000000000e+02 3.020469999999999991e-47
1.380000000000000000e+02 3.020580000000000154e-47
1.382500000000000000e+02 3.020760000000000022e-47
1.385000000000000000e+02 3.020959999999999875e-47
1.387500000000000000e+02 3.020950000000000126e-47
1.390000000000000000e+02 3.021180000000000200e-47
1.392500000000000000e+02 3.021809999999999982e-47
1.395000000000000000e+02 3.022419999999999778e-47
1.397500000000000000e+02 3.022740000000000029e-47
1.400000000000000000e+02 3.023249999999999899e-47
1.402500000000000000e+02 3.023949999999999872e-47
1.405000000000000000e+02 3.024410000000000021e-47
1.407500000000000000e+02 3.024729999999999786e-47
1.410000000000000000e+02 3.025220000000000156e-47
1.412500000000000000e+02 3.025429999999999759e-47
1.415000000000000000e+02 3.026250000000000131e-47
1.417500000000000000e+02 3.026660000000000073e-47
1.420000000000000000e+02 3.027149999999999957e-47
1.422500000000000000e+02 3.027940000000000107e-47
1.425000000000000000e+02 3.028460000000000212e-47
1.427500000000000000e+02 3.029140000000000200e-47
1.430000000000000000e+02 3.030190000000000160e-47
1.432500000000000000e+02 3.030790000000000206e-47
1.435000000000000000e+02 3.031579999999999870e-47
1.437500000000000000e+02 3.032139999999999946e-47
1.440000000000000000e+02 3.032910000000000111e-47
1.442500000000000000e+02 3.033659999999999804e-47
1.445000000000000000e+02 3.034489999999999925e-47
1.447500000000000000e+02 3.035169999999999913e-47
1.450000000000000000e+02 3.036099999999999961e-47
1.452500000000000000e+02 3.037080000000000215e-47
1.455000000000000000e+02 3.038020000000000012e-47
1.457500000000000000e+02 3.038890000000000104e-47
1.460000000000000000e+02 3.040009999999999769e-47
1.462500000000000000e+02 3.041069999999999964e-47
1.465000000000000000e+02 3.042190000000000116e-47
1.467500000000000000e+02 3.043140000000000149e-47
1.470000000000000000e+02 3.044130000000000152e-47
1.472500000000000000e+02 3.044890000000000082e-47
1.475000000000000000e+02 3.046099999999999924e-47
1.477500000000000000e+02 3.047089999999999928e-47
1.480000000000000000e+02 3.048779999999999904e-47
1.482500000000000000e+02 3.050090000000000160e-47
1.485000000000000000e+02 3.051359999999999958e-47
1.487500000000000000e+02 3.052429999999999903e-47
1.490000000000000000e+02 3.053629999999999996e-47
1.492500000000000000e+02 3.054930000000000016e-47
1.495000000000000000e+02 3.056230000000000035e-47
1.497500000000000000e+02 3.057459999999999863e-47
1.500000000000000000e+02 3.058879999999999794e-47
1.502500000000000000e+02 3.060050000000000152e-47
1.505000000000000000e+02 3.061229999999999774e-47
1.507500000000000000e+02 3.062520000000000044e-47
1.510000000000000000e+02 3.063530000000000033e-47
1.512500000000000000e+02 3.064850000000000037e-47
1.515000000000000000e+02 3.066329999999999925e-47
1.517500000000000000e+02 3.067729999999999871e-47
1.520000000000000000e+02 3.069160000000000039e-47
1.522500000000000000e+02 3.070460000000000058e-47
1.525000000000000000e+02 3.071930000000000196e-47
1.527500000000000000e+02 3.073199999999999995e-47
1.530000000000000000e+02 3.074360000000000117e-47
1.532500000000000000e+02 3.075700000000000107e-47
1.535000000000000000e+02 3.076779999999999802e-47
1.537500000000000000e+02 3.078260000000000175e-47
1.540000000000000000e+02 3.079780000000000034e-47
1.542500000000000000e+02 3.081370000000000084e-47
1.545000000000000000e+02 3.082920000000000163e-47
1.547500000000000000e+02 3.084699999999999831e-47
1.550000000000000000e+02 3.086209999999999940e-47
1.552500000000000000e+02 3.087370000000000062e-47
1.555000000000000000e+02 3.089119999999999995e-47
1.557500000000000000e+02 3.090499999999999955e-47
1.560000000000000000e+02 3.091770000000000240e-47
1.562500000000000000e+02 3.093130000000000216e-47
1.565000000000000000e+02 3.094840000000000178e-47
1.567500000000000000e+02 3.096300000000000080e-47
1.570000000000000000e+02 3.097319999999999819e-47
1.572500000000000000e+02 3.098539999999999897e-47
1.575000000000000000e+02 3.100450000000000198e-47
1.577500000000000000e+02 3.102120000000000190e-47
1.580000000000000000e+02 3.103540000000000122e-47
1.582500000000000000e+02 3.105039999999999994e-47
1.585000000000000000e+02 3.106370000000000235e-47
1.587500000000000000e+02 3.107890000000000093e-47
1.590000000000000000e+02 3.109600000000000055e-47
1.592500000000000000e+02 3.111389999999999959e-47
1.595000000000000000e+02 3.112650000000000008e-47
1.597500000000000000e+02 3.114020000000000219e-47
1.600000000000000000e+02 3.115389999999999944e-47
1.602500000000000000e+02 3.116889999999999817e-47
1.605000000000000000e+02 3.118479999999999867e-47
1.607500000000000000e+02 3.119879999999999814e-47
1.610000000000000000e+02 3.121219999999999804e-47
1.612500000000000000e+02 3.122909999999999781e-47
1.615000000000000000e+02 3.124660000000000200e-47
1.617500000000000000e+02 3.126180000000000058e-47
1.620000000000000000e+02 3.127819999999999828e-47
1.622500000000000000e+02 3.129260000000000231e-47
1.625000000000000000e+02 3.130570000000000000e-47
1.627500000000000000e+02 3.132279999999999962e-47
1.630000000000000000e+02 3.133870000000000013e-47
1.632500000000000000e+02 3.135249999999999973e-47
1.635000000000000000e+02 3.136549999999999993e-47
1.637500000000000000e+02 3.138129999999999807e-47
1.640000000000000000e+02 3.139260000000000195e-47
1.642500000000000000e+02 3.140760000000000067e-47
1.645000000000000000e+02 3.141920000000000190e-47
1.647500000000000000e+02 3.143189999999999988e-47
1.650000000000000000e+02 3.144769999999999802e-47
1.652500000000000000e+02 3.146199999999999970e-47
1.655000000000000000e+02 3.147790000000000020e-47
1.657500000000000000e+02 3.149149999999999995e-47
1.660000000000000000e+02 3.150609999999999898e-47
1.662500000000000000e+02 3.151940000000000138e-47
1.665000000000000000e+02 3.153240000000000158e-47
1.667500000000000000e+02 3.154660000000000089e-47
1.670000000000000000e+02 3.155780000000000241e-47
1.672500000000000000e+02 3.157240000000000143e-47
1.675000000000000000e+02 3.158419999999999764e-47
1.677500000000000000e+02 3.159880000000000153e-47
1.680000000000000000e+02 3.160830000000000186e-47
1.682500000000000000e+02 3.162020000000000043e-47
1.685000000000000000e+02 3.163059999999999767e-47
1.687500000000000000e+02 3.164529999999999905e-47
1.690000000000000000e+02 3.165719999999999762e-47
1.692500000000000000e+02 3.166950000000000076e-47
1.695000000000000000e+02 3.167940000000000079e-47
1.697500000000000000e+02 3.169470000000000174e-47
1.700000000000000000e+02 3.170529999999999883e-47
1.702500000000000000e+02 3.172050000000000227e-47
1.705000000000000000e+02 3.173289999999999805e-47
1.707500000000000000e+02 3.174350000000000000e-47
1.710000000000000000e+02 3.175689999999999990e-47
1.712500000000000000e+02 3.176859999999999862e-47
1.715000000000000000e+02 3.177949999999999792e-47
1.717500000000000000e+02 3.179169999999999871e-47
1.720000000000000000e+02 3.180290000000000022e-47
1.722500000000000000e+02 3.181069999999999936e-47
1.725000000000000000e+02 3.182150000000000117e-47
1.727500000000000000e+02 3.183009999999999973e-47
1.730000000000000000e+02 3.183680000000000211e-47
1.732500000000000000e+02 3.184699999999999950e-47
1.735000000000000000e+02 3.185689999999999954e-47
1.737500000000000000e+02 3.186659999999999972e-47
1.740000000000000000e+02 3.187470000000000107e-47
1.742500000000000000e+02 3.188389999999999919e-47
1.745000000000000000e+02 3.188980000000000216e-47
1.747500000000000000e+02 3.189599999999999762e-47
1.750000000000000000e+02 3.190329999999999956e-47
1.752500000000000000e+02 3.190790000000000105e-47
1.755000000000000000e+02 3.191609999999999990e-47
1.757500000000000000e+02 3.192469999999999846e-47
1.760000000000000000e+02 3.192750000000000127e-47
1.762500000000000000e+02 3.193439999999999864e-47
1.765000000000000000e+02 3.194079999999999881e-47
1.767500000000000000e+02 3.194759999999999869e-47
1.770000000000000000e+02 3.195350000000000166e-47
1.772500000000000000e+02 3.196130000000000081e-47
1.775000000000000000e+02 3.196509999999999802e-47
1.777500000000000000e+02 3.196839999999999803e-47
1.780000000000000000e+02 3.197299999999999952e-47
1.782500000000000000e+02 3.198409999999999868e-47
1.785000000000000000e+02 3.199230000000000239e-47
1.787500000000000000e+02 3.199430000000000093e-47
1.790000000000000000e+02 3.199189999999999782e-47
1.792500000000000000e+02 3.198719999999999884e-47
1.795000000000000000e+02 3.198460000000000074e-47
1.797500000000000000e+02 3.198469999999999824e-47
1.800000000000000000e+02 3.198449999999999839e-47
1.802500000000000000e+02 3.198440000000000089e-47
1.805000000000000000e+02 3.198489999999999809e-47
1.807500000000000000e+02 3.198030000000000146e-47
1.810000000000000000e+02 3.197880000000000013e-47
1.812500000000000000e+02 3.197490000000000056e-47
1.815000000000000000e+02 3.197200000000000026e-47
1.817500000000000000e+02 3.196779999999999847e-47
1.820000000000000000e+02 3.196489999999999817e-47
1.822500000000000000e+02 3.196240000000000243e-47
1.825000000000000000e+02 3.195970000000000198e-47
1.827500000000000000e+02 3.195470000000000078e-47
1.830000000000000000e+02 3.195149999999999826e-47
1.832500000000000000e+02 3.194329999999999941e-47
1.835000000000000000e+02 3.194050000000000146e-47
1.837500000000000000e+02 3.193399999999999894e-47
1.840000000000000000e+02 3.192630000000000215e-47
1.842500000000000000e+02 3.191880000000000035e-47
1.845000000000000000e+02 3.190819999999999840e-47
1.847500000000000000e+02 3.190119999999999867e-47
1.850000000000000000e+02 3.188919999999999774e-47
1.852500000000000000e+02 3.187920000000000021e-47
1.855000000000000000e+02 3.186839999999999840e-47
1.857500000000000000e+02 3.185940000000000013e-47
1.860000000000000000e+02 3.184899999999999803e-47
1.862500000000000000e+02 3.183829999999999858e-47
1.865000000000000000e+02 3.182640000000000001e-47
1.867500000000000000e+02 3.181350000000000217e-47
1.870000000000000000e+02 3.179869999999999844e-47
1.872500000000000000e+02 3.178319999999999764e-47
1.875000000000000000e+02 3.176690000000000230e-47
1.877500000000000000e+02 3.175459999999999916e-47
1.880000000000000000e+02 3.173599999999999820e-47
1.882500000000000000e+02 3.172139999999999918e-47
1.885000000000000000e+02 3.170070000000000220e-47
1.887500000000000000e+02 3.167889999999999873e-47
1.890000000000000000e+02 3.165619999999999835e-47
1.892500000000000000e+02 3.163659999999999813e-47
1.895000000000000000e+02 3.161349999999999805e-47
1.897500000000000000e+02 3.159389999999999783e-47
1.900000000000000000e+02 3.157429999999999761e-47
1.902500000000000000e+02 3.155180000000000194e-47
1.905000000000000000e+02 3.152789999999999758e-47
1.907500000000000000e+02 3.150270000000000147e-47
1.910000000000000000e+02 3.147690000000000093e-47
1.912500000000000000e+02 3.145519999999999982e-47
1.915000000000000000e+02 3.143070000000000076e-47
1.917500000000000000e+02 3.140729999999999846e-47
1.920000000000000000e+02 3.138499999999999779e-47
1.922500000000000000e+02 3.135670000000000152e-47
1.925000000000000000e+02 3.133619999999999953e-47
1.927500000000000000e+02 3.130789999999999839e-47
1.930000000000000000e+02 3.128250000000000242e-47
1.932500000000000000e+02 3.125790000000000101e-47
1.935000000000000000e+02 3.122370000000000176e-47
1.937500000000000000e+02 3.119500000000000092e-47
1.940000000000000000e+02 3.116619999999999772e-47
1.942500000000000000e+02 3.113210000000000084e-47
1.945000000000000000e+02 3.109759999999999938e-47
1.947500000000000000e+02 3.106470000000000162e-47
1.950000000000000000e+02 3.103090000000000208e-47
1.952500000000000000e+02 3.100089999999999976e-47
1.955000000000000000e+02 3.096530000000000155e-47
1.957500000000000000e+02 3.093150000000000201e-47
1.960000000000000000e+02 3.089680000000000070e-47
1.962500000000000000e+02 3.086220000000000175e-47
1.965000000000000000e+02 3.082409999999999808e-47
1.967500000000000000e+02 3.078340000000000117e-47
1.970000000000000000e+02 3.074790000000000045e-47
1.972500000000000000e+02 3.071089999999999840e-47
1.975000000000000000e+02 3.067430000000000091e-47
1.977500000000000000e+02 3.063229999999999766e-47
1.980000000000000000e+02 3.059080000000000134e-47
1.982500000000000000e+02 3.055020000000000193e-47
1.985000000000000000e+02 3.051060000000000178e-47
1.987500000000000000e+02 3.047080000000000178e-47
1.990000000000000000e+02 3.042879999999999853e-47
1.992500000000000000e+02 3.038310000000000043e-47
1.995000000000000000e+02 3.033860000000000144e-47
1.997500000000000000e+02 3.028959999999999846e-47
2.000000000000000000e+02 3.024230000000000153e-47
2.002500000000000000e+02 3.019180000000000208e-47
2.005000000000000000e+02 3.014230000000000189e-47
2.007500000000000000e+02 3.009530000000000231e-47
2.010000000000000000e+02 3.004549999999999992e-47
2.012500000000000000e+02 2.999469999999999825e-47
2.015000000000000000e+02 2.993569999999999774e-47
2.017500000000000000e+02 2.987910000000000033e-47
2.020000000000000000e+02 2.982229999999999821e-47
2.022500000000000000e+02 2.976720000000000213e-47
2.025000000000000000e+02 2.971509999999999899e-47
2.027500000000000000e+02 2.965549999999999892e-47
2.030000000000000000e+02 2.959520000000000179e-47
2.032500000000000000e+02 2.953419999999999788e-47
2.035000000000000000e+02 2.947470000000000016e-47
2.037500000000000000e+02 2.940799999999999800e-47
2.040000000000000000e+02 2.934340000000000159e-47
2.042500000000000000e+02 2.927979999999999959e-47
2.045000000000000000e+02 2.921619999999999759e-47
2.047500000000000000e+02 2.915309999999999765e-47
2.050000000000000000e+02 2.908649999999999785e-47
2.052500000000000000e+02 2.902070000000000232e-47
2.055000000000000000e+02 2.895539999999999913e-47
2.057500000000000000e+02 2.888430000000000019e-47
2.060000000000000000e+02 2.881440000000000038e-47
2.062500000000000000e+02 2.874430000000000071e-47
2.065000000000000000e+02 2.867890000000000002e-47
2.067500000000000000e+02 2.860789999999999858e-47
2.070000000000000000e+02 2.854109999999999892e-47
2.072500000000000000e+02 2.847400000000000192e-47
2.075000000000000000e+02 2.839839999999999899e-47
2.077500000000000000e+02 2.831799999999999957e-47
2.080000000000000000e+02 2.824099999999999767e-47
2.082500000000000000e+02 2.816449999999999783e-47
2.085000000000000000e+02 2.808739999999999843e-47
2.087500000000000000e+02 2.801069999999999873e-47
2.090000000000000000e+02 2.792710000000000167e-47
2.092500000000000000e+02 2.784480000000000121e-47
2.095000000000000000e+02 2.775880000000000104e-47
2.097500000000000000e+02 2.767410000000000235e-47
2.100000000000000000e+02 2.758879999999999924e-47
2.102500000000000000e+02 2.749810000000000008e-47
2.105000000000000000e+02 2.741179999999999770e-47
2.107500000000000000e+02 2.732330000000000179e-47
2.110000000000000000e+02 2.723899999999999794e-47
2.112500000000000000e+02 2.714960000000000027e-47
2.115000000000000000e+02 2.705719999999999992e-47
2.117500000000000000e+02 2.696249999999999884e-47
2.120000000000000000e+02 2.687319999999999866e-47
2.122500000000000000e+02 2.678429999999999818e-47
2.125000000000000000e+02 2.668810000000000062e-47
2.127500000000000000e+02 2.659020000000000188e-47
2.130000000000000000e+02 2.649900000000000066e-47
2.132500000000000000e+02 2.640299999999999810e-47
2.135000000000000000e+02 2.630580000000000127e-47
2.137500000000000000e+02 2.620640000000000120e-47
2.140000000000000000e+02 2.610660000000000142e-47
2.142500000000000000e+02 2.600769999999999855e-47
2.145000000000000000e+02 2.590800000000000113e-47
2.147500000000000000e+02 2.580329999999999765e-47
2.150000000000000000e+02 2.569790000000000197e-47
2.152500000000000000e+02 2.559089999999999775e-47
2.155000000000000000e+02 2.548559999999999957e-47
2.157500000000000000e+02 2.537689999999999902e-47
2.160000000000000000e+02 2.527040000000000172e-47
2.162500000000000000e+02 2.516119999999999911e-47
2.165000000000000000e+02 2.505200000000000136e-47
2.167500000000000000e+02 2.494290000000000110e-47
2.170000000000000000e+02 2.483070000000000069e-47
2.172500000000000000e+02 2.472180000000000028e-47
2.175000000000000000e+02 2.460729999999999912e-47
2.177500000000000000e+02 2.449119999999999914e-47
2.180000000000000000e+02 2.437609999999999842e-47
2.182500000000000000e+02 2.426209999999999932e-47
2.185000000000000000e+02 2.414690000000000111e-47
2.187500000000000000e+02 2.403080000000000112e-47
2.190000000000000000e+02 2.391629999999999996e-47
2.192500000000000000e+02 2.379909999999999835e-47
2.195000000000000000e+02 2.368170000000000175e-47
2.197500000000000000e+02 2.356150000000000233e-47
2.200000000000000000e+02 2.343810000000000040e-47
2.202500000000000000e+02 2.332160000000000071e-47
2.205000000000000000e+02 2.320180000000000100e-47
2.207500000000000000e+02 2.308200000000000130e-47
2.210000000000000000e+02 2.296349999999999821e-47
2.212500000000000000e+02 2.284150000000000011e-47
2.215000000000000000e+02 2.271889999999999760e-47
2.217500000000000000e+02 2.259880000000000054e-47
2.220000000000000000e+02 2.247519999999999876e-47
2.222500000000000000e+02 2.235300000000000081e-47
2.225000000000000000e+02 2.222709999999999829e-47
2.227500000000000000e+02 2.209900000000000223e-47
2.230000000000000000e+02 2.197699999999999928e-47
2.232500000000000000e+02 2.185510000000000111e-47
2.235000000000000000e+02 2.173159999999999926e-47
2.237500000000000000e+02 2.160390000000000048e-47
2.240000000000000000e+02 2.147989999999999899e-47
2.242500000000000000e+02 2.135180000000000050e-47
2.245000000000000000e+02 2.122910000000000049e-47
2.247500000000000000e+02 2.110149999999999921e-47
2.250000000000000000e+02 2.097549999999999919e-47
2.252500000000000000e+02 2.084780000000000041e-47
2.255000000000000000e+02 2.071860000000000030e-47
2.257500000000000000e+02 2.059250000000000035e-47
2.260000000000000000e+02 2.046489999999999907e-47
2.262500000000000000e+02 2.033589999999999881e-47
2.265000000000000000e+02 2.020690000000000099e-47
2.267500000000000000e+02 2.007699999999999896e-47
2.270000000000000000e+02 1.994850000000000077e-47
2.272500000000000000e+02 1.981829999999999896e-47
2.275000000000000000e+02 1.969179999999999931e-47
2.277500000000000000e+02 1.956470000000000009e-47
2.280000000000000000e+02 1.943599999999999961e-47
2.282500000000000000e+02 1.930619999999999994e-47
2.285000000000000000e+02 1.917640000000000028e-47
2.287500000000000000e+02 1.904580000000000119e-47
2.290000000000000000e+02 1.891470000000000005e-47
2.292500000000000000e+02 1.878210000000000000e-47
2.295000000000000000e+02 1.865099999999999885e-47
2.297500000000000000e+02 1.852200000000000103e-47
2.300000000000000000e+02 1.839020000000000039e-47
2.302500000000000000e+02 1.825839999999999976e-47
2.305000000000000000e+02 1.812540000000000000e-47
2.307500000000000000e+02 1.799939999999999998e-47
2.310000000000000000e+02 1.787000000000000002e-47
2.312500000000000000e+02 1.773960000000000079e-47
2.315000000000000000e+02 1.760640000000000118e-47
2.317500000000000000e+02 1.747420000000000084e-47
2.320000000000000000e+02 1.734210000000000042e-47
2.322500000000000000e+02 1.721389999999999958e-47
2.325000000000000000e+02 1.708390000000000006e-47
2.327500000000000000e+02 1.695330000000000098e-47
2.330000000000000000e+02 1.682190000000000005e-47
2.332500000000000000e+02 1.669089999999999883e-47
2.335000000000000000e+02 1.656099999999999923e-47
2.337500000000000000e+02 1.643109999999999964e-47
2.340000000000000000e+02 1.630340000000000086e-47
2.342500000000000000e+02 1.617090000000000074e-47
2.345000000000000000e+02 1.604130000000000092e-47
2.347500000000000000e+02 1.591109999999999911e-47
2.350000000000000000e+02 1.577690000000000024e-47
2.352500000000000000e+02 1.564579999999999909e-47
2.355000000000000000e+02 1.551539999999999986e-47
2.357500000000000000e+02 1.538729999999999895e-47
2.360000000000000000e+02 1.525809999999999884e-47
2.362500000000000000e+02 1.512809999999999932e-47
2.365000000000000000e+02 1.499770000000000009e-47
2.367500000000000000e+02 1.486559999999999967e-47
2.370000000000000000e+02 1.473619999999999971e-47
2.372500000000000000e+02 1.460689999999999967e-47
2.375000000000000000e+02 1.447769999999999956e-47
2.377500000000000000e+02 1.434899999999999909e-47
2.380000000000000000e+02 1.421830000000000008e-47
2.382500000000000000e+02 1.408770000000000100e-47
2.385000000000000000e+02 1.395870000000000074e-47
2.387500000000000000e+02 1.382799999999999930e-47
2.390000000000000000e+02 1.369829999999999956e-47
2.392500000000000000e+02 1.356839999999999996e-47
2.395000000000000000e+02 1.343830000000000051e-47
2.397500000000000000e+02 1.330669999999999973e-47
2.400000000000000000e+02 1.318000000000000022e-47
2.402500000000000000e+02 1.304829999999999951e-47
2.405000000000000000e+02 1.291949999999999911e-47
2.407500000000000000e+02 1.279389999999999880e-47
2.410000000000000000e+02 1.266950000000000003e-47
2.412500000000000000e+02 1.254000000000000014e-47
2.415000000000000000e+02 1.241310000000000078e-47
2.417500000000000000e+02 1.228959999999999892e-47
2.420000000000000000e+02 1.216720000000000112e-47
2.422500000000000000e+02 1.204349999999999941e-47
2.425000000000000000e+02 1.191860000000000101e-47
2.427500000000000000e+02 1.179620000000000078e-47
2.430000000000000000e+02 1.167430000000000018e-47
2.432500000000000000e+02 1.154989999999999899e-47
2.435000000000000000e+02 1.143190000000000039e-47
2.437500000000000000e+02 1.131029999999999958e-47
2.440000000000000000e+02 1.118970000000000046e-47
2.442500000000000000e+02 1.107239999999999892e-47
2.445000000000000000e+02 1.095340000000000106e-47
2.447500000000000000e+02 1.083530000000000010e-47
2.450000000000000000e+02 1.071720000000000037e-47
2.452500000000000000e+02 1.060359999999999976e-47
2.455000000000000000e+02 1.048799999999999941e-47
2.457500000000000000e+02 1.037230000000000035e-47
2.460000000000000000e+02 1.026349999999999987e-47
2.462500000000000000e+02 1.015449999999999954e-47
2.465000000000000000e+02 1.004159999999999964e-47
2.467500000000000000e+02 9.931480000000000375e-48
2.470000000000000000e+02 9.824800000000000533e-48
2.472500000000000000e+02 9.718210000000000139e-48
2.475000000000000000e+02 9.614059999999999902e-48
2.477500000000000000e+02 9.508330000000000579e-48
2.480000000000000000e+02 9.407280000000000501e-48
2.482500000000000000e+02 9.302129999999999781e-48
2.485000000000000000e+02 9.202360000000000222e-48
2.487500000000000000e+02 9.102130000000000515e-48
2.490000000000000000e+02 9.005729999999999459e-48
2.492500000000000000e+02 8.908219999999999946e-48
2.495000000000000000e+02 8.812799999999999630e-48
2.497500000000000000e+02 8.716490000000000453e-48
2.500000000000000000e+02 8.623810000000000074e-48
2.502500000000000000e+02 8.530599999999999840e-48
2.505000000000000000e+02 8.436879999999999494e-48
2.507500000000000000e+02 8.344239999999999815e-48
2.510000000000000000e+02 8.253640000000000585e-48
2.512500000000000000e+02 8.166299999999999452e-48
2.515000000000000000e+02 8.076570000000000557e-48
2.517500000000000000e+02 7.987309999999999859e-48
2.520000000000000000e+02 7.901159999999999798e-48
2.522500000000000000e+02 7.814219999999999588e-48
2.525000000000000000e+02 7.728820000000000193e-48
2.527500000000000000e+02 7.644450000000000286e-48
2.530000000000000000e+02 7.559540000000000046e-48
2.532500000000000000e+02 7.475810000000000400e-48
2.535000000000000000e+02 7.395500000000000435e-48
2.537500000000000000e+02 7.315900000000000435e-48
2.540000000000000000e+02 7.236309999999999699e-48
2.542500000000000000e+02 7.155380000000000432e-48
2.545000000000000000e+02 7.079050000000000223e-48
2.547500000000000000e+02 7.003590000000000350e-48
2.550000000000000000e+02 6.928400000000000035e-48
2.552500000000000000e+02 6.852440000000000528e-48
