0.000000000000000000e+00 inf
2.500000000000000000e-01 5.000000000000000000e-01
5.000000000000000000e-01 5.000000000000000000e-01
7.500000000000000000e-01 5.000000000000000000e-01
1.000000000000000000e+00 5.000000000000000000e-01
1.250000000000000000e+00 5.000000000000000000e-01
1.500000000000000000e+00 5.000000000000000000e-01
1.750000000000000000e+00 5.000000000000000000e-01
2.000000000000000000e+00 5.000000000000000000e-01
2.250000000000000000e+00 5.000000000000000000e-01
2.500000000000000000e+00 5.000000000000000000e-01
2.750000000000000000e+00 5.000000000000000000e-01
3.000000000000000000e+00 5.000000000000000000e-01
3.250000000000000000e+00 5.000000000000000000e-01
3.500000000000000000e+00 5.000000000000000000e-01
3.750000000000000000e+00 5.000000000000000000e-01
4.000000000000000000e+00 5.000000000000000000e-01
4.250000000000000000e+00 5.000000000000000000e-01
4.500000000000000000e+00 5.000000000000000000e-01
4.750000000000000000e+00 5.000000000000000000e-01
5.000000000000000000e+00 5.000000000000000000e-01
5.250000000000000000e+00 5.000000000000000000e-01
5.500000000000000000e+00 5.000000000000000000e-01
5.750000000000000000e+00 5.000000000000000000e-01
6.000000000000000000e+00 5.000000000000000000e-01
6.250000000000000000e+00 5.000000000000000000e-01
6.500000000000000000e+00 5.000000000000000000e-01
6.750000000000000000e+00 5.000000000000000000e-01
7.000000000000000000e+00 5.000000000000000000e-01
7.250000000000000000e+00 5.000000000000000000e-01
7.500000000000000000e+00 5.000000000000000000e-01
7.750000000000000000e+00 5.000000000000000000e-01
8.000000000000000000e+00 5.000000000000000000e-01
8.250000000000000000e+00 5.000000000000000000e-01
8.500000000000000000e+00 5.000000000000000000e-01
8.750000000000000000e+00 5.000000000000000000e-01
9.000000000000000000e+00 5.000000000000000000e-01
9.250000000000000000e+00 5.000000000000000000e-01
9.500000000000000000e+00 5.000000000000000000e-01
9.750000000000000000e+00 5.000000000000000000e-01
1.000000000000000000e+01 5.000000000000000000e-01
1.025000000000000000e+01 5.000000000000000000e-01
1.050000000000000000e+01 5.000000000000000000e-01
1.075000000000000000e+01 5.000000000000000000e-01
1.100000000000000000e+01 5.000000000000000000e-01
1.125000000000000000e+01 5.000000000000000000e-01
1.150000000000000000e+01 5.000000000000000000e-01
1.175000000000000000e+01 5.000000000000000000e-01
1.200000000000000000e+01 5.000000000000000000e-01
1.225000000000000000e+01 5.000000000000000000e-01
1.250000000000000000e+01 5.000000000000000000e-01
1.275000000000000000e+01 5.000000000000000000e-01
1.300000000000000000e+01 5.000000000000000000e-01
1.325000000000000000e+01 5.000000000000000000e-01
1.350000000000000000e+01 5.000000000000000000e-01
1.375000000000000000e+01 5.000000000000000000e-01
1.400000000000000000e+01 5.000000000000000000e-01
1.425000000000000000e+01 5.000000000000000000e-01
1.450000000000000000e+01 5.000000000000000000e-01
1.475000000000000000e+01 5.000000000000000000e-01
1.500000000000000000e+01 5.000000000000000000e-01
1.525000000000000000e+01 5.000000000000000000e-01
1.550000000000000000e+01 5.000000000000000000e-01
1.575000000000000000e+01 5.000000000000000000e-01
1.600000000000000000e+01 4.368680000000000077e-43
1.625000000000000000e+01 4.714449999999999661e-43
1.650000000000000000e+01 5.090699999999999878e-43
1.675000000000000000e+01 5.471800000000000031e-43
1.700000000000000000e+01 5.870179999999999891e-43
1.725000000000000000e+01 6.266129999999999692e-43
1.750000000000000000e+01 6.658640000000000318e-43
1.775000000000000000e+01 7.030860000000000268e-43
1.800000000000000000e+01 7.357259999999999854e-43
1.825000000000000000e+01 7.632050000000000490e-43
1.850000000000000000e+01 7.830350000000000682e-43
1.875000000000000000e+01 7.934169999999999854e-43
1.900000000000000000e+01 7.930980000000000414e-43
1.925000000000000000e+01 7.823309999999999445e-43
1.950000000000000000e+01 7.616200000000000313e-43
1.975000000000000000e+01 7.313429999999999570e-43
2.000000000000000000e+01 6.913519999999999969e-43
2.025000000000000000e+01 6.437819999999999816e-43
2.050000000000000000e+01 5.899890000000000164e-43
2.075000000000000000e+01 5.342989999999999768e-43
2.100000000000000000e+01 4.766990000000000265e-43
2.125000000000000000e+01 4.182570000000000102e-43
2.150000000000000000e+01 3.619690000000000081e-43
2.175000000000000000e+01 3.090100000000000043e-43
2.200000000000000000e+01 2.600389999999999874e-43
2.225000000000000000e+01 2.160710000000000001e-43
2.250000000000000000e+01 1.781589999999999947e-43
2.275000000000000000e+01 1.458660000000000078e-43
2.300000000000000000e+01 1.190659999999999949e-43
2.325000000000000000e+01 9.688789999999999009e-44
2.350000000000000000e+01 7.897929999999999585e-44
2.375000000000000000e+01 6.436910000000000315e-44
2.400000000000000000e+01 5.213769999999999671e-44
2.425000000000000000e+01 4.172459999999999897e-44
2.450000000000000000e+01 3.351970000000000228e-44
2.475000000000000000e+01 2.694130000000000080e-44
2.500000000000000000e+01 2.173099999999999896e-44
2.525000000000000000e+01 1.766600000000000112e-44
2.550000000000000000e+01 1.443830000000000044e-44
2.575000000000000000e+01 1.189249999999999885e-44
2.600000000000000000e+01 9.871240000000000518e-45
2.625000000000000000e+01 8.285779999999999723e-45
2.650000000000000000e+01 7.116450000000000407e-45
2.675000000000000000e+01 6.461400000000000145e-45
2.700000000000000000e+01 6.679859999999999513e-45
2.725000000000000000e+01 9.555190000000000441e-45
2.750000000000000000e+01 3.240289999999999751e-44
2.775000000000000000e+01 2.150119999999999993e-43
2.800000000000000000e+01 1.302350000000000009e-44
2.825000000000000000e+01 4.939060000000000305e-45
2.850000000000000000e+01 2.979010000000000236e-45
2.875000000000000000e+01 2.212090000000000125e-45
2.900000000000000000e+01 1.794959999999999885e-45
2.925000000000000000e+01 1.531939999999999961e-45
2.950000000000000000e+01 1.347709999999999979e-45
2.975000000000000000e+01 1.207160000000000030e-45
3.000000000000000000e+01 1.092510000000000021e-45
3.025000000000000000e+01 9.980259999999999821e-46
3.050000000000000000e+01 9.183440000000000525e-46
3.075000000000000000e+01 8.503979999999999612e-46
3.100000000000000000e+01 7.912380000000000326e-46
3.125000000000000000e+01 7.390950000000000512e-46
3.150000000000000000e+01 6.932779999999999936e-46
3.175000000000000000e+01 6.527830000000000317e-46
3.200000000000000000e+01 6.166900000000000230e-46
3.225000000000000000e+01 5.853930000000000191e-46
3.250000000000000000e+01 5.576550000000000174e-46
3.275000000000000000e+01 5.337660000000000290e-46
3.300000000000000000e+01 5.125279999999999888e-46
3.325000000000000000e+01 4.938299999999999734e-46
3.350000000000000000e+01 4.780420000000000129e-46
3.375000000000000000e+01 4.638900000000000007e-46
3.400000000000000000e+01 4.511360000000000237e-46
3.425000000000000000e+01 4.403480000000000156e-46
3.450000000000000000e+01 4.308790000000000181e-46
3.475000000000000000e+01 4.222619999999999989e-46
3.500000000000000000e+01 4.144890000000000029e-46
3.525000000000000000e+01 4.078150000000000036e-46
3.550000000000000000e+01 4.019290000000000296e-46
3.575000000000000000e+01 3.969729999999999865e-46
3.600000000000000000e+01 3.930300000000000324e-46
3.625000000000000000e+01 3.898230000000000055e-46
3.650000000000000000e+01 3.873700000000000386e-46
3.675000000000000000e+01 3.853509999999999772e-46
3.700000000000000000e+01 3.838879999999999945e-46
3.725000000000000000e+01 3.831450000000000285e-46
3.750000000000000000e+01 3.828810000000000276e-46
3.775000000000000000e+01 3.832460000000000080e-46
3.800000000000000000e+01 3.846500000000000097e-46
3.825000000000000000e+01 3.863359999999999894e-46
3.850000000000000000e+01 3.883279999999999684e-46
3.875000000000000000e+01 3.905529999999999663e-46
3.900000000000000000e+01 3.930490000000000039e-46
3.925000000000000000e+01 3.957010000000000243e-46
3.950000000000000000e+01 3.983349999999999898e-46
3.975000000000000000e+01 4.012439999999999725e-46
4.000000000000000000e+01 4.041580000000000051e-46
4.025000000000000000e+01 4.072160000000000099e-46
4.050000000000000000e+01 4.102310000000000220e-46
4.075000000000000000e+01 4.131839999999999919e-46
4.100000000000000000e+01 4.159440000000000304e-46
4.125000000000000000e+01 4.189910000000000190e-46
4.150000000000000000e+01 4.218069999999999775e-46
4.175000000000000000e+01 4.244189999999999883e-46
4.200000000000000000e+01 4.267930000000000083e-46
4.225000000000000000e+01 4.288729999999999618e-46
4.250000000000000000e+01 4.306390000000000384e-46
4.275000000000000000e+01 4.323260000000000125e-46
4.300000000000000000e+01 4.334620000000000356e-46
4.325000000000000000e+01 4.339329999999999675e-46
4.350000000000000000e+01 4.342730000000000100e-46
4.375000000000000000e+01 4.340350000000000191e-46
4.400000000000000000e+01 4.335979999999999748e-46
4.425000000000000000e+01 4.324380000000000082e-46
4.450000000000000000e+01 4.309180000000000333e-46
4.475000000000000000e+01 4.286690000000000140e-46
4.500000000000000000e+01 4.265359999999999682e-46
4.525000000000000000e+01 4.235049999999999679e-46
4.550000000000000000e+01 4.201310000000000196e-46
4.575000000000000000e+01 4.163869999999999634e-46
4.600000000000000000e+01 4.122600000000000274e-46
4.625000000000000000e+01 4.077909999999999823e-46
4.650000000000000000e+01 4.032199999999999633e-46
4.675000000000000000e+01 3.984820000000000230e-46
4.700000000000000000e+01 3.934080000000000178e-46
4.725000000000000000e+01 3.880489999999999736e-46
4.750000000000000000e+01 3.823990000000000016e-46
4.775000000000000000e+01 3.762139999999999891e-46
4.800000000000000000e+01 3.693609999999999800e-46
4.825000000000000000e+01 3.617949999999999927e-46
4.850000000000000000e+01 3.537339999999999744e-46
4.875000000000000000e+01 3.455230000000000174e-46
4.900000000000000000e+01 3.368150000000000018e-46
4.925000000000000000e+01 3.275340000000000025e-46
4.950000000000000000e+01 3.177969999999999875e-46
4.975000000000000000e+01 3.079439999999999991e-46
5.000000000000000000e+01 2.980449999999999958e-46
5.025000000000000000e+01 2.889710000000000053e-46
5.050000000000000000e+01 2.803029999999999992e-46
5.075000000000000000e+01 2.718340000000000077e-46
5.100000000000000000e+01 2.637989999999999996e-46
5.125000000000000000e+01 2.559270000000000129e-46
5.150000000000000000e+01 2.484309999999999840e-46
5.175000000000000000e+01 2.413210000000000126e-46
5.200000000000000000e+01 2.342600000000000003e-46
5.225000000000000000e+01 2.275140000000000149e-46
5.250000000000000000e+01 2.208610000000000148e-46
5.275000000000000000e+01 2.144720000000000156e-46
5.300000000000000000e+01 2.083319999999999847e-46
5.325000000000000000e+01 2.023420000000000091e-46
5.350000000000000000e+01 1.965759999999999861e-46
5.375000000000000000e+01 1.909869999999999840e-46
5.400000000000000000e+01 1.856160000000000069e-46
5.425000000000000000e+01 1.804939999999999980e-46
5.450000000000000000e+01 1.755399999999999826e-46
5.475000000000000000e+01 1.707940000000000093e-46
5.500000000000000000e+01 1.661540000000000069e-46
5.525000000000000000e+01 1.616899999999999921e-46
5.550000000000000000e+01 1.573740000000000051e-46
5.575000000000000000e+01 1.531099999999999993e-46
5.600000000000000000e+01 1.490119999999999983e-46
5.625000000000000000e+01 1.449979999999999941e-46
5.650000000000000000e+01 1.411159999999999904e-46
5.675000000000000000e+01 1.373530000000000015e-46
5.700000000000000000e+01 1.337259999999999908e-46
5.725000000000000000e+01 1.302079999999999925e-46
5.750000000000000000e+01 1.268100000000000035e-46
5.775000000000000000e+01 1.235800000000000081e-46
5.800000000000000000e+01 1.204760000000000078e-46
5.825000000000000000e+01 1.175209999999999907e-46
5.850000000000000000e+01 1.146319999999999933e-46
5.875000000000000000e+01 1.119010000000000065e-46
5.900000000000000000e+01 1.092980000000000036e-46
5.925000000000000000e+01 1.068540000000000058e-46
5.950000000000000000e+01 1.045729999999999906e-46
5.975000000000000000e+01 1.023210000000000076e-46
6.000000000000000000e+01 9.997450000000000884e-47
6.025000000000000000e+01 9.771829999999999490e-47
6.050000000000000000e+01 9.560449999999999328e-47
6.075000000000000000e+01 9.368199999999999487e-47
6.100000000000000000e+01 9.186680000000000290e-47
6.125000000000000000e+01 9.008490000000000353e-47
6.150000000000000000e+01 8.841549999999999707e-47
6.175000000000000000e+01 8.688179999999999568e-47
6.200000000000000000e+01 8.546439999999999899e-47
6.225000000000000000e+01 8.411039999999999958e-47
6.250000000000000000e+01 8.276509999999999623e-47
6.275000000000000000e+01 8.149130000000000125e-47
6.300000000000000000e+01 8.024459999999999856e-47
6.325000000000000000e+01 7.903610000000000190e-47
6.350000000000000000e+01 7.783710000000000071e-47
6.375000000000000000e+01 7.672859999999999883e-47
6.400000000000000000e+01 7.561210000000000281e-47
6.425000000000000000e+01 7.451149999999999756e-47
6.450000000000000000e+01 7.347070000000000197e-47
6.475000000000000000e+01 7.243529999999999755e-47
6.500000000000000000e+01 7.145599999999999821e-47
6.525000000000000000e+01 7.050800000000000266e-47
6.550000000000000000e+01 6.958259999999999541e-47
6.575000000000000000e+01 6.869609999999999612e-47
6.600000000000000000e+01 6.785680000000000112e-47
6.625000000000000000e+01 6.703189999999999557e-47
6.650000000000000000e+01 6.627589999999999542e-47
6.675000000000000000e+01 6.551949999999999558e-47
6.700000000000000000e+01 6.480320000000000280e-47
6.725000000000000000e+01 6.411849999999999659e-47
6.750000000000000000e+01 6.346480000000000169e-47
6.775000000000000000e+01 6.281560000000000106e-47
6.800000000000000000e+01 6.219510000000000127e-47
6.825000000000000000e+01 6.159320000000000243e-47
6.850000000000000000e+01 6.097740000000000163e-47
6.875000000000000000e+01 6.038830000000000314e-47
6.900000000000000000e+01 5.981900000000000472e-47
6.925000000000000000e+01 5.927379999999999593e-47
6.950000000000000000e+01 5.874150000000000442e-47
6.975000000000000000e+01 5.821529999999999629e-47
7.000000000000000000e+01 5.770729999999999913e-47
7.025000000000000000e+01 5.721569999999999967e-47
7.050000000000000000e+01 5.675540000000000401e-47
7.075000000000000000e+01 5.629580000000000054e-47
7.100000000000000000e+01 5.586270000000000439e-47
7.125000000000000000e+01 5.541679999999999818e-47
7.150000000000000000e+01 5.497219999999999830e-47
7.175000000000000000e+01 5.456080000000000327e-47
7.200000000000000000e+01 5.415580000000000354e-47
7.225000000000000000e+01 5.376670000000000431e-47
7.250000000000000000e+01 5.339109999999999762e-47
7.275000000000000000e+01 5.301449999999999652e-47
7.300000000000000000e+01 5.265670000000000109e-47
7.325000000000000000e+01 5.230969999999999775e-47
7.350000000000000000e+01 5.196040000000000338e-47
7.375000000000000000e+01 5.162739999999999950e-47
7.400000000000000000e+01 5.129749999999999578e-47
7.425000000000000000e+01 5.098139999999999653e-47
7.450000000000000000e+01 5.068309999999999881e-47
7.475000000000000000e+01 5.037890000000000299e-47
7.500000000000000000e+01 5.009059999999999795e-47
7.525000000000000000e+01 4.979760000000000364e-47
7.550000000000000000e+01 4.950530000000000153e-47
7.575000000000000000e+01 4.922760000000000331e-47
7.600000000000000000e+01 4.895620000000000289e-47
7.625000000000000000e+01 4.869089999999999558e-47
7.650000000000000000e+01 4.842550000000000049e-47
7.675000000000000000e+01 4.816170000000000423e-47
7.700000000000000000e+01 4.790539999999999518e-47
7.725000000000000000e+01 4.766040000000000459e-47
7.750000000000000000e+01 4.741479999999999985e-47
7.775000000000000000e+01 4.717839999999999809e-47
7.800000000000000000e+01 4.694269999999999825e-47
7.825000000000000000e+01 4.671199999999999961e-47
7.850000000000000000e+01 4.649360000000000411e-47
7.875000000000000000e+01 4.627550000000000109e-47
7.900000000000000000e+01 4.605560000000000426e-47
7.925000000000000000e+01 4.583930000000000478e-47
7.950000000000000000e+01 4.563290000000000049e-47
7.975000000000000000e+01 4.542930000000000386e-47
8.000000000000000000e+01 4.522750000000000105e-47
8.025000000000000000e+01 4.502430000000000413e-47
8.050000000000000000e+01 4.482309999999999602e-47
8.075000000000000000e+01 4.462530000000000000e-47
8.100000000000000000e+01 4.443100000000000385e-47
8.125000000000000000e+01 4.424850000000000392e-47
8.150000000000000000e+01 4.405280000000000393e-47
8.175000000000000000e+01 4.387380000000000386e-47
8.200000000000000000e+01 4.368299999999999785e-47
8.225000000000000000e+01 4.350720000000000029e-47
8.250000000000000000e+01 4.333130000000000038e-47
8.275000000000000000e+01 4.316160000000000078e-47
8.300000000000000000e+01 4.299199999999999868e-47
8.325000000000000000e+01 4.282129999999999982e-47
8.350000000000000000e+01 4.265640000000000157e-47
8.375000000000000000e+01 4.249290000000000229e-47
8.400000000000000000e+01 4.233769999999999936e-47
8.425000000000000000e+01 4.217670000000000068e-47
8.450000000000000000e+01 4.201369999999999861e-47
8.475000000000000000e+01 4.185569999999999773e-47
8.500000000000000000e+01 4.169890000000000083e-47
8.525000000000000000e+01 4.154389999999999775e-47
8.550000000000000000e+01 4.138829999999999998e-47
8.575000000000000000e+01 4.123680000000000163e-47
8.600000000000000000e+01 4.109280000000000021e-47
8.625000000000000000e+01 4.094560000000000114e-47
8.650000000000000000e+01 4.079900000000000163e-47
8.675000000000000000e+01 4.065530000000000243e-47
8.700000000000000000e+01 4.051779999999999868e-47
8.725000000000000000e+01 4.038189999999999862e-47
8.750000000000000000e+01 4.024430000000000224e-47
8.775000000000000000e+01 4.010610000000000143e-47
8.800000000000000000e+01 3.997780000000000066e-47
8.825000000000000000e+01 3.984469999999999855e-47
8.850000000000000000e+01 3.971729999999999955e-47
8.875000000000000000e+01 3.958919999999999864e-47
8.900000000000000000e+01 3.946179999999999964e-47
8.925000000000000000e+01 3.933570000000000212e-47
8.950000000000000000e+01 3.921260000000000240e-47
8.975000000000000000e+01 3.909090000000000166e-47
9.000000000000000000e+01 3.897520000000000138e-47
9.025000000000000000e+01 3.885159999999999959e-47
9.050000000000000000e+01 3.872659999999999884e-47
9.075000000000000000e+01 3.861089999999999856e-47
9.100000000000000000e+01 3.848799999999999869e-47
9.125000000000000000e+01 3.837499999999999886e-47
9.150000000000000000e+01 3.825630000000000078e-47
9.175000000000000000e+01 3.814139999999999992e-47
9.200000000000000000e+01 3.803280000000000173e-47
9.225000000000000000e+01 3.791890000000000013e-47
9.250000000000000000e+01 3.780860000000000075e-47
9.275000000000000000e+01 3.770100000000000183e-47
9.300000000000000000e+01 3.759069999999999759e-47
9.325000000000000000e+01 3.748110000000000013e-47
9.350000000000000000e+01 3.737210000000000223e-47
9.375000000000000000e+01 3.725959999999999961e-47
9.400000000000000000e+01 3.714969999999999994e-47
9.425000000000000000e+01 3.704190000000000116e-47
9.450000000000000000e+01 3.693309999999999825e-47
9.475000000000000000e+01 3.682899999999999919e-47
9.500000000000000000e+01 3.673070000000000075e-47
9.525000000000000000e+01 3.662950000000000199e-47
9.550000000000000000e+01 3.652900000000000030e-47
9.575000000000000000e+01 3.642700000000000213e-47
9.600000000000000000e+01 3.632800000000000176e-47
9.625000000000000000e+01 3.623299999999999847e-47
9.650000000000000000e+01 3.613720000000000062e-47
9.675000000000000000e+01 3.603780000000000054e-47
9.700000000000000000e+01 3.594320000000000181e-47
9.725000000000000000e+01 3.585040000000000177e-47
9.750000000000000000e+01 3.575889999999999833e-47
9.775000000000000000e+01 3.566609999999999829e-47
9.800000000000000000e+01 3.557570000000000134e-47
9.825000000000000000e+01 3.548520000000000204e-47
9.850000000000000000e+01 3.539739999999999832e-47
9.875000000000000000e+01 3.531039999999999889e-47
9.900000000000000000e+01 3.521879999999999796e-47
9.925000000000000000e+01 3.512999999999999984e-47
9.950000000000000000e+01 3.504140000000000158e-47
9.975000000000000000e+01 3.495190000000000154e-47
1.000000000000000000e+02 3.486459999999999989e-47
1.002500000000000000e+02 3.478039999999999840e-47
1.005000000000000000e+02 3.469890000000000223e-47
1.007500000000000000e+02 3.461319999999999941e-47
1.010000000000000000e+02 3.453279999999999999e-47
1.012500000000000000e+02 3.445350000000000220e-47
1.015000000000000000e+02 3.437169999999999896e-47
1.017500000000000000e+02 3.429019999999999792e-47
1.020000000000000000e+02 3.421120000000000234e-47
1.022500000000000000e+02 3.413400000000000058e-47
1.025000000000000000e+02 3.405539999999999985e-47
1.027500000000000000e+02 3.397810000000000059e-47
1.030000000000000000e+02 3.390140000000000090e-47
1.032500000000000000e+02 3.382280000000000017e-47
1.035000000000000000e+02 3.374680000000000239e-47
1.037500000000000000e+02 3.367219999999999873e-47
1.040000000000000000e+02 3.360039999999999787e-47
1.042500000000000000e+02 3.352840000000000203e-47
1.045000000000000000e+02 3.345749999999999808e-47
1.047500000000000000e+02 3.338420000000000076e-47
1.050000000000000000e+02 3.331200000000000020e-47
1.052500000000000000e+02 3.324110000000000111e-47
1.055000000000000000e+02 3.316839999999999849e-47
1.057500000000000000e+02 3.309659999999999763e-47
1.060000000000000000e+02 3.302959999999999812e-47
1.062500000000000000e+02 3.295980000000000066e-47
1.065000000000000000e+02 3.288899999999999908e-47
1.067500000000000000e+02 3.282379999999999825e-47
1.070000000000000000e+02 3.275579999999999947e-47
1.072500000000000000e+02 3.269260000000000203e-47
1.075000000000000000e+02 3.262700000000000150e-47
1.077500000000000000e+02 3.256419999999999891e-47
1.080000000000000000e+02 3.249879999999999822e-47
1.082500000000000000e+02 3.243259999999999813e-47
1.085000000000000000e+02 3.236989999999999789e-47
1.087500000000000000e+02 3.230570000000000119e-47
1.090000000000000000e+02 3.224470000000000215e-47
1.092500000000000000e+02 3.218409999999999795e-47
1.095000000000000000e+02 3.212039999999999845e-47
1.097500000000000000e+02 3.205669999999999895e-47
1.100000000000000000e+02 3.199530000000000019e-47
1.102500000000000000e+02 3.193530000000000041e-47
1.105000000000000000e+02 3.187430000000000137e-47
1.107500000000000000e+02 3.181280000000000026e-47
1.110000000000000000e+02 3.175390000000000210e-47
1.112500000000000000e+02 3.169659999999999791e-47
1.115000000000000000e+02 3.164009999999999800e-47
1.117500000000000000e+02 3.158080000000000014e-47
1.120000000000000000e+02 3.152270000000000139e-47
1.122500000000000000e+02 3.146660000000000119e-47
1.125000000000000000e+02 3.140769999999999817e-47
1.127500000000000000e+02 3.135130000000000061e-47
1.130000000000000000e+02 3.129289999999999966e-47
1.132500000000000000e+02 3.123610000000000240e-47
1.135000000000000000e+02 3.118089999999999910e-47
1.137500000000000000e+02 3.112610000000000037e-47
1.140000000000000000e+02 3.106849999999999883e-47
1.142500000000000000e+02 3.101190000000000142e-47
1.145000000000000000e+02 3.095629999999999842e-47
1.147500000000000000e+02 3.090260000000000131e-47
1.150000000000000000e+02 3.084779999999999772e-47
1.152500000000000000e+02 3.079549999999999959e-47
1.155000000000000000e+02 3.074400000000000088e-47
1.157500000000000000e+02 3.069069999999999862e-47
1.160000000000000000e+02 3.063689999999999915e-47
1.162500000000000000e+02 3.058429999999999881e-47
1.165000000000000000e+02 3.053249999999999788e-47
1.167500000000000000e+02 3.047990000000000240e-47
1.170000000000000000e+02 3.042990000000000016e-47
1.172500000000000000e+02 3.038099999999999953e-47
1.175000000000000000e+02 3.033129999999999950e-47
1.177500000000000000e+02 3.028080000000000005e-47
1.180000000000000000e+02 3.023320000000000090e-47
1.182500000000000000e+02 3.018399999999999807e-47
1.185000000000000000e+02 3.013469999999999774e-47
1.187500000000000000e+02 3.008520000000000242e-47
1.190000000000000000e+02 3.003790000000000062e-47
1.192500000000000000e+02 2.999360000000000149e-47
1.195000000000000000e+02 2.994749999999999882e-47
1.197500000000000000e+02 2.990089999999999894e-47
1.200000000000000000e+02 2.985679999999999966e-47
1.202500000000000000e+02 2.981130000000000141e-47
1.205000000000000000e+02 2.976539999999999859e-47
1.207500000000000000e+02 2.972229999999999857e-47
1.210000000000000000e+02 2.967700000000000017e-47
1.212500000000000000e+02 2.963460000000000208e-47
1.215000000000000000e+02 2.959119999999999986e-47
1.217500000000000000e+02 2.954900000000000162e-47
1.220000000000000000e+02 2.950619999999999895e-47
1.222500000000000000e+02 2.946269999999999924e-47
1.225000000000000000e+02 2.941919999999999952e-47
1.227500000000000000e+02 2.937760000000000084e-47
1.230000000000000000e+02 2.933660000000000172e-47
1.232500000000000000e+02 2.929629999999999965e-47
1.235000000000000000e+02 2.925609999999999995e-47
1.237500000000000000e+02 2.921519999999999832e-47
1.240000000000000000e+02 2.917590000000000039e-47
1.242500000000000000e+02 2.913619999999999788e-47
1.245000000000000000e+02 2.909539999999999862e-47
1.247500000000000000e+02 2.905720000000000230e-47
1.250000000000000000e+02 2.902009999999999789e-47
1.252500000000000000e+02 2.897900000000000128e-47
1.255000000000000000e+02 2.894239999999999893e-47
1.257500000000000000e+02 2.890709999999999807e-47
1.260000000000000000e+02 2.886910000000000161e-47
1.262500000000000000e+02 2.883090000000000044e-47
1.265000000000000000e+02 2.879429999999999809e-47
1.267500000000000000e+02 2.875799999999999796e-47
1.270000000000000000e+02 2.872189999999999768e-47
1.272500000000000000e+02 2.868749999999999858e-47
1.275000000000000000e+02 2.865269999999999978e-47
1.277500000000000000e+02 2.861719999999999906e-47
1.280000000000000000e+02 2.858100000000000128e-47
1.282500000000000000e+02 2.854610000000000012e-47
1.285000000000000000e+02 2.851219999999999823e-47
1.287500000000000000e+02 2.847890000000000076e-47
1.290000000000000000e+02 2.844579999999999828e-47
1.292500000000000000e+02 2.841350000000000007e-47
1.295000000000000000e+02 2.838269999999999834e-47
1.297500000000000000e+02 2.835090000000000220e-47
1.300000000000000000e+02 2.831810000000000193e-47
1.302500000000000000e+02 2.828699999999999799e-47
1.305000000000000000e+02 2.825529999999999934e-47
1.307500000000000000e+02 2.822110000000000010e-47
1.310000000000000000e+02 2.818920000000000160e-47
1.312500000000000000e+02 2.815850000000000223e-47
1.315000000000000000e+02 2.812610000000000166e-47
1.317500000000000000e+02 2.809720000000000097e-47
1.320000000000000000e+02 2.806819999999999791e-47
1.322500000000000000e+02 2.803899999999999987e-47
1.325000000000000000e+02 2.800850000000000035e-47
1.327500000000000000e+02 2.798070000000000127e-47
1.330000000000000000e+02 2.795240000000000014e-47
1.332500000000000000e+02 2.792460000000000107e-47
1.335000000000000000e+02 2.789499999999999845e-47
1.337500000000000000e+02 2.786629999999999761e-47
1.340000000000000000e+02 2.783760000000000163e-47
1.342500000000000000e+02 2.780919999999999814e-47
1.345000000000000000e+02 2.778139999999999906e-47
1.347500000000000000e+02 2.775379999999999985e-47
1.350000000000000000e+02 2.772569999999999856e-47
1.352500000000000000e+02 2.769849999999999905e-47
1.355000000000000000e+02 2.766999999999999806e-47
1.357500000000000000e+02 2.764529999999999915e-47
1.360000000000000000e+02 2.761900000000000141e-47
1.362500000000000000e+02 2.759479999999999970e-47
1.365000000000000000e+02 2.757180000000000197e-47
1.367500000000000000e+02 2.754709999999999820e-47
1.370000000000000000e+02 2.751829999999999986e-47
1.372500000000000000e+02 2.749400000000000065e-47
1.375000000000000000e+02 2.746950000000000160e-47
1.377500000000000000e+02 2.744169999999999766e-47
1.380000000000000000e+02 2.741810000000000037e-47
1.382500000000000000e+02 2.739469999999999808e-47
1.385000000000000000e+02 2.736890000000000240e-47
1.387500000000000000e+02 2.734490000000000055e-47
1.390000000000000000e+02 2.732129999999999840e-47
1.392500000000000000e+02 2.729890000000000023e-47
1.395000000000000000e+02 2.727549999999999793e-47
1.397500000000000000e+02 2.725469999999999859e-47
1.400000000000000000e+02 2.723199999999999821e-47
1.402500000000000000e+02 2.720929999999999783e-47
1.405000000000000000e+02 2.718840000000000100e-47
1.407500000000000000e+02 2.716530000000000091e-47
1.410000000000000000e+02 2.714229999999999832e-47
1.412500000000000000e+02 2.712160000000000134e-47
1.415000000000000000e+02 2.710140000000000156e-47
1.417500000000000000e+02 2.707919999999999839e-47
1.420000000000000000e+02 2.705669999999999786e-47
1.422500000000000000e+02 2.703460000000000190e-47
1.425000000000000000e+02 2.701409999999999991e-47
1.427500000000000000e+02 2.698989999999999820e-47
1.430000000000000000e+02 2.697069999999999769e-47
1.432500000000000000e+02 2.695089999999999762e-47
1.435000000000000000e+02 2.693119999999999990e-47
1.437500000000000000e+02 2.691029999999999820e-47
1.440000000000000000e+02 2.689020000000000078e-47
1.442500000000000000e+02 2.687049999999999820e-47
1.445000000000000000e+02 2.685230000000000182e-47
1.447500000000000000e+02 2.683419999999999807e-47
1.450000000000000000e+02 2.681540000000000213e-47
1.452500000000000000e+02 2.679600000000000176e-47
1.455000000000000000e+02 2.677560000000000213e-47
1.457500000000000000e+02 2.675569999999999969e-47
1.460000000000000000e+02 2.673370000000000123e-47
1.462500000000000000e+02 2.671459999999999822e-47
1.465000000000000000e+02 2.669430000000000094e-47
1.467500000000000000e+02 2.667629999999999955e-47
1.470000000000000000e+02 2.665689999999999918e-47
1.472500000000000000e+02 2.663689999999999926e-47
1.475000000000000000e+02 2.661519999999999814e-47
1.477500000000000000e+02 2.659609999999999999e-47
1.480000000000000000e+02 2.657700000000000183e-47
1.482500000000000000e+02 2.655809999999999867e-47
1.485000000000000000e+02 2.653940000000000022e-47
1.487500000000000000e+02 2.652179999999999854e-47
1.490000000000000000e+02 2.650509999999999862e-47
1.492500000000000000e+02 2.648719999999999959e-47
1.495000000000000000e+02 2.647249999999999821e-47
1.497500000000000000e+02 2.645639999999999785e-47
1.500000000000000000e+02 2.643960000000000044e-47
1.502500000000000000e+02 2.642489999999999906e-47
1.505000000000000000e+02 2.640890000000000107e-47
1.507500000000000000e+02 2.638879999999999878e-47
1.510000000000000000e+02 2.637010000000000033e-47
1.512500000000000000e+02 2.635129999999999953e-47
1.515000000000000000e+02 2.633659999999999815e-47
1.517500000000000000e+02 2.631900000000000132e-47
1.520000000000000000e+02 2.630150000000000199e-47
1.522500000000000000e+02 2.628640000000000091e-47
1.525000000000000000e+02 2.627140000000000218e-47
1.527500000000000000e+02 2.625599999999999888e-47
1.530000000000000000e+02 2.624029999999999823e-47
1.532500000000000000e+02 2.622489999999999980e-47
1.535000000000000000e+02 2.621119999999999768e-47
1.537500000000000000e+02 2.619460000000000013e-47
1.540000000000000000e+02 2.617880000000000198e-47
1.542500000000000000e+02 2.616399999999999825e-47
1.545000000000000000e+02 2.614899999999999952e-47
1.547500000000000000e+02 2.613300000000000152e-47
1.550000000000000000e+02 2.611739999999999837e-47
1.552500000000000000e+02 2.610560000000000215e-47
1.555000000000000000e+02 2.609209999999999990e-47
1.557500000000000000e+02 2.607699999999999881e-47
1.560000000000000000e+02 2.606299999999999935e-47
1.562500000000000000e+02 2.605050000000000121e-47
1.565000000000000000e+02 2.603679999999999910e-47
1.567500000000000000e+02 2.602169999999999801e-47
1.570000000000000000e+02 2.600459999999999839e-47
1.572500000000000000e+02 2.599139999999999834e-47
1.575000000000000000e+02 2.597790000000000095e-47
1.577500000000000000e+02 2.596559999999999781e-47
1.580000000000000000e+02 2.595199999999999805e-47
1.582500000000000000e+02 2.593930000000000007e-47
1.585000000000000000e+02 2.592370000000000178e-47
1.587500000000000000e+02 2.590689999999999951e-47
1.590000000000000000e+02 2.589340000000000211e-47
1.592500000000000000e+02 2.588020000000000206e-47
1.595000000000000000e+02 2.586599999999999788e-47
1.597500000000000000e+02 2.585230000000000063e-47
1.600000000000000000e+02 2.583930000000000043e-47
1.602500000000000000e+02 2.582829999999999877e-47
1.605000000000000000e+02 2.581449999999999916e-47
1.607500000000000000e+02 2.580129999999999912e-47
1.610000000000000000e+02 2.578610000000000053e-47
1.612500000000000000e+02 2.577250000000000078e-47
1.615000000000000000e+02 2.575939999999999822e-47
1.617500000000000000e+02 2.574470000000000171e-47
1.620000000000000000e+02 2.573310000000000048e-47
1.622500000000000000e+02 2.571680000000000028e-47
1.625000000000000000e+02 2.570490000000000171e-47
1.627500000000000000e+02 2.569250000000000107e-47
1.630000000000000000e+02 2.567890000000000132e-47
1.632500000000000000e+02 2.566599999999999862e-47
1.635000000000000000e+02 2.565469999999999961e-47
1.637500000000000000e+02 2.564340000000000059e-47
1.640000000000000000e+02 2.563130000000000217e-47
1.642500000000000000e+02 2.561779999999999991e-47
1.645000000000000000e+02 2.560519999999999942e-47
1.647500000000000000e+02 2.559049999999999804e-47
1.650000000000000000e+02 2.557749999999999785e-47
1.652500000000000000e+02 2.556369999999999824e-47
1.655000000000000000e+02 2.555120000000000011e-47
1.657500000000000000e+02 2.554110000000000022e-47
1.660000000000000000e+02 2.552690000000000090e-47
1.662500000000000000e+02 2.551319999999999879e-47
1.665000000000000000e+02 2.550130000000000022e-47
1.667500000000000000e+02 2.548940000000000165e-47
1.670000000000000000e+02 2.547669999999999880e-47
1.672500000000000000e+02 2.546480000000000023e-47
1.675000000000000000e+02 2.545109999999999812e-47
1.677500000000000000e+02 2.543870000000000234e-47
1.680000000000000000e+02 2.542710000000000112e-47
1.682500000000000000e+02 2.541430000000000078e-47
1.685000000000000000e+02 2.540170000000000029e-47
1.687500000000000000e+02 2.538940000000000201e-47
1.690000000000000000e+02 2.537689999999999902e-47
1.692500000000000000e+02 2.536320000000000177e-47
1.695000000000000000e+02 2.535060000000000128e-47
1.697500000000000000e+02 2.533789999999999843e-47
1.700000000000000000e+02 2.532580000000000001e-47
1.702500000000000000e+02 2.531419999999999879e-47
1.705000000000000000e+02 2.529979999999999962e-47
1.707500000000000000e+02 2.528830000000000076e-47
1.710000000000000000e+02 2.527700000000000175e-47
1.712500000000000000e+02 2.526449999999999875e-47
1.715000000000000000e+02 2.525160000000000092e-47
1.717500000000000000e+02 2.524159999999999852e-47
1.720000000000000000e+02 2.522850000000000083e-47
1.722500000000000000e+02 2.521610000000000019e-47
1.725000000000000000e+02 2.520409999999999927e-47
1.727500000000000000e+02 2.519029999999999966e-47
1.730000000000000000e+02 2.517889999999999829e-47
1.732500000000000000e+02 2.516790000000000149e-47
1.735000000000000000e+02 2.515439999999999923e-47
1.737500000000000000e+02 2.514210000000000095e-47
1.740000000000000000e+02 2.513010000000000002e-47
1.742500000000000000e+02 2.511949999999999807e-47
1.745000000000000000e+02 2.510799999999999921e-47
1.747500000000000000e+02 2.509570000000000093e-47
1.750000000000000000e+02 2.508279999999999823e-47
1.752500000000000000e+02 2.507060000000000231e-47
1.755000000000000000e+02 2.505599999999999842e-47
1.757500000000000000e+02 2.504310000000000059e-47
1.760000000000000000e+02 2.503019999999999789e-47
1.762500000000000000e+02 2.501829999999999932e-47
1.765000000000000000e+02 2.500589999999999868e-47
1.767500000000000000e+02 2.499189999999999922e-47
1.770000000000000000e+02 2.497929999999999873e-47
1.772500000000000000e+02 2.496749999999999766e-47
1.775000000000000000e+02 2.495439999999999996e-47
1.777500000000000000e+02 2.494069999999999785e-47
1.780000000000000000e+02 2.492709999999999810e-47
1.782500000000000000e+02 2.491470000000000232e-47
1.785000000000000000e+02 2.490219999999999933e-47
1.787500000000000000e+02 2.489039999999999825e-47
1.790000000000000000e+02 2.487790000000000012e-47
1.792500000000000000e+02 2.486430000000000037e-47
1.795000000000000000e+02 2.485019999999999855e-47
1.797500000000000000e+02 2.483759999999999806e-47
1.800000000000000000e+02 2.482470000000000022e-47
1.802500000000000000e+02 2.481099999999999811e-47
1.805000000000000000e+02 2.479719999999999850e-47
1.807500000000000000e+02 2.478470000000000037e-47
1.810000000000000000e+02 2.477110000000000061e-47
1.812500000000000000e+02 2.475670000000000144e-47
1.815000000000000000e+02 2.474259999999999962e-47
1.817500000000000000e+02 2.473010000000000149e-47
1.820000000000000000e+02 2.471859999999999777e-47
1.822500000000000000e+02 2.470559999999999757e-47
1.825000000000000000e+02 2.469230000000000003e-47
1.827500000000000000e+02 2.468040000000000146e-47
1.830000000000000000e+02 2.466589999999999993e-47
1.832500000000000000e+02 2.465190000000000047e-47
1.835000000000000000e+02 2.463940000000000234e-47
1.837500000000000000e+02 2.462599999999999757e-47
1.840000000000000000e+02 2.461329999999999959e-47
1.842500000000000000e+02 2.459850000000000071e-47
1.845000000000000000e+02 2.458579999999999787e-47
1.847500000000000000e+02 2.457409999999999915e-47
1.850000000000000000e+02 2.456109999999999895e-47
1.852500000000000000e+02 2.454669999999999978e-47
1.855000000000000000e+02 2.453290000000000018e-47
1.857500000000000000e+02 2.451870000000000086e-47
1.860000000000000000e+02 2.450479999999999889e-47
1.862500000000000000e+02 2.449230000000000076e-47
1.865000000000000000e+02 2.447679999999999997e-47
1.867500000000000000e+02 2.446249999999999829e-47
1.870000000000000000e+02 2.444709999999999986e-47
1.872500000000000000e+02 2.443110000000000186e-47
1.875000000000000000e+02 2.441549999999999871e-47
1.877500000000000000e+02 2.439959999999999821e-47
1.880000000000000000e+02 2.438200000000000139e-47
1.882500000000000000e+02 2.436570000000000118e-47
1.885000000000000000e+02 2.435110000000000216e-47
1.887500000000000000e+02 2.433649999999999827e-47
1.890000000000000000e+02 2.432079999999999762e-47
1.892500000000000000e+02 2.430579999999999889e-47
1.895000000000000000e+02 2.428800000000000222e-47
1.897500000000000000e+02 2.427319999999999848e-47
1.900000000000000000e+02 2.425830000000000211e-47
1.902500000000000000e+02 2.424209999999999940e-47
1.905000000000000000e+02 2.422479999999999992e-47
1.907500000000000000e+02 2.420880000000000192e-47
1.910000000000000000e+02 2.419450000000000025e-47
1.912500000000000000e+02 2.417809999999999769e-47
1.915000000000000000e+02 2.416150000000000013e-47
1.917500000000000000e+02 2.414659999999999890e-47
1.920000000000000000e+02 2.413120000000000046e-47
1.922500000000000000e+02 2.411490000000000025e-47
1.925000000000000000e+02 2.409930000000000196e-47
1.927500000000000000e+02 2.408500000000000029e-47
1.930000000000000000e+02 2.406699999999999890e-47
1.932500000000000000e+02 2.404900000000000237e-47
1.935000000000000000e+02 2.403330000000000172e-47
1.937500000000000000e+02 2.401840000000000048e-47
1.940000000000000000e+02 2.400190000000000042e-47
1.942500000000000000e+02 2.398750000000000125e-47
1.945000000000000000e+02 2.397359999999999929e-47
1.947500000000000000e+02 2.395609999999999996e-47
1.950000000000000000e+02 2.393959999999999990e-47
1.952500000000000000e+02 2.392079999999999909e-47
1.955000000000000000e+02 2.390400000000000168e-47
1.957500000000000000e+02 2.388710000000000191e-47
1.960000000000000000e+02 2.387069999999999935e-47
1.962500000000000000e+02 2.385610000000000033e-47
1.965000000000000000e+02 2.383940000000000041e-47
1.967500000000000000e+02 2.382340000000000242e-47
1.970000000000000000e+02 2.380549999999999852e-47
1.972500000000000000e+02 2.378950000000000052e-47
1.975000000000000000e+02 2.377180000000000134e-47
1.977500000000000000e+02 2.375240000000000097e-47
1.980000000000000000e+02 2.373380000000000002e-47
1.982500000000000000e+02 2.371809999999999938e-47
1.985000000000000000e+02 2.370219999999999887e-47
1.987500000000000000e+02 2.368379999999999778e-47
1.990000000000000000e+02 2.366810000000000199e-47
1.992500000000000000e+02 2.365420000000000002e-47
1.995000000000000000e+02 2.363610000000000113e-47
1.997500000000000000e+02 2.361989999999999842e-47
2.000000000000000000e+02 2.360139999999999983e-47
2.002500000000000000e+02 2.358410000000000035e-47
2.005000000000000000e+02 2.356600000000000146e-47
2.007500000000000000e+02 2.354819999999999993e-47
2.010000000000000000e+02 2.353139999999999765e-47
2.012500000000000000e+02 2.351400000000000068e-47
2.015000000000000000e+02 2.349860000000000225e-47
2.017500000000000000e+02 2.348179999999999998e-47
2.020000000000000000e+02 2.346410000000000079e-47
2.022500000000000000e+02 2.344720000000000103e-47
2.025000000000000000e+02 2.342840000000000022e-47
2.027500000000000000e+02 2.341070000000000104e-47
2.030000000000000000e+02 2.339329999999999921e-47
2.032500000000000000e+02 2.337639999999999944e-47
2.035000000000000000e+02 2.335710000000000143e-47
2.037500000000000000e+02 2.333899999999999768e-47
2.040000000000000000e+02 2.332200000000000042e-47
2.042500000000000000e+02 2.330379999999999917e-47
2.045000000000000000e+02 2.328430000000000131e-47
2.047500000000000000e+02 2.326339999999999961e-47
2.050000000000000000e+02 2.324479999999999866e-47
2.052500000000000000e+02 2.322590000000000036e-47
2.055000000000000000e+02 2.320689999999999970e-47
2.057500000000000000e+02 2.318680000000000227e-47
2.060000000000000000e+02 2.317030000000000221e-47
2.062500000000000000e+02 2.315230000000000082e-47
2.065000000000000000e+02 2.313350000000000001e-47
2.067500000000000000e+02 2.311250000000000082e-47
2.070000000000000000e+02 2.309319999999999795e-47
2.072500000000000000e+02 2.307400000000000230e-47
2.075000000000000000e+02 2.305629999999999826e-47
2.077500000000000000e+02 2.303810000000000187e-47
2.080000000000000000e+02 2.301859999999999915e-47
2.082500000000000000e+02 2.299979999999999834e-47
2.085000000000000000e+02 2.297899999999999900e-47
2.087500000000000000e+02 2.295930000000000129e-47
2.090000000000000000e+02 2.294059999999999798e-47
2.092500000000000000e+02 2.291990000000000099e-47
2.095000000000000000e+02 2.290110000000000019e-47
2.097500000000000000e+02 2.288180000000000218e-47
2.100000000000000000e+02 2.286209999999999960e-47
2.102500000000000000e+02 2.284209999999999967e-47
2.105000000000000000e+02 2.282380000000000093e-47
2.107500000000000000e+02 2.280300000000000159e-47
2.110000000000000000e+02 2.278429999999999828e-47
2.112500000000000000e+02 2.276659999999999910e-47
2.115000000000000000e+02 2.274579999999999976e-47
2.117500000000000000e+02 2.272719999999999881e-47
2.120000000000000000e+02 2.270799999999999830e-47
2.122500000000000000e+02 2.268699999999999910e-47
2.125000000000000000e+02 2.266719999999999903e-47
2.127500000000000000e+02 2.264759999999999881e-47
2.130000000000000000e+02 2.262890000000000036e-47
2.132500000000000000e+02 2.260750000000000146e-47
2.135000000000000000e+02 2.258839999999999844e-47
2.137500000000000000e+02 2.256759999999999910e-47
2.140000000000000000e+02 2.254790000000000139e-47
2.142500000000000000e+02 2.252830000000000117e-47
2.145000000000000000e+02 2.250870000000000095e-47
2.147500000000000000e+02 2.248830000000000131e-47
2.150000000000000000e+02 2.246750000000000197e-47
2.152500000000000000e+02 2.244910000000000087e-47
2.155000000000000000e+02 2.242819999999999918e-47
2.157500000000000000e+02 2.240600000000000086e-47
2.160000000000000000e+02 2.238529999999999902e-47
2.162500000000000000e+02 2.236560000000000130e-47
2.165000000000000000e+02 2.234560000000000138e-47
2.167500000000000000e+02 2.232319999999999835e-47
2.170000000000000000e+02 2.230080000000000018e-47
2.172500000000000000e+02 2.228060000000000040e-47
2.175000000000000000e+02 2.225920000000000150e-47
2.177500000000000000e+02 2.223790000000000009e-47
2.180000000000000000e+02 2.221849999999999973e-47
2.182500000000000000e+02 2.219699999999999847e-47
2.185000000000000000e+02 2.217440000000000045e-47
2.187500000000000000e+02 2.215269999999999934e-47
2.190000000000000000e+02 2.213030000000000117e-47
2.192500000000000000e+02 2.210709999999999873e-47
2.195000000000000000e+02 2.208530000000000012e-47
2.197500000000000000e+02 2.206220000000000003e-47
2.200000000000000000e+02 2.204000000000000172e-47
2.202500000000000000e+02 2.201759999999999869e-47
2.205000000000000000e+02 2.199170000000000066e-47
2.207500000000000000e+02 2.196789999999999865e-47
2.210000000000000000e+02 2.194740000000000153e-47
2.212500000000000000e+02 2.192820000000000101e-47
2.215000000000000000e+02 2.190550000000000063e-47
2.217500000000000000e+02 2.188310000000000004e-47
2.220000000000000000e+02 2.186069999999999944e-47
2.222500000000000000e+02 2.184069999999999951e-47
2.225000000000000000e+02 2.181910000000000076e-47
2.227500000000000000e+02 2.179789999999999928e-47
2.230000000000000000e+02 2.177920000000000083e-47
2.232500000000000000e+02 2.175859999999999891e-47
2.235000000000000000e+02 2.173459999999999949e-47
2.237500000000000000e+02 2.171129999999999955e-47
2.240000000000000000e+02 2.168889999999999895e-47
2.242500000000000000e+02 2.166630000000000093e-47
2.245000000000000000e+02 2.164449999999999989e-47
2.247500000000000000e+02 2.162420000000000018e-47
2.250000000000000000e+02 2.160100000000000017e-47
2.252500000000000000e+02 2.157839999999999972e-47
2.255000000000000000e+02 2.155480000000000000e-47
2.257500000000000000e+02 2.153189999999999977e-47
2.260000000000000000e+02 2.150700000000000100e-47
2.262500000000000000e+02 2.148629999999999916e-47
2.265000000000000000e+02 2.146160000000000025e-47
2.267500000000000000e+02 2.143989999999999914e-47
2.270000000000000000e+02 2.141460000000000066e-47
2.272500000000000000e+02 2.138929999999999976e-47
2.275000000000000000e+02 2.136669999999999931e-47
2.277500000000000000e+02 2.133860000000000046e-47
2.280000000000000000e+02 2.131800000000000097e-47
2.282500000000000000e+02 2.129570000000000030e-47
2.285000000000000000e+02 2.127379999999999933e-47
2.287500000000000000e+02 2.124540000000000070e-47
2.290000000000000000e+02 2.122190000000000091e-47
2.292500000000000000e+02 2.119840000000000112e-47
2.295000000000000000e+02 2.117620000000000037e-47
2.297500000000000000e+02 2.115359999999999992e-47
2.300000000000000000e+02 2.112920000000000079e-47
2.302500000000000000e+02 2.110660000000000033e-47
2.305000000000000000e+02 2.108700000000000011e-47
2.307500000000000000e+02 2.106230000000000120e-47
2.310000000000000000e+02 2.103869999999999905e-47
2.312500000000000000e+02 2.101400000000000014e-47
2.315000000000000000e+02 2.098950000000000108e-47
2.317500000000000000e+02 2.096449999999999996e-47
2.320000000000000000e+02 2.094100000000000016e-47
2.322500000000000000e+02 2.091650000000000111e-47
2.325000000000000000e+02 2.089390000000000065e-47
2.327500000000000000e+02 2.087489999999999999e-47
2.330000000000000000e+02 2.084830000000000004e-47
2.332500000000000000e+02 2.082060000000000090e-47
2.335000000000000000e+02 2.078599999999999952e-47
2.337500000000000000e+02 2.075629999999999941e-47
2.340000000000000000e+02 2.072770000000000092e-47
2.342500000000000000e+02 2.069100000000000108e-47
2.345000000000000000e+02 2.065429999999999881e-47
2.347500000000000000e+02 2.061490000000000095e-47
2.350000000000000000e+02 2.057339999999999976e-47
2.352500000000000000e+02 2.052789999999999908e-47
2.355000000000000000e+02 2.048129999999999920e-47
2.357500000000000000e+02 2.043360000000000013e-47
2.360000000000000000e+02 2.038580000000000113e-47
2.362500000000000000e+02 2.033310000000000087e-47
2.365000000000000000e+02 2.027499999999999969e-47
2.367500000000000000e+02 2.021440000000000035e-47
2.370000000000000000e+02 2.015510000000000006e-47
2.372500000000000000e+02 2.008599999999999966e-47
2.375000000000000000e+02 2.001440000000000109e-47
2.377500000000000000e+02 1.993739999999999918e-47
2.380000000000000000e+02 1.985000000000000004e-47
2.382500000000000000e+02 1.976030000000000015e-47
2.385000000000000000e+02 1.966070000000000022e-47
2.387500000000000000e+02 1.955740000000000058e-47
2.390000000000000000e+02 1.944249999999999971e-47
2.392500000000000000e+02 1.932250000000000015e-47
2.395000000000000000e+02 1.919180000000000114e-47
2.397500000000000000e+02 1.905199999999999908e-47
2.400000000000000000e+02 1.890470000000000008e-47
2.402500000000000000e+02 1.873649999999999939e-47
2.405000000000000000e+02 1.856290000000000022e-47
2.407500000000000000e+02 1.837519999999999923e-47
2.410000000000000000e+02 1.817239999999999959e-47
2.412500000000000000e+02 1.795540000000000063e-47
2.415000000000000000e+02 1.772740000000000001e-47
2.417500000000000000e+02 1.748939999999999942e-47
2.420000000000000000e+02 1.724160000000000116e-47
2.422500000000000000e+02 1.697899999999999916e-47
2.425000000000000000e+02 1.671279999999999979e-47
2.427500000000000000e+02 1.643590000000000098e-47
2.430000000000000000e+02 1.614710000000000116e-47
2.432500000000000000e+02 1.585010000000000007e-47
2.435000000000000000e+02 1.553070000000000080e-47
2.437500000000000000e+02 1.520320000000000018e-47
2.440000000000000000e+02 1.486209999999999981e-47
2.442500000000000000e+02 1.451109999999999939e-47
2.445000000000000000e+02 1.415790000000000059e-47
2.447500000000000000e+02 1.380040000000000008e-47
2.450000000000000000e+02 1.343530000000000028e-47
2.452500000000000000e+02 1.305600000000000116e-47
2.455000000000000000e+02 1.268109999999999882e-47
2.457500000000000000e+02 1.229420000000000041e-47
2.460000000000000000e+02 1.190650000000000016e-47
2.462500000000000000e+02 1.151979999999999917e-47
2.465000000000000000e+02 1.112350000000000036e-47
2.467500000000000000e+02 1.073999999999999946e-47
2.470000000000000000e+02 1.034410000000000035e-47
2.472500000000000000e+02 9.949489999999999815e-48
2.475000000000000000e+02 9.565859999999999982e-48
2.477500000000000000e+02 9.173409999999999563e-48
2.480000000000000000e+02 8.784050000000000040e-48
2.482500000000000000e+02 8.400170000000000389e-48
2.485000000000000000e+02 8.036440000000000556e-48
2.487500000000000000e+02 7.680060000000000197e-48
2.490000000000000000e+02 7.354569999999999805e-48
2.492500000000000000e+02 7.045820000000000027e-48
2.495000000000000000e+02 6.750989999999999527e-48
2.497500000000000000e+02 6.495409999999999430e-48
2.500000000000000000e+02 6.272970000000000081e-48
2.502500000000000000e+02 6.080099999999999479e-48
2.505000000000000000e+02 5.934129999999999750e-48
2.507500000000000000e+02 5.848919999999999730e-48
2.510000000000000000e+02 5.817350000000000019e-48
2.512500000000000000e+02 5.850500000000000031e-48
2.515000000000000000e+02 5.945449999999999718e-48
2.517500000000000000e+02 6.110789999999999593e-48
2.520000000000000000e+02 6.358469999999999403e-48
2.522500000000000000e+02 6.708110000000000326e-48
2.525000000000000000e+02 7.173650000000000168e-48
2.527500000000000000e+02 7.759050000000000157e-48
2.530000000000000000e+02 8.448859999999999464e-48
2.532500000000000000e+02 9.293219999999999748e-48
2.535000000000000000e+02 1.028889999999999949e-47
2.537500000000000000e+02 1.151460000000000055e-47
2.540000000000000000e+02 1.293249999999999931e-47
2.542500000000000000e+02 1.461739999999999927e-47
2.545000000000000000e+02 1.655419999999999935e-47
2.547500000000000000e+02 1.890299999999999890e-47
2.550000000000000000e+02 2.176379999999999996e-47
2.552500000000000000e+02 2.515419999999999938e-47
2.555000000000000000e+02 2.913109999999999919e-47
2.557500000000000000e+02 5.760059999999999711e-47
2.560000000000000000e+02 inf
