# Memory Log BF	Trials	Network SNR
0.05914042905305905	637	64.89549220878433
0.4175561771110097	1189	62.43476998273737
-0.8428925189487018	1373	96.81899649846214
-0.022841157657467193	1934	87.43232329676418
0.03038035306076381	328	81.11399100630032
-0.05891619138947135	289	73.69555192060203
0.0011007930297637358	996	68.46706609140567
-0.7790759669151157	5298	64.32599626931004
-0.8951602298166108	845	76.28505599511466
-1.4660247414008154	74	112.80456102878834
0.008749899203166933	334	64.40380448414236
-0.03957583786268515	1510	80.91816204384367
-2.0600694371096324	1744	136.15399414575882
0.1269383958756407	1952	63.78680287882069
0.0038888646765826707	699	64.5656871681866
-0.3222895551025431	543	92.98097093939298
0.05982868462342594	999	95.70875540090609
1.5381635132125666	79	116.92874037827414
0.06882151232002798	1939	60.8599232158679
12.973792357632192	449	262.75942403068143
-0.09699859391685095	1053	60.313776286299046
0.012905347620744578	2202	63.69653555360997
-0.13966695827184594	517	77.70141161520453
0.9286729926707267	2965	91.16358418885831
-0.02576548538308998	200	65.03153811761375
-0.009431725302874838	1203	66.40191648453394
-0.024274019853237405	2781	63.68984957942859
-0.18062070040537037	3918	64.72941074466638
-1.0925887322541712	87	70.15655989350402
0.16988259172649123	736	187.26374947811172
0.009972221392672509	404	73.07499760106676
-0.14629059856679305	163	61.72883352349586
0.07407498404154467	1060	71.36852076449102
0.049832528457045555	89	314.44586640061095
-0.10353595862397924	289	111.4360289993639
-0.03361976194264571	28	72.08460609710183
1.681882697972469	24	171.94257375500231
-0.2996986316757102	323	140.19052521566326
0.21166359386506883	805	72.01443070644586
-0.016741653855660843	727	84.71833866939023
0.01325532780310823	1488	69.30065844160455
0.13416290035979728	419	60.18970347763077
-0.004761363155921572	2398	81.65443161665452
-0.08463869282059022	645	165.93041153962784
0.3624110957321136	636	60.547346307947294
-0.6020446445322705	86	60.675594143504455
-0.10476055230355996	204	107.29629047696122
-0.1760001059901697	524	100.62452686272033
1.1246770998973261	115	78.72512775043519
0.0047448970854020445	2503	69.66203734811117
-1.7954649586013147	1181	79.04169736214638
0.0006789269891669392	549	67.78826666210779
0.011229237259613	203	66.75254383830116
-0.23459079330496024	1300	68.75498731425895
-0.11350623596081277	434	116.31951182771175
0.9075698764063418	571	255.33129389537606
-0.027638601492981252	564	63.61218681386716
0.08263564911021604	270	70.9360491063573
0.7818010816117749	1267	194.8005189318296
0.05175251217224286	381	90.436328356559
-0.03403050614269887	62	66.76438957708221
-0.017029521185577323	144	75.06449153281844
0.02246976621063368	1963	97.52480426441203
-0.14959563430875278	205	67.11884945731548
0.01650080792751396	1986	70.69573885234888
-0.12080964691676854	261	86.60829001511803
0.6229439132875996	759	96.46627039549234
0.09904169348374126	144	64.63883087939708
-0.03914850666342318	1116	69.84641340130253
0.2462685976697685	690	93.43195410660721
-0.3861434950754301	550	85.65665693760671
0.2876815882232222	4055	65.79764836208618
0.009812214865632995	126	76.42326571867292
0.560228230339817	1102	62.71598040254084
-0.33172913093039824	809	109.5127357804956
-0.5925359561697405	1734	91.132558971979
-0.04109565292310435	385	102.88111800858913
-0.0027397260619181907	1587	74.30243299562211
-0.13806892919546954	1265	91.82517527572213
-0.08029823682863935	830	140.5563124011816
0.055513078321382636	3951	157.09152904274993
0.06715994463684183	3447	72.34368862682628
0.4158948065585264	37	62.845750559082816
-4.188070821695874	105	193.09877706776007
0.1962475252621516	674	199.79536218792578
0.23042952548439644	158	74.46530869068816
-0.00849981479723283	2774	68.03095452365629
-0.2691860723498394	864	60.26751559618657
0.04185846174732433	188	84.30053274878715
0.05181303420704353	5440	94.15546587357589
-0.09438192826655722	534	78.4719984842005
-0.3518191338239376	690	60.04542153061382
-0.11365754733378708	2766	153.69747662718913
0.03212230818826356	823	66.9123765785838
0.014140603102532623	558	73.057126303261
-3.0479923821785633	1636	94.26380204763188
-1.1142028704680342	214	132.12461553984215
-0.2851232040738978	1233	104.808126430222
-1.2050106850640532	759	63.005336555412654
-0.0007287885655387072	111	61.04971327577009
-0.08684483695196832	1904	82.19517786457425
-0.12769626064255135	414	79.19346205101051
0.06380851195262949	268	91.51107619081803
0.13982954185712515	102	75.85468200860912
-0.09688577333918147	1256	68.1586422405199
-0.14914318106821156	13	162.4190184935985
-0.0022731044305146497	200	62.43672919963844
-0.5181966357122292	3468	143.3683372752785
0.03584862107527442	600	145.1090276204697
0.011477052374857521	1593	60.051342538347285
0.02089287590388267	267	63.364180485944395
0.257442603045547	442	85.57393945546028
0.06418324941842002	331	97.59588593225426
0.5715892846756105	178	69.00760383922459
0.2905606084830197	82	64.27106819645977
1.2614850058271259	368	85.91279971334633
-0.14150826618379142	3114	69.69276488108704
0.03509061238673894	2200	68.23070822586571
0.04471462860783504	574	80.21542909456562
0.24453817914218234	2656	101.99925790714448
0.3555505451222416	1917	135.5246112146837
0.028169859005174658	1019	101.788650149058
-0.08665041681751973	812	92.46250631953369
0.004666167192908688	6	61.172067461537026
0.020250774134183303	632	209.70830248900708
-0.7489385722292354	448	63.873136426142956
-0.017887040864479786	244	84.83143815771489
-0.08668595314316008	118	71.7477089623362
-0.07767126512385403	507	66.74804451174423
0.011498241037315893	175	64.1136745031882
0.28685407383090933	488	184.7026789628809
-0.3650368240332682	109	66.57192388707985
0.5251090760848456	1365	163.66286956930816
-0.776059881074616	1676	151.13747156432785
0.028350443735689623	4902	67.02033684467129
-0.0251257340992197	443	77.66092504589007
0.012836961701850669	1952	92.41021601363359
0.017601507883227896	902	124.82610212827771
-1.5747831059288728	975	127.18884885396402
0.336586662942409	558	74.091247311392
-0.4001086251519155	341	67.22942011383607
0.01980373963851889	4082	74.82560432099102
-0.0211338110266297	976	69.87134108532844
-1.714491017321052	114	113.49884343277783
-0.08398079905009581	948	65.5212681014124
-0.13733946462889435	608	182.32956383591025
-0.18323006300306588	286	60.67446386044206
3.5138193152015447	1840	294.8712776397943
-0.13537936763941616	384	80.66045988283796
-0.11587440311541286	343	90.653063395591
0.1106071980575507	875	96.72540656759742
0.09136884376493981	452	68.92823974010169
-0.03987814217725827	58	120.57165641673582
-0.21984931987390155	1502	120.3737494955189
-0.055190775264236436	11	90.43869910804419
0.05263669667056092	3	106.36112742499459
0.1619963890998406	156	71.26613973647831
0.021820584048327873	1048	68.90469593300033
-0.12269527601074515	33	105.35756224867866
-0.22339219974719526	1069	62.47780970740012
-2.5198046063778747	2695	152.73466955436186
-0.10178181110222795	1180	76.72203773921494
0.27466723127508885	53	100.75875974408274
0.007589686718347366	394	68.50368308609697
-0.3541680403832288	1758	131.48838578613237
-0.03159958028481924	51	60.01798161055658
0.9320277597871609	1161	205.97498287575914
0.6452883195802315	536	74.04315945931162
0.06705420363232406	913	70.7765219901216
0.2075138259842788	195	82.23863568924023
0.012470450812543277	299	67.92805227946897
-0.191060737848602	580	63.41761155529767
-0.02070496502892638	211	219.36664727004646
0.01985272570163943	193	121.82255527969455
11.78696390406185	1446	293.9463200455824
0.09897621830714343	823	61.32473912163015
-0.6029869477242755	848	205.4033289377134
0.9063854535797873	472	106.08278937072738
-0.000767454388551414	596	176.8806534676889
-0.02505321785884007	973	98.15980805454038
0.18783510733669573	208	67.25100135835288
-1.4832024041534169	350	318.54106253420264
0.135626207219957	1252	79.1710807831031
0.004310931852614885	2843	72.86449013057094
0.5628559531628525	639	64.08342041763615
-0.9256372126435508	121	79.05200982039842
-0.07209184617568098	224	61.21338365885438
-0.007514830182572041	207	80.64616530537191
-0.1954166497780534	549	102.5402319869581
-0.11448487652432959	83	84.85435036544627
0.47496198618841845	3277	60.99422448283016
-0.5560861042158649	723	93.19591698821345
-0.4000328049039581	1178	60.33151084995596
0.03435982438668361	87	62.18950051518727
-0.02326577026542509	834	78.04478172026577
-0.03515290032373741	129	95.26329135466197
-0.005446955172374146	4794	61.33769739857223
-0.06087027704688808	1886	97.7112797555272
-0.09799495140919134	668	60.31863433155062
0.3161355828779051	428	186.49520664988876
0.17923799028812937	1626	74.8507684725528
-0.45159048310893013	896	67.01036493359659
-0.021115025695962686	751	71.30740171505404
-0.014634461225796258	1841	92.36851293293893
0.023872036905231653	116	144.93686737239923
-0.18497794705172055	1917	86.5559756236667
0.21040051243107882	1595	191.99017774290627
-0.07551775821184492	1728	82.50224480837532
-0.391048911249527	271	81.52081000341795
0.004728069984594185	845	68.63659839792017
-0.010991261483013659	831	62.77938038801537
0.061223550685099326	1179	216.31966770731373
-0.01822550405131551	717	65.0452878836098
1.2191917995478434	16	203.10035656725796
-0.062072217633613036	1160	64.69310991764874
-0.11983664525223503	808	66.53478237160587
-0.8577871324941952	11	105.79509046391695
0.01665506857989385	630	62.29435207810331
0.01495359775299221	1241	63.88561213637646
0.35972615630930704	476	61.97200857581155
0.04739851343811097	1026	67.61431449445469
-0.12221658323232987	171	61.569552661204256
0.06570839001233253	2234	91.80323863958978
0.051999866233927605	1028	73.34773477540342
-0.026348742897425836	1	95.72299740476033
-0.02872531062030248	399	72.79769616407265
5.449059406233573	1221	122.0981359012559
-0.063935234255041	321	60.73946022740469
0.41434356820627727	126	96.30578620802463
-0.05884247893959582	734	71.26488086400387
0.11905931724822949	409	73.36083585083352
-0.17904684175027796	325	98.83146549390479
-0.5335234900949217	553	94.25320665304737
-0.08754711013489214	948	88.24902147257353
0.13733219337973424	119	109.00234045248935
0.13099762993761033	959	62.95042032989981
-0.10756833602135885	396	78.23501479673278
-0.23581718189871026	337	78.67590895600975
0.27893092344675097	777	89.63506420548252
0.00875910179775019	508	93.96137167284581
0.2568305328495626	296	132.89119166674658
0.14406060289729794	1789	90.63727462724025
-0.10750058929261286	639	69.40221240864898
-0.01954445286810369	153	72.51115130394892
0.000943569853916415	246	67.41713726748699
0.04011381727286789	67	72.28321703286699
-0.07980130681880837	3216	76.77912815285433
0.022788768475720644	196	60.32742734574078
-0.254189091032913	559	77.73131129509426
0.016714785045678582	2474	81.51201518923341
-0.0008038995388233161	2181	63.031186979157205
-0.548832570238801	329	60.80531205470433
0.008247215642768424	1041	135.90255824107993
-0.20904462768885423	3137	89.99825265687325
0.6624934499902793	297	72.8424910629636
0.25598521634628923	48	62.96864787139102
0.05401353380739238	504	90.99597423451024
0.15178551870485535	2224	68.4984150266258
2.2499864888723096	2581	98.50109344127786
2.106900120462342	36	75.9690900183853
0.19014889353275066	460	75.75048864647938
0.10449415187940758	748	142.4011900703749
-0.970360455969967	1608	111.15299476561668
0.2664620114810532	1346	63.591974390815174
-0.16285775912501776	53	64.27282419596771
-0.1146537677386732	1909	83.0531091175969
0.6266274384470307	908	157.1988137848721
0.03815479243576192	158	61.08012616631278
0.17400916886799678	685	95.28042451186408
-2.4523213589618535	326	158.0103676710234
0.3816944935806532	585	112.10012938257954
0.04973345736016199	979	63.15464680639281
0.04653017263899528	509	62.32333554971108
3.239832079052576	2660	270.1292394579666
-0.05778445671330701	869	69.87890251620657
0.6233442273151013	472	165.3475698169919
-0.9427073300198572	112	89.97887202925484
0.12420739282379145	128	63.56824024621497
-0.4908832181308753	95	76.82739731666337
-0.2541223311345675	4491	120.09633413903245
-0.2833747522129215	400	64.6628250153365
-0.07544454382059484	428	90.34288013907884
-0.015557511442693794	2807	76.51292784515033
0.07035533286762075	361	94.79201648928208
-0.022905584344698582	306	112.22583647762045
0.15713454870001442	1109	64.02239023169838
-0.10524918706460085	56	70.46544023921736
-1.4753429577926909	569	85.23455598236012
0.021877439729678372	112	66.8880774718626
0.30422216767647114	10	60.148212000802644
-0.01747596921723016	2016	62.23236657774929
0.3050038522196701	1731	90.82717347981377
-0.03291189869196387	612	65.01257539310365
-0.11665605010330182	1060	113.43341975168411
0.023027430194588305	24	61.078522368962645
0.07562025614788581	1179	72.0916179313378
-2.546195907031688	22	101.91870070333027
-0.00989748406709623	1077	61.07150730089653
-0.1727262537833667	1908	69.54362626918525
-0.017278152208746178	962	74.59413792471965
0.4945825421373229	3609	87.6770416814329
-0.0023139429486036533	1655	65.20200835746078
-0.0058071248804481	132	129.61735547459236
0.08993652744584324	2819	66.44596908519675
-0.2961301928044122	383	149.99948247242963
-0.11393431387568853	1894	61.99575587126677
-0.006862331279535283	57	67.99604962012307
0.5314613406217177	1283	73.9796462400366
-0.11359365900580087	979	98.83102386072186
-0.024146426860397696	1024	62.183809628981216
-0.2865359840916426	1186	89.0797750553139
-0.09730077755375532	22	66.59920906767005
-2.2180332791974706	488	77.24479164347117
-1.857194278957195	626	75.71686981960812
-0.020225136865064997	110	69.05561871878479
0.13839571055905253	1680	130.76928814309065
0.26925797486183	405	79.77272040721881
0.35774789560582576	3142	74.34731593679238
-0.25711062535901874	242	62.45742006535167
0.42931718221234405	2871	90.21070621447694
-1.6431309405779757	1011	132.80600266768886
-0.20101958534178266	2556	104.79995761541628
-0.44928798009914317	909	97.4012129297588
-0.24035011002888496	1780	96.19290177856368
-0.038726451213733526	69	87.82319499392531
0.20176702968592508	2095	69.94501423245666
0.07454964380121964	67	68.93380212085827
0.14439001787695815	2508	62.42297746767265
-0.033034788758413924	5242	69.16153862038384
-0.037889669315518404	1263	106.54799219270646
-0.04978400989148213	613	85.99099093776543
-0.04668972162085083	254	74.84306490604385
-0.09565097010386125	145	65.22345790832321
0.023975212765435572	447	101.45117278604317
1.1537417353889623	95	62.6491844370086
-0.028037827260959602	764	67.7287436252306
-0.1399028142836869	1099	65.83126856904885
0.11053074764731718	188	60.96602687697393
0.10559851130597053	920	73.87580967270856
0.08742435826093242	844	66.17518470166493
0.11671683660824783	484	183.59707137576044
0.022538328670634655	308	139.95269512768616
-0.032591619481991074	1506	63.009826095368204
0.08474069618569047	1038	137.42114368514112
-0.07798192610789556	231	74.27656801379634
-0.924642495788703	348	63.04820473993835
0.07122887853620341	49	94.09600072458504
0.033214778213277896	19	73.3909122623213
-0.05392673062669928	1753	61.24380025643151
1.1072917453275295	106	162.1987270597548
-0.06385482791210961	2404	75.01941667061023
-0.18085593458999938	635	67.85275904291547
0.7189305385863918	811	100.23913551498981
0.07917403745659612	407	62.14047781841704
-0.02533416833693991	488	87.13234877394868
-1.8833916037783638	128	83.16961669600542
-0.13520546453582938	2868	116.88615875548885
0.5336156302150812	425	72.75989315657282
-0.8032038810272297	954	60.138573197339454
-0.11173265340130456	1331	68.785679000181
-0.027155249968473072	89	63.3204539570776
-0.024240686881057627	116	144.09480942500815
0.016016396635677665	100	139.03753649476323
-1.232514700242973	48	67.71682924929573
-0.0006477343522419687	28	155.83273720337309
1.3724982231651666	1337	318.9950490392161
-0.009763955369635369	1122	65.1438068296125
0.3077841703188824	54	103.96860842058857
0.2109651714104075	672	96.44246191779163
0.2781548957088944	1552	63.042235677845675
-0.05991567869523351	349	76.02413420550096
1.3794233233275008	936	151.22703931387693
-0.2593297026601249	776	74.817276780548
-0.11324037467875314	1917	95.3728928123966
0.03620692619733745	933	95.91020693627702
0.1532973586472508	345	96.94225794126139
-0.009995500650347822	3305	70.69946300099454
0.022165267140735523	128	94.70558920504595
-0.1797589243199127	370	63.97560961653258
-2.9431571285315385	224	85.06468761080384
-0.6893507591598791	690	69.20110093602617
-0.03740467386501223	1849	77.30512729008771
-0.32682706624291313	812	89.52426548845906
0.038076846792137076	336	103.92466446239773
0.2645559696752571	699	86.97728684718574
-3.4465654859486676	1215	173.79160839398446
-0.039489914533760384	333	73.43662241279321
-1.8246290013339603	1140	64.08954051925927
-0.4811148512762884	1185	104.11447779161622
-0.14637710156239336	66	73.8659765715195
0.051831147757184226	599	86.22719892037468
0.03957478732627351	127	165.16027973293782
-0.07999489916528546	299	100.79150912430798
-0.013933272513895645	1255	98.99746673414226
0.01662111825703505	2464	68.01254153848483
-0.06124802160775289	961	77.40551860118381
0.07085436522993405	1085	65.30191100317899
-0.11599938338986249	121	102.93498875755802
0.5242192709793017	2399	130.77011601238496
0.6708334624636336	3831	171.72735609205148
0.057322752925301756	177	93.38435085876452
0.07076380709668229	171	62.37461656868522
0.13971306836515396	875	81.32455509605774
-1.6902883562338502	65	81.6932883053342
-0.20357834395576901	462	75.19478734504773
-0.8800580787992658	426	113.45471300339798
-0.18993034424374855	1193	96.4326395225564
-0.07462685096288624	705	113.58335098174673
-0.31565426520319306	3299	63.861057994596926
-0.012895809633391764	138	60.72338857007821
-0.14049946389241086	1012	93.78062339366272
-0.12501488373527536	1734	108.21034372860858
-1.1554225106738159	2055	208.0888757124171
-0.005439138549263589	1805	67.9473869201351
-0.1518757752264719	1781	123.99467817877164
0.46807232525407017	906	64.43042903013665
-0.20506543403644173	249	123.41141524766566
-0.11008495459645928	422	88.50380181123921
-0.05364380471360164	197	60.89177296370003
-0.06294969587270316	671	81.98925101758704
0.13742057283525355	160	77.3498457880707
-0.19265471617927687	1135	68.75385080674329
-0.050386147322114994	671	69.64965431332665
-0.07843079592748836	533	97.72550577452316
-5.985787375573636	1921	158.514973492137
-0.11098080183546699	1243	114.64811220527936
-0.0713783666396921	1219	194.7388823409502
0.1124916036187642	904	151.07468208118365
-2.0005854830760654	1581	77.1121536241372
-0.003154340098717512	1732	68.33022484020215
-0.0011524325373102329	1523	100.01260040196925
0.0812980571981825	29	107.86388646861887
-0.2942521342570217	457	69.52219839274527
-0.13681443523819325	433	64.25018722690018
0.17528266232875467	37	102.80450196683688
0.015077624235345866	389	104.4014802376939
31.939572571660392	47	411.7587721415514
-0.027155501408742566	226	64.7167936187363
1.784344231860814	130	103.3472194607169
0.003443548387622286	16	67.55075378340585
-0.10517530366905703	71	121.00996743669292
-0.721579856578046	843	73.22256854603843
-0.30935256014254264	825	148.5019692310536
0.028372218640924984	160	62.124350699302745
-1.0598851449449285	1057	68.55619489637755
-0.16620392800177797	827	92.11563082097047
0.005761625388004177	1678	61.8525120289742
-2.016564883124829	1539	79.6840146883824
0.1668005114472635	328	73.8868129118177
0.32489630641521217	447	78.17799896419623
0.2846133248156093	761	70.09249313900737
-0.09886179178761267	946	62.34085981547187
-0.2313328765831102	428	76.032152913406
-0.3701083974087851	322	86.69734859597688
-0.04864635612443635	242	65.96391653836112
-0.02394810657006019	2943	89.74073392078745
-0.44919634274265263	1051	80.61124364613944
0.3793290842713759	2161	90.02995047131957
-1.362910327875852	328	68.57168393500424
-0.06190464349856484	120	65.34809249992495
-0.03752194198750658	1389	88.85758523706411
-0.03275797336937103	491	96.94747181595302
0.030164164626512502	84	83.0296405874195
0.40889119790449513	935	73.88303197228622
0.3721346748347969	222	72.02468278670324
-1.1279063427682559	362	95.1442310025516
0.07887902454581308	843	63.60839361101215
-0.031051890200615162	3077	84.95923464882475
0.8303700570395449	939	192.99202049976583
-0.2281368896233289	30	63.4144830919154
-0.04718912989847013	1554	62.71051237027125
0.025266675042075804	280	120.66725095582386
1.583818949055967	1334	69.52572866480202
-1.5560744488921046	1989	76.96791280246583
-0.039456426919059595	430	155.05758010366426
0.07632680960114158	2650	73.9932494104098
-0.15970158369054843	357	70.80125440004836
-0.04206012113741053	364	61.789826912395334
-0.0009511715811640897	1330	65.36034962556596
-0.05742108757294773	1772	114.7647496862138
0.16722559150048255	2214	65.1917347953167
0.4225407028588961	3681	70.17543567716943
0.05668814725140692	653	60.68382344544889
-0.15952567344606905	1292	63.448216017635964
-0.09210114068810071	209	62.37186572629211
-1.0425867926951469	137	122.78245492422151
-0.05996578721487822	244	82.46937583949473
-1.170632231197942	165	82.03080301918979
-5.511652604516712	453	345.69429545477965
-0.2187505443534974	15	76.78617976569771
0.001903570315334946	890	143.41326867652916
-0.21724524066530648	1	77.13476922408043
-0.051254690067708	1306	70.78475489704704
0.03691960600554012	696	106.41740534877637
-0.45107513350535555	387	68.17479011391538
-0.0575049360986668	342	67.81682786857638
-0.24320928346242	674	67.63987771477639
0.052534604801621754	1001	91.73732073896326
-0.1843069836631912	2140	90.74848790072963
0.0893035310959931	1156	80.92020328967719
0.13552041235971046	1228	64.13658450644421
-0.23624192378611042	1318	146.72995882800734
0.03535335632727765	293	61.07731366825455
0.06794493687630165	755	92.1122135245193
0.057122460247228446	436	79.67376820451949
-0.03886146256036227	147	85.32546653481342
-0.07303698981195339	2355	103.26497185988427
0.3975717621251533	941	63.930289600504565
4.272152688188726	2211	145.55978310573147
0.007221572172966262	1199	64.15872206411998
-0.09239438142685685	3069	81.1554671418574
-0.035254402213467984	3092	62.9133483790165
0.3946910728882358	84	69.6279140140074
0.1131098939245021	1694	68.06610924823481
0.6493626515871256	1385	60.38404804194592
0.3327387502156398	1262	64.2719176701945
0.004337890917668119	76	146.94227528061597
0.5447020648966827	794	66.45762623787053
0.15110314891148846	57	79.38074678652302
-0.15941882337574498	1975	69.11052148200554
-0.004519497947057971	120	83.815612058024
-0.14931748400294964	296	68.38738836984852
-0.37778820572566474	22	177.70477088829745
-0.08935704782857101	1615	73.28432620921693
0.010711274219829647	91	63.298308215710705
-0.00025986140599343344	1010	65.53998126462342
-0.18548921544152108	191	79.89825516658378
-0.039964777208297164	1138	84.39937640126767
-0.06222098499802087	1131	90.47389231889449
-0.15185281384901828	227	62.15800346166725
-2.0081658612434694	611	89.88586869753635
0.1350566649416578	807	194.13728823564048
-0.1898806586586943	1043	60.63468751469353
0.17441258502049095	29	66.34426352971471
0.19475869179132133	248	76.43396741530395
0.4284884345443061	1673	97.92588631240879
0.019242370839947398	138	70.64617799054776
-0.04064803981054865	990	72.47055404873585
-0.6297720719167046	72	102.98977696275497
-0.10043556934397202	758	113.3349546677318
0.08071048307920137	2186	68.61682378442622
0.7655805501676696	922	66.40207510242159
0.21676850737890163	222	81.98311242088107
2.3301140580369974	872	325.81967732703697
-0.30881242887608096	100	95.97321244322761
-0.09108576322296358	582	96.06520027502938
0.05205704691434221	1533	79.6519932532785
-0.006282706629463064	1885	60.289002274020696
-0.2802501994717659	193	62.1147902259387
-0.09768836219336663	741	67.34608881012366
0.7885573720623142	993	105.17032667895981
-0.006950360172595538	2256	68.85078755327642
-0.02365653169658799	1299	63.46218523904891
-0.05416635525898528	502	61.2265110026704
-0.12069009798551633	340	82.32320662447908
-0.04393589774872453	345	68.14847922255787
0.0230174266762333	599	103.92410979729944
-0.33930545046314364	889	194.21115314996308
-0.30214690803995836	595	81.64614342815347
-0.010748118056653766	171	88.84109910053223
0.38050356731582724	31	112.8888051890292
0.01742070955606323	408	107.70191349045233
-0.05823254837287095	802	68.48961280007532
1.269741741631151	264	114.5895291574868
0.20901118508390937	440	88.59642533147542
0.03463332023420662	648	64.75791190172603
-0.25978194054005144	1364	154.33996118396436
-0.036579984829586465	657	66.23937881556107
-0.02155874652453349	322	90.56803991991252
-0.17519346718336237	248	70.5555410072859
-0.32253299211697595	45	69.87516356198135
-0.10891255552769508	285	60.80426543461327
-0.04004427310178471	52	67.22444550978877
0.012345901227490685	194	63.220449881299274
-0.010360545715229819	684	119.83226982057877
0.3405891769043592	353	84.52858512379363
-0.22451697606993548	175	148.93513802674244
-0.08936132698454458	2137	72.27138262385043
-0.22167541993530904	55	60.39210061742968
-0.03559234873182504	997	71.40360986903606
1.7864742555057092	234	111.55098797569369
-0.4860978482865903	522	65.9238603661496
0.06935978191086178	1913	123.60785278536916
0.02126217480804371	1129	62.58043263378671
-5.404597935616039	99	224.25527035327832
-2.4427666307883555	198	133.547586687882
5.569440054387087e-05	603	75.04551540891798
0.03900163315438476	3141	67.14773016429113
0.019210171634085782	517	61.36424554419371
-0.13503786568389842	228	82.01778615350241
0.41280815018626527	689	72.96867681407372
-0.67271226376306	2250	60.840097159410966
0.02269686780300617	1208	61.35037995959568
-0.035077104628726374	131	69.94085082754685
-0.05682942486873799	121	79.30222326732037
-0.6920574916512123	946	214.53891910699804
-0.08135746011521405	354	122.47036434746308
-0.060337893060477654	457	66.21498226737451
-0.2642962441750569	278	86.76263328158228
-0.48690701886243914	1305	117.82571296985307
-0.20952548272452987	1122	72.30067691438178
-0.08744068500163849	335	180.60550805080774
0.1318185305060524	495	61.11039943271164
-0.5445355370347897	294	98.30243970740543
-0.23389184750158165	3820	101.9704518736956
0.21715650784608442	295	338.1046318950222
0.028174782794849307	7	68.10152416148298
-0.09845407118609728	799	67.49985967593685
0.05685826651279058	420	103.88330740764938
-0.022551630934685818	158	69.68571233147826
0.43428787238553923	186	121.74150247669161
1.153934832263758	197	60.82026741862096
-5.56006688452544	1136	185.7205529396226
-0.050566201487526996	340	69.96670794344804
-0.062375437079481344	964	60.30926695204456
-0.029398017880339467	746	82.03959899823523
0.6585732987537085	2216	61.61201996469396
-0.01935725876410288	100	118.94150549446519
-0.00910281075630337	1540	94.14387625768605
1.9035725752682993	1769	69.35348026948188
-0.020660015135035792	303	62.075814722152884
-0.037554204023763305	465	84.280832946373
-1.8612842370148428	3069	132.85514145554544
-0.041936987079679966	674	172.91138473412258
0.04835876379229376	1628	77.92215967681967
-0.26195320799661204	1923	72.05725546425182
0.022723144065821543	723	60.60658921424275
0.578780312406252	398	62.95869314025155
0.004352244333858835	900	71.13596790001047
0.1815533580383999	1334	62.553049551908565
-0.6773984343940356	1060	93.86497134066256
0.007919469840317106	595	60.95359839863843
-0.029080152634378464	105	101.12062216313927
1.2568430479295785	1093	186.18829026699032
0.16575534624644206	795	151.6931497009148
0.020883782606688328	946	105.64799484439433
0.24861100857833662	764	86.35991419525175
-0.6321586992926314	268	82.32196100595328
-0.1569504274375504	1214	116.81707171657416
0.2816131133668023	528	65.67573061281482
-0.23762548417334983	411	63.737065728799074
-0.9706298241726472	47	206.25991211894694
-0.31713079362270946	2836	121.5858267565088
-0.01207871583483211	36	97.11429146366714
0.24452733069574606	250	88.26342744175413
0.3430845626314749	243	74.34820466182673
-0.27969769852916215	637	108.22746761222565
-0.043276660195260774	1944	65.93881906783875
0.06936542025277959	452	80.65492261875144
-2.6845164175974787	499	259.33511719044935
0.0014111282252997626	146	82.42118760373133
0.06048014319367212	1916	62.70968650848407
1.1601378203667991	1535	78.90352293345116
0.0025335307473142166	663	60.72813354177398
0.1370503638736409	2517	63.17629531457519
0.11355094130885846	1147	82.2124918394867
-0.18460850046858468	750	94.66360588476793
0.016608109787739522	542	88.60034572827469
-0.025199038011123776	59	213.7616127414064
-0.021123320061178674	3041	61.61524941036954
-0.11334363797527658	471	66.74774325372961
0.022660081080630334	1330	63.76767542071794
-0.17234208193167433	65	73.49649231686456
3.472733217269706	72	186.5037454669834
-0.19345762920056586	714	63.41622584849489
-0.3658948563324884	7429	74.14899938684204
