# Memory Log BF	Trials	Network SNR
-0.3838156380588771	550	163.25340725360525
-3.5873400659374965	551	77.5532959512948
0.12056470274274034	504	70.89535549706005
-0.22408291860347163	113	80.68873670174864
-0.09725498751140549	1609	60.279234958364825
-0.5682402768961765	645	62.53456183264016
-0.7060219610984859	179	76.23793824427685
-0.11317435550427035	1185	81.7925190307321
0.10609270829991146	73	78.65402405585627
0.010655355702283487	1896	64.38127663542431
-0.44571768017112845	1163	67.34859608408466
-0.011952958322126506	1312	75.97032263267619
0.04208478693976758	1690	66.92976101938815
0.33458740790683805	1866	94.84890790960064
-0.28979937647500265	164	60.43603073116212
-1.8929312563159328	955	179.5969068202881
-0.04268099717046425	375	85.91594466881125
-6.256678290315904	1494	229.58126319397488
-0.07324090770816838	109	157.60014948243415
-0.4140831489712582	2001	81.64705228000672
0.03884366444117404	648	61.19043975951324
0.6695948415413113	1343	82.47096081747303
0.044900072955897485	671	72.14085605566025
-0.30607816585393266	629	68.38899748109314
0.1104941740054528	2009	69.4015732947907
-0.3709345463757927	920	63.83735948206868
-0.18373229333246854	528	94.60670311872828
-0.045728404239525844	1172	74.77443828233429
0.014865349108731607	186	113.34256933991925
0.006008591084537329	209	116.67145338352069
-0.44826483872020617	565	85.01356623230706
1.2713127614742916	2914	77.4235724776505
-1.2190368425963243	51	83.70185175694162
0.0012128722778470546	843	67.33415328543666
-0.20823505537009623	899	175.39156382952817
0.0378328690771923	2127	64.16933731036137
0.027021567520023382	351	76.87926406704199
-1.5278100400576022	2334	63.692931297329444
-0.05613746885182991	889	63.905976794241106
-0.055244870081878616	837	100.19150981271812
0.3210765572403034	142	158.64969492297578
-0.20080848710313148	2122	91.33453163809219
-0.024611725392787775	525	62.72153994498423
-0.017316671982825937	509	78.73493664847607
0.10446104670336354	2253	115.99590072129955
-0.5463394732978486	1067	80.81350586654312
0.21702931220352184	2803	90.47709112763745
-0.11886852909947265	5	61.12519326529423
-0.02672254228627935	1065	76.84608627415354
0.03397049248269468	922	85.85372170985208
0.8441960379714146	1117	71.56679134998801
0.16375281498858385	2593	72.31158599955893
-3.5286005750094773	910	148.8411051169617
0.15956101335268613	1832	90.27215317591595
0.020063808073700784	1425	60.30920595853801
0.2664941730733972	10	70.00379035876087
-0.6093183914631481	1059	82.36358214854938
0.3908616869052821	1889	77.36278102907856
-0.1517535969360324	61	143.22205377555147
-0.28465540960723956	894	73.50193838921003
-0.16882335390982917	1954	98.83851761978359
-0.05923025459651399	270	83.12695251244092
-0.10978665542779709	18	80.4625236018025
1.216133102105232	36	168.46652139168515
0.06830125540091103	1325	125.76687286608232
-2.303522094228356	282	77.6249150014568
-0.04473462753048807	270	64.4829989442362
0.2622591739491327	1447	365.786587259703
0.02945790405601656	1919	85.83584621166482
-0.4060831512815639	907	71.02422884399188
-0.17896065825152618	505	116.2905117556204
-0.006181725628266577	1638	84.15287647393906
-0.12230447445290338	429	93.1013878044651
0.15768631699756952	713	74.11540125632011
0.1479540243071824	2929	88.87263008630386
-0.05913632609644992	542	72.83892533249943
-0.04053571214240037	1043	75.85606416558123
-0.07007489320540117	708	60.92284681057904
3.132844298539567	109	115.76200949478942
0.26448490269558533	35	94.98533194383884
0.8477615954961948	622	106.0053555870333
0.1280953026989664	1381	70.29845427979171
0.03078383194588241	5	83.63237368744088
0.04976500594057143	1484	109.86520044536222
0.29630802994415717	2972	66.40965378782164
-0.23935790021482717	306	79.02823760309549
-0.029016179547852516	3794	64.29586324444348
-0.06627621336156153	782	89.50418352983235
-0.3168082483589387	810	111.20350718154808
-0.09825890718184382	321	64.5391947351711
-0.8706191195890369	735	79.24411378113255
0.006828315911661775	894	68.0845842825578
0.08900548887959303	1891	66.32207306497526
-0.23710612272475373	584	76.21150563939919
-0.17242893184084096	695	105.56121941734037
0.3531308545561842	408	84.83851720138011
0.04393797675766109	1585	65.79405325903066
-0.01901440033725521	601	84.50006609043777
-0.2996996959536773	340	111.91024859888647
-0.11071959600258197	729	95.50233488949968
0.19039471140172282	429	82.86467811216156
-0.02362920027326254	667	64.78211515058995
-0.26337465192818854	312	60.24947062492128
-0.2721519709657514	819	106.69365950460984
-0.3318911419992219	434	85.17986555146551
-0.15517658613316598	424	147.46807293314015
0.01696687597041091	132	62.23238558217747
-0.18641379018754378	176	97.20300243208794
-0.11411410487471585	718	88.1256146470865
0.012423335712583139	342	63.95566125232024
0.041152744690862164	13	63.01963750444602
-1.5911260267373564	1128	66.6824286773788
0.03902935871064983	1054	68.80213927648722
0.00603080897781183	620	103.45436206849371
-0.7920316684817408	81	96.73295566839617
-0.02792851801495999	627	78.69540198624519
0.004780168401339324	111	83.66536254120756
0.004533173469098983	774	114.71493083506014
-0.06310014330711056	85	71.8614202453527
0.9940256080744803	108	72.92338747979377
0.2663261305351625	614	247.79717007145712
0.03669128502224339	230	65.67879406745732
-0.1376845689728725	638	72.9745815201676
-0.13260678924143576	2021	78.75269468684034
0.03935291475409031	1047	76.89024417497846
-11.108041678264271	56	422.0558787467853
-0.33778726442915286	1158	61.99780147035899
0.03469474862640709	553	69.58544343119414
-0.04395169658346276	65	80.96919626863198
0.017827195514655614	944	81.12620991624851
-0.021098828699905425	3046	89.8728144392598
0.10485853877980844	1456	61.29953381923337
0.030169290564117546	703	71.02149642634795
-0.017778656622795097	1363	95.19232277379078
-0.1006480070291218	540	92.62852427269293
-0.07257351003499934	962	152.35124595122318
-0.2893211549026091	635	97.23421073056234
-0.08241951001036796	385	173.03981561091067
0.01310898537576577	4372	73.16012992917875
0.0019132110091959476	604	63.94886351716454
-3.064257631698638	840	210.48218589938256
-0.045467126637959154	11	90.5751887688395
0.32121632615735507	4	89.22178083445027
-0.05906353383852547	1163	97.6932637948829
-0.026262055635015713	1589	212.21505386164907
-0.04460294640512075	334	82.34721223896946
0.7191370406417263	616	158.2713696385407
0.0485950840006808	337	98.79976366040142
3.269233786038967	525	139.24205772612297
-0.17347780910768051	3218	164.31862780890032
-0.3568810684780601	748	73.46422165584872
-0.06888291057293827	1984	90.39756938183025
0.6798960324472318	159	80.89541998251634
-0.00645992775389459	1518	80.50859461518785
-1.2064356557766587	1619	177.9623666073629
-0.006283406477905373	583	62.0112612729008
-0.0438795826257774	851	87.52077121541583
0.01675415975296346	671	80.0353490275906
-0.10244189834384088	544	61.575990622342054
-2.2313644067744463	1347	75.7520388174179
0.5190118727500703	1558	70.95012556086118
0.036166421390589676	658	88.34102048591272
0.06062308157743246	1503	149.3190841407103
0.0518416299510136	1137	87.57674971630125
0.941929546674146	2520	100.76904373955156
0.02250740614181268	19	71.83636335195617
0.014958253128270371	253	82.51212116536118
0.9602710642648162	279	87.96522369031317
-0.012870229495547392	442	69.1082507452972
-2.2995518042771437	384	144.25638036652214
-0.014055406824354577	3077	83.76462051693724
0.11644830613249724	778	88.91167047264932
-0.03544599248471059	1037	73.01791388006099
0.12558544365356283	1160	62.95595091438772
0.7561313106925809	29	72.74951198552053
-0.05164701240755676	613	66.43209201815544
6.252776811905278	1226	169.19066742690663
-0.08625546162875253	340	162.20649998617597
0.42569020187056594	243	77.78825787895099
0.023706012310867663	162	102.29422099842249
1.427227184192816	624	66.06781861780163
0.05444938928121701	2089	103.44000440464484
-0.0633969748596428	2326	114.79459132802694
0.33717366904966184	526	73.60702468694865
0.01698708911681024	65	66.30743481288441
-0.13836783367787575	161	96.88903236737063
1.5428370546824226	198	77.10859930624324
0.14428339444521043	2846	97.57426395833164
0.004555604926281376	1118	109.53554553588982
-0.032640135375913815	215	80.91326143443096
0.7499728576424332	666	60.919483514524174
-0.06582910079714566	773	93.64035937808454
-0.04543599460157566	668	71.29158306101027
0.0013820456588291563	1154	72.09672046251018
0.02437987587313728	132	74.6427300602425
6.727292119699996	2640	276.85472210081946
-0.13955867589947957	592	79.11227764909903
-0.03583565877352157	45	104.343248637251
-1.105890455854933	932	75.80890154058017
0.4637872668372438	273	132.16412638525242
-0.09829715202431544	744	115.8751026659544
0.011569297250389354	304	78.36300445849884
-0.24381197252023412	1087	129.89665396563117
-0.0980086226372805	541	71.13770961275956
-0.01668875823088456	332	74.33210895069934
-0.5673012181541708	1160	133.098795030847
0.2845992447319077	755	60.43818802259047
0.0985942124561916	63	78.48001567997134
-0.06693991079464467	4043	67.10044745772345
-0.07885117286787136	696	77.85789147307037
-0.14579928049988666	144	65.66095467532827
0.5666533288117535	1133	61.63011527354776
-0.47205796757543794	694	69.19354143333196
0.4006323665198579	241	76.50461298136487
0.21314210122091026	136	86.2387004878974
-0.47580524825661996	986	78.80046214863529
0.014963052912207786	864	77.88583092707708
0.7949395733066922	279	137.04323609374276
17.674188086253707	1402	505.85452972515367
-0.09797150642134511	464	98.70454888112383
-0.6846127215685556	195	153.6773715432451
0.0594888118180279	83	73.48474383449918
0.05841860329655901	1002	73.22931914445489
-0.37421702829306014	53	234.62033715926663
0.3409925479791127	2051	85.67706876227972
-0.017130902724602493	168	85.38313677835123
-0.01278328165108178	763	73.14797987990258
0.5540001862470945	414	65.29111891017033
0.07813980412811361	800	60.486039109536335
-0.23140879992297414	798	74.7420559482804
-0.06227409551161145	2039	77.16318412003851
-0.8533729363480234	147	237.42082562893353
0.07349135288677644	182	65.26969495598864
-0.10800295313038077	297	90.62566372300448
7.666881671599185	607	160.99317627724344
-0.3492706711658684	365	157.61705564694205
0.01768614501452248	225	62.6327422091905
-1.1851515675971314	1214	80.96614489868176
-1.1935087139718235	117	111.61474388416234
0.07174528496625499	425	78.2677543643568
0.08722237896927254	1819	61.767187937072606
-1.0777034143802666	2512	60.84132874895272
0.9991209656382125	332	136.45754037968723
-0.06567693934039198	2787	61.47405287740526
0.05595494018734826	114	86.25497538536976
-0.06492157040702295	1016	61.526074219858074
0.13840825500710707	710	61.363049999092446
-0.05254591723041813	3008	81.62309090891841
-0.060223963605494646	1819	81.62128557359509
-0.18561586015675857	1241	113.96450908430919
1.7828972153718041	1178	80.15995471702344
0.04674124414486869	735	137.83334737260697
-2.082544460270583	2537	140.80092934005185
0.05713979801430469	317	60.040608137891006
-2.5620843797948964	208	69.52701320668906
-0.10101061434124858	413	114.20877066016857
1.630423952635283	42	65.74780364948923
-1.2765162580990363	2429	102.9152293134797
0.061473682357700454	1164	61.99912784541305
-0.07387543062486657	784	64.0942708962192
0.05190761058747739	81	87.55839305312993
-0.04211555902929831	594	86.6235530565237
-0.05446908058843292	315	64.02735850645554
4.594180809068348	1080	127.02114241310043
0.07413081737468019	472	151.71109518964607
-0.05191794599636523	81	68.05735213226973
0.20090607030556384	5	65.27991595328166
0.23078436538526148	638	153.15844339010548
0.061145921218667354	554	74.63686438206506
1.9590248241293011	1186	478.69984454239034
0.02667613984158379	172	132.33582546996385
-0.058204111071972875	201	217.3419578555219
-0.050242959696333855	214	113.04538990937411
0.049570130266602064	941	60.38738580053373
-0.013281257854487194	611	87.67245797539519
-0.4584795880518868	325	86.60308982889924
-0.13081740909433393	121	71.57511036154324
-0.5162806712810379	991	79.02883995171618
0.06449157655902127	82	67.35214704911333
0.015600899919263611	17	71.06347772111818
-0.004632906190636277	564	85.10572152945474
-0.12615222236172485	2700	76.60959157032843
-0.11713092794752811	980	64.05179244113008
-1.4634071081873117	1457	111.14511727265968
1.8204690179118188	1410	162.96972289112634
0.3517614589381992	604	90.39730500689208
-0.574203347796356	918	68.44998319163517
0.02311572469170642	2832	77.17893907444042
0.2347587559297608	120	108.28677402718029
-0.5624840615864741	262	97.49039197262236
-0.1661838196532699	265	109.18666707249214
0.005498064196217456	713	85.97048582815613
0.12381363884560415	952	61.894824295053475
0.2829279566240075	632	75.84196518779616
-0.04926320003642104	1341	64.03898535357594
0.22562163171323846	1703	78.60324488238187
0.4559373347228757	680	71.70854339804472
-0.133449089907117	1162	82.47627652141317
-0.022387826298199798	1802	60.750857982778456
0.13259763443056727	315	69.17327227169174
-0.01942803967904183	311	63.78831380768846
0.014860242686154379	761	92.26688908505899
0.2337673329111567	570	60.85984316828829
0.14250222961891268	504	71.42717667316067
-0.05703739908744865	1386	64.00947133745055
-0.2036808706661759	1857	87.56236802792733
-1.043457532879529	1105	62.53176601994747
-0.7767123320227256	11	103.10941335070662
-0.0389629216706453	575	67.87406576382911
-0.007196496676215247	1408	63.609757297823464
-0.513380486114329	462	64.14761145184777
-0.010581683940927178	1755	110.45762017112354
-0.029246966352275194	1294	69.49832101323805
-0.030359834884620795	28	66.86959103835032
0.23132298358245862	108	70.74559943152285
-0.35547212060919264	324	76.86770538653136
-0.16429176179462956	82	71.39490747781498
-0.016188910648452293	358	68.31760166823716
-0.24512639326894714	529	100.5291182017518
-0.04780511925855535	570	75.90095720232905
-0.34653610630266485	2361	60.637868137584576
0.0050614183473953744	166	88.14899000796663
-0.3849146461561759	512	126.79866058848232
-0.001605126992217265	1112	76.91833019616209
-0.2061509517329796	650	64.29742298556639
-0.0056424080230499385	865	98.34349562622741
0.4393764357737382	548	97.85635016767962
-0.42423043378403236	342	72.8391748759721
0.6170069743443491	669	63.82081223450194
0.3931440763572027	994	107.05944538532843
0.35991998792314916	167	85.36337078944757
1.1547956096255803	119	337.5100981003678
-0.19488880026165134	105	79.8175145928107
0.23953244402127893	191	89.06983017734981
5.897729741773219	5161	342.11163787612645
0.1418338498920093	38	75.72329431340671
-0.30723610484346864	35	60.920182299113804
-0.0043370418557060475	2204	87.97183331584765
-0.14758034539136133	569	106.70955258933813
-0.02373458669444517	399	77.41223789633838
0.1076428442966062	384	65.32229435722209
-0.0032536436647205846	255	98.70720025357987
0.03869910104413066	984	94.09012494286154
-0.04693870542178047	446	108.52345256126996
-0.009077855826490122	323	63.700562154315314
3.423079278007208	1420	246.97446943202425
1.1002311690003808	915	62.14473456001412
16.615761323650077	684	343.1702451486836
0.8931718240201008	476	569.1122004080402
-0.3668162489821043	1415	75.38117745667448
-0.2232613500750631	245	77.23018849991848
-0.3332903702794283	221	138.43510269163656
-0.13657860320563486	966	98.66385333118464
0.05977399469338707	266	97.53322806156336
0.03539285847273277	1836	61.445092310520934
-1.083432167218234	4780	127.69227601537523
0.09965790675141761	1714	62.39898300997488
-0.026506912512331837	232	73.22222034822927
0.428053487701618	2233	83.67436418977555
-0.03036323639571492	432	123.17983532098083
0.019217801389913802	2581	77.15889519111265
0.03974946371090482	733	60.66748979765618
-0.08337805689552624	1416	78.30300177766112
-0.40403414829461326	1221	65.8351841855977
0.04502282526482304	316	105.69194430018422
-0.10568380036920644	2154	76.26468702161401
-0.004734475510304037	2610	78.71551056637786
0.23611943068681285	1134	153.0819511884945
-0.07771849723576452	2136	91.92612787702836
-0.07968189645544044	764	69.59088813079
0.2597184077899328	1980	60.49647052375664
-0.05573010289481317	390	97.92796754678963
-0.06101023442988662	832	77.45568062240373
-0.2093652672456301	1285	86.12772914266438
-0.6640066633008246	297	81.8960976982569
-0.12849323552563874	589	98.1326692977863
-0.09465557494240784	235	127.18931187806784
-0.05217987964169879	171	64.35427072237366
0.1337823695876068	253	78.67877894569457
0.0007317680292544537	1188	63.33351900735019
0.24720016299033887	259	87.46850527359702
0.19077161316454294	404	110.58322251552167
-0.04209543163960916	297	82.390415832371
-0.018788361278211596	126	62.695094122323745
-0.09207972305375733	2740	174.65966300243335
-0.07594132909707696	28	64.6359759328514
0.030299937943709665	736	81.1254720507305
0.3435177591718457	976	139.28294476722388
0.04254058776223246	742	64.70935354299228
0.01124643989805918	435	77.59159881671278
0.13732187817731756	2324	97.29796727608283
-0.10927208911652997	6523	74.46244455632119
0.029328279416859004	226	91.9832041943713
0.12154722379682426	551	86.351682784815
-0.0014193890442584234	528	63.47327287846382
-1.9203787986334646	312	192.83860383045422
-0.3616314641567442	172	71.92882214157751
-0.33178841982044105	265	102.52670371871622
-17.58604705954349	810	340.06690031583884
0.2286963911519706	168	102.30046510057346
-0.8665333967510378	311	212.94069491454607
0.3854064484585251	1402	179.37221929426008
-0.08524911978952332	1357	61.57581733105685
-0.04370626086915763	1641	73.0655553501148
0.7947172940680503	699	62.890236554398044
-0.06379616888079909	535	76.60064296118124
0.16241332830577448	150	115.76976779094223
-0.0762598801798049	28	71.35524483357152
0.004042102607400011	1242	67.22359532212084
-0.14760914040380158	950	171.9139600702142
-0.06964524959039409	607	87.30873778231597
0.18961469618079718	512	66.19805452233682
-0.02405530175428794	257	65.30222970205085
0.16724189497017505	170	61.2000654858039
-0.013389213168920833	1141	106.3518204471694
-0.02114300603625452	143	73.96183837672933
0.2683175871434287	472	88.29901224458422
0.07621280500279681	1746	64.73405908192187
-0.017782365513085097	4257	63.12052426678678
0.06955020893997244	1716	65.59275439473288
0.026352355618314505	786	61.382148617278915
0.028252217420231318	17	117.16990162964143
-0.9349809187342544	264	61.118499262403084
-0.004503987824591604	496	65.3463148728817
1.7172139724934823	1465	414.1240496177015
-0.24408875765311677	8	66.9107694892887
-0.10068888141267962	1046	69.25715881922292
0.09754696425579823	1433	91.75219388380938
0.06542886980378171	261	74.04234071001545
0.40950039146264317	159	89.5756845686949
1.063265827567193	459	119.84795899638686
-0.006201805674209027	1390	76.52538010993065
0.04646841473550012	2134	70.6196724794839
-0.15454469221231193	1120	67.18854755163947
-0.055720888386076695	200	60.885587816085405
-0.023901496685539314	2752	61.368001658113755
0.06321353106250172	627	82.54759024185407
-0.051217321651620296	606	66.33446415243733
-0.15307098363723526	87	68.07509549806878
-0.017309993601884344	1074	107.18581022125868
-0.2928529306632299	84	66.21531917635474
-0.1293141620899405	255	75.33061003885147
0.007185691274571582	614	69.53020187220129
0.011500533976686711	418	89.01253031644322
-0.14778749610923114	2219	69.36847854200646
0.09810599384763918	1388	92.59712408840942
-0.1214633556219269	1446	65.94016213530783
0.07894368083725567	1773	63.83797433752268
-0.12276429973553604	210	60.231315537001144
-0.08884344768353003	82	72.07106824350187
0.3677160547681524	237	63.81575343231421
-0.12895208547251968	1545	78.42292983801063
-0.6619904637054788	868	61.12938889407726
-0.43526921309330646	996	72.11626008791585
-0.4846527715267257	521	75.53566418089248
0.5131530216694955	466	88.09433525832753
0.6461646072561962	304	76.46420600832506
3.381486984966614	3108	267.1331811541597
-0.005491480104865332	1226	72.99812409125025
-0.10380129407622007	2349	72.69709718328431
-0.04175682828827121	2356	84.9916105057269
0.9635692265437683	801	148.14796222960808
-0.12887185329327622	1428	118.34542058366078
-0.04795541455177954	29	75.70047916634434
-0.44925540170788736	164	60.156581483200405
-0.0029034814283477317	116	62.16992470525886
-1.5896156536164199	163	85.89622678151603
0.0024650518712405756	924	76.81513555041201
-0.02096487494191024	796	99.43445602224983
-0.13930560763037647	1688	147.55934106588037
-0.0650481882571512	616	80.86734147499762
-0.05721998378248827	369	122.35279795893767
-1.9320783756511446	1040	131.45880160098469
-4.228044396735186	1588	84.77755526396392
-0.018008999699304695	258	75.22488463589383
-0.005460627170577936	477	80.00554447248808
-0.08062546074029342	584	76.18649051996016
-0.09972611879902615	62	69.25379117640179
0.005355292976673809	1486	75.92957512332028
0.3032548710179981	69	333.2742741273915
-0.05539312754990533	1217	155.96151147047243
0.02655247714210418	583	95.32437790542305
-0.9459015113839087	831	70.70174186382596
-0.22127788041052554	398	80.71634706431512
-0.10094647927508049	637	68.67011748620543
0.13955216808858495	2552	65.01628053008474
0.029109842873367597	1361	112.43482836016618
0.014620700406339893	1616	66.54300299038722
0.9140201889672426	658	120.68050425691513
0.4080587463840857	930	68.53073242978176
1.5956162480993044	108	66.70969778974445
-0.36163212043902604	1001	111.0975267188435
0.11016534540181055	400	78.56759378079188
-0.819052907862897	220	87.78578657282894
-1.6092451144231745	75	90.09589605006686
0.25875932002600166	398	64.37896163434164
-0.07932613398065769	168	67.5248104121874
-0.2623090618844799	1929	68.44667310414381
0.5241578750828921	69	103.99601261689087
0.09418268865283608	683	66.51890934603155
0.0033260548498219578	2107	75.33228135767447
-0.06841922867715766	3741	69.15832223671599
-0.09247248922201834	244	68.38458044479474
0.36855168499914726	835	65.54472378729233
-0.12418564160725509	422	129.2357115567755
0.04025899074986228	1709	67.65271471762014
0.18563778856923818	234	70.55145202848442
-0.09479792066713344	1878	60.17664289612805
0.031205655622216	872	61.816196815576674
0.01654563299621259	880	63.02569648663261
0.6288228190642258	147	102.36099271037793
-0.010846895831491565	2712	85.49834801112176
-0.009734095563544543	2662	107.2389984602432
-0.10066474855739216	1026	80.77308530441098
0.2409357581398126	7	62.16475030890015
-0.35251584439993167	123	68.61198210659099
-2.204306662777526	2893	113.23717641171147
-0.5920117639611817	526	73.90988826388791
0.0055683818809484364	400	82.32377051288414
1.0616057941697363	919	199.69048144152598
-0.13563044358215848	1183	103.22582190191584
0.5901013110315034	370	85.66072013800246
0.19938589101002435	102	73.23364990392103
-0.3952182530738355	817	139.46478247300544
-0.003884982134877646	357	60.798314604548864
0.05047383203236677	542	95.98071133634187
-4.320073476796097	1196	182.24708960926793
-0.05337784007406299	975	81.74629560852635
-0.046383246631648944	1170	76.21848010121624
1.5457107350830483	293	111.68298452235393
-0.2623679267753687	36	118.40587954605789
-0.07867369905216037	192	84.54234079503196
-0.0434327352722903	1045	68.19358222947528
0.10133237029094744	1508	88.6585719493349
0.051792387803288875	774	165.4979552304117
-0.2837159565069669	813	92.46066048426435
0.03951150256580149	406	128.33549166724637
-0.08177482121618596	3186	75.96393628371015
0.10500529945898052	81	81.03773025768868
-0.20367982190668954	115	63.33086462350325
-0.0846412758041879	16	70.18873228148703
1.3028026499669068	623	391.47237757789503
1.0373054375841093	76	79.29434473743575
-0.02616785239206365	168	61.29022930060014
-0.19693115186237264	808	250.95145749091438
0.35106339784761076	663	86.82518297825808
-0.07653819812821894	50	70.47023048779458
3.295277848257683	1705	475.7245988684768
-0.3358356957237447	1753	70.06154179087332
0.6531183226989015	262	63.67223325147166
-0.08052927631115381	1445	78.32716729801359
0.0013863178687643085	40	60.99845965509951
-0.25150048410887393	1175	71.44600277472875
-0.4738757292880109	1284	89.9395935770571
-0.6862797038338613	1089	68.98563534910782
-0.03846056834117917	825	64.25627612626042
-0.03675628173346013	971	71.22372086258551
0.036580263873474905	132	83.04217023150439
-0.24273764475765347	1891	82.85949186619402
-0.4885795659483847	700	77.39988423478275
-0.09425282598112972	600	66.60817665789575
0.03239468333504192	309	85.9477853729918
-0.03420659829498618	414	76.66669648599797
-0.026178325630098698	4690	66.81718207848726
-0.24231706764317096	1166	73.71818956456426
0.05400157856183796	593	105.09086623976039
0.005503915878307453	259	97.29070855636206
0.984794749388584	26	70.21945847657682
0.2133853779232595	118	74.32393644794433
0.3815695576788585	2596	68.6671143207298
-0.5001501037477283	654	157.84889263284558
-0.1386090971077465	1755	80.27591250412038
-0.015095932521035138	2834	73.63587184110482
0.018945697558592656	1129	112.29553839194034
0.8887052497339027	832	60.27215288147391
0.0610004393656709	7493	62.65729654944389
-0.00991104427657774	436	70.1728171168628
-0.04080250890638126	581	94.00374717971216
-0.25574839839282504	745	78.99147174925609
0.2489751625662393	1645	73.29635653452418
-0.24474152069842603	705	63.709526265584245
-0.17655610836982305	447	63.66370774614684
-0.12087916119526199	927	90.61830535952217
0.8296776396528003	363	83.07455567367873
0.08288838500629936	1045	156.39002845220298
-0.4941978482529521	147	128.80338353658573
0.24419919972501702	1054	67.34049861375175
0.06137712105100945	731	94.09859951739068
2.4237535746397043	2036	108.81229553677113
0.034759436240619834	542	74.21530932770605
0.035489377500198316	1288	134.47992204107058
0.08415367041288846	222	65.79264667075142
0.05852120182589715	410	84.30937696383047
-0.07568078172630521	1461	73.24717608579232
0.0755328328914402	47	65.7172735218081
-0.2642887669662741	1046	92.94156525598328
-1.7954648483600977	2136	84.30181905497976
-0.45253456077875853	2260	77.61551857022722
-2.0500714698009688	642	69.18051739341395
-0.04237227486237316	907	79.53413532888536
0.00157988078717608	387	85.31631560070399
-0.10956295434425556	145	87.41853006926118
-0.025389529561380186	102	63.059387047623545
0.6974463965561881	103	161.86020824314377
-0.04275344366669742	3440	87.72256412241552
-0.01959034086758038	155	93.51866948527638
0.043832627023220994	1548	74.38256188152116
0.02545469300230252	4336	68.5988927183716
0.13025071771699004	624	306.58904722138715
0.30831064344965853	103	106.58367339853534
0.03912658557055693	102	73.56946420754826
0.49367758275275264	374	60.97937117220634
-0.1462515985731443	145	66.58203259605179
0.06721826554712607	456	72.70053323253391
3.113267745811754	44	135.68136051009384
-0.2343534065012136	5	126.14625961871828
0.10874681094628613	315	73.95020563622967
-0.06150601355784602	2602	75.19772589012165
0.894343613476849	1	88.37234684558355
-0.0664670247824688	1609	199.36240134939084
-0.183590512830051	201	96.10950237702053
-0.12760423695817735	33	100.23012686112267
-1.89231672107735	305	60.87444745215877
-0.07318045995998546	525	75.74439691487905
-0.2628294909009128	440	72.02895806579757
0.4835723212850098	39	64.79108142036162
-0.0677028941199751	2336	61.07016079078668
-0.3224996113533507	824	74.90196945743214
-0.4708751760576888	373	65.45945299248768
2.34622374083483	2578	114.8390982024167
-0.059252133669360774	1208	85.70946720232342
-0.10673629697748765	561	76.28429170821943
0.35383022521273233	1103	384.21209955458414
0.06194661944391555	130	115.09759219347576
-0.06745951641187276	2660	83.1684256989585
0.1614645792178635	154	95.24725232584652
-0.039532925962248555	1038	75.22981885894322
-0.0275484310441243	101	90.95962599560792
-0.16633582697613747	917	76.03591430175378
0.6702136340941252	415	63.69041664820231
-0.09714148439070414	926	77.86533520365
-0.1690601235586655	678	70.91192229964805
0.28221535902048345	946	97.9219104916729
0.4773583938183492	361	60.14685995335013
0.13278021579708366	827	67.4712434094373
-0.03634738396908688	407	67.77743517083609
0.04753434305303017	416	64.7586376408655
-0.08097814179268426	2146	61.506088455099885
-0.22719126039373805	3520	69.75590232122666
-0.4565240445663221	3567	90.78108607164036
-0.07051153253769371	340	63.800273169755584
0.006909247726071044	811	60.51124065765293
0.020089215871848864	524	64.0221885508458
-0.01827141342982941	316	70.84963651887595
-0.5328954830829389	118	64.81041936272267
-0.1556043769955977	1098	67.5731139952152
-3.4177769121124584	969	236.7263547696333
-1.032024794496465	1078	66.42097590966165
-0.0622007848442081	113	61.189109494466265
-0.06020776280251994	243	60.533873137617825
0.2553684771032749	532	61.28637026008897
-0.15027004055809812	1015	62.59967496522511
0.43699767206180695	68	91.61855776773075
-0.5886837331627248	117	66.4047417157376
-0.08949599532161301	1169	60.4627892167479
0.054155382833869226	713	66.12225202136675
-0.00838035828928696	208	70.0952652447433
-0.012572356532928097	847	70.15274886233439
-0.05955026743686176	3	125.05075484359226
-0.21329164029157255	395	63.42097610568516
