# Memory Log BF	Trials	Network SNR
0.04529704980268434	273	103.42287829515492
0.23579264859222349	387	65.65466851561892
-0.07725724862439165	2334	61.90507207470591
0.27460951022658264	535	65.30572705399024
-0.03237426251416764	1576	77.73159359463274
-2.8031185253871627	100	69.17088099037043
0.16765121500566238	738	70.33972393219146
-0.07375729924751795	1374	74.79572765079583
-0.08028137181372585	403	60.31249008070788
-0.1975767644125881	49	127.03195654305617
0.13016656330319165	864	64.00625341410883
-0.07689352077272815	2898	83.03653142830026
-0.10741655346146217	428	94.38837233089491
0.2154718259771471	296	77.46262075986894
-0.060890184875006526	161	63.39679077859795
-0.47472781606029457	129	66.45870365266624
0.1383688268106198	259	91.31133634707923
-0.11528668466917225	775	87.60194802898704
-1.3500975643328275	212	68.4551502649935
0.5576333043572959	41	74.83030549539544
-0.46079945054952987	430	64.9427199846104
-0.19101606446884034	1465	93.2636780683791
-0.43219559064709756	285	83.62548359835152
0.03639090335218498	260	115.3547562983009
-0.4351745947114978	347	119.90559852914595
-0.21417613017820258	163	97.92863682915127
-0.0036502376869975706	148	62.74334963449883
0.45138535540695557	217	68.6090513019318
0.12621815119427993	288	64.68970566512277
-0.5026384707143734	413	148.06854913692368
0.07079818205829724	449	80.8350109548028
-0.14246851079042244	51	101.68335300937595
-0.055891190287184145	772	85.44337212489096
0.4330375508279758	1369	72.4550403615514
0.00784745996043057	904	84.79185846793696
0.016332133924152004	1756	82.5535019433005
1.2886597289143538	405	120.97279981372282
-0.06280813976354693	953	99.37632363345476
-0.5263718177588999	373	72.95157936366378
0.055137141092245656	1047	67.87942789874822
0.005918133134400705	313	70.97171924060947
0.020985550736440928	1768	69.28929181009555
0.10421473776341372	693	73.97232559179645
-0.14128079579131736	105	66.03997582071392
0.07720595171394962	2393	99.70374962587559
0.13809440716795507	696	106.23629577354107
-0.09968129904154921	45	62.63767228315008
-0.004439361639242634	13	73.99431974245388
-0.41046292859618916	1374	99.97422134379235
-0.15988359005405073	3805	80.23195402389376
-0.08151028568931906	71	66.56778762945748
-0.012158414981968235	587	65.0072628740318
0.24462989020958048	738	107.63275868453444
-0.5639415831383303	272	62.154357378823306
-0.48747693868745046	2167	66.46490459458684
1.0899157505227777	1334	177.654509838334
-0.32293467263662023	175	98.28977412780733
0.016465978907035606	776	62.85017174603836
-5.562444003204291	682	197.10266869948035
-0.04842248002796623	128	77.27367661074182
1.5341738432380225	362	143.5743638659617
-0.006784838260500692	80	108.44277398256013
-0.035940448697147076	331	62.511670488213916
2.1198647464716487	144	132.48044585741988
0.010486208516795159	453	96.36590749394927
-0.019739708937777323	243	87.02005684073504
0.14356284720179247	1408	64.5249521025679
1.6291014686285052	1914	290.0501237985697
0.020165325708148885	2208	73.52303737344
-0.011880441655193863	1359	78.70082639792355
-0.4956114114297634	1654	65.27949389418382
1.127229528353837	335	72.71586668589427
-0.09114483497251058	173	91.71651146816718
-0.6240240471393008	225	61.941793979824055
0.8362951643755423	715	76.62984660118937
-0.047944866420039034	565	72.40535494028742
-0.030599183753110992	138	65.95429116145361
-0.02254916537185636	395	76.5319123254893
-0.0008972650705345586	151	62.88568585889745
-0.008361377930668823	744	67.27200190022108
-0.058445993627174175	268	98.98432793212422
0.8902699933787517	193	64.37428191407899
0.0658584396551305	325	105.42293747592251
-0.009471045348618645	896	65.1991889011359
-0.38945852116739843	342	157.25716537203618
-0.37156958775085513	1429	75.03614384429703
0.10456302295779096	1281	61.91567006570416
-0.06547726957523992	1448	87.19348621446761
0.0775235438081836	266	60.51952455699823
-0.18159704028357737	2016	60.70064260641301
-0.05024942837826529	1171	66.0397819278312
0.012043869109675143	116	64.22317465605059
0.7533693284849505	483	94.1968143987357
-0.03677479250313809	470	62.520638920519275
-0.017283951708122913	1510	72.70673666679798
-0.1757272691243088	2284	69.58972738516208
0.17305195698554598	107	116.21381304405652
0.11166305701863166	1069	88.87945318625172
-0.08435902834344233	826	70.25112715331208
0.11777728940569432	2952	83.58570791485603
-0.1679948777550635	322	91.38267771732762
0.12845886869104106	61	72.91529238174729
0.15577421874513675	1164	101.8233660700427
0.28578634070618136	133	118.46598332826575
0.18683839936875302	3790	87.47709755542358
0.046059707116000936	1684	66.02216320361268
-0.00775432960517719	433	65.97373309929368
0.02761152955918078	105	68.35306731258748
-0.05110403214757753	184	71.61673354863018
0.32467089508736535	757	136.22867876715085
-0.0052390359069249826	913	69.94847780703165
0.5519717210077033	1506	79.88982245855
-0.023787506343524	11	61.488945800627576
-0.16936245128567862	1577	66.74914513686515
0.5138541056203394	143	87.18911377797615
-0.23012889612255094	1134	85.7367872724968
0.20810030440861738	204	65.76791828146884
0.12066823018722062	686	68.58954686417786
-0.6017123714277659	2030	90.39113531582379
0.16108501604230696	1032	71.15715433866241
-0.5965665362709842	872	112.88394196381952
0.030114037467683374	170	67.28414735969702
-2.736170963888071	414	132.8248115113594
-0.06326534575873666	2108	73.05498384071915
0.039396147754359845	793	60.06523502245894
-0.19164301439968767	2433	75.3288246736919
-0.08516812216748804	3176	93.06236640402588
0.07747023059800995	153	77.43124284926105
-0.09461763633589726	87	69.48133719135934
0.29605271497894137	770	109.77667848896522
-0.009493438920799235	793	65.33470265958083
-0.025888103493343806	989	75.23774260575038
-0.1267208408753504	1093	141.5545527283869
-0.2073724243327888	173	110.22198340876376
-1.6435789106953962	1033	75.19693655094467
-0.015747026753160753	1364	60.38699802803488
-0.3877686362309305	972	66.94773769776862
-0.024121070142427925	3767	60.57467818751761
-0.017918365794685087	1172	71.25469672403777
-0.09585135985207671	177	71.145126049002
-0.09605312495386897	509	66.85449848425425
-0.04337699323241395	58	100.1477895238895
0.013185184404392203	82	104.40629000431755
0.09057011428740225	134	117.5785640652293
-0.6092483465581608	244	62.30845913963931
0.08419174578011734	920	96.45564664297697
-0.1768596307219923	1170	104.62091071385518
0.0008780988098351372	362	61.09374293733141
0.2049555452531422	725	78.20029131359827
-0.1496985747216968	260	211.7737664240379
-0.05201401319118304	527	74.56812116900046
0.07755159947646462	576	63.24859752333368
-0.04972388841724751	833	68.23472224788449
-0.03988408589248138	297	79.52189012459067
0.00011999897014902672	2485	61.00228145652591
0.3491277398593411	842	100.62668363124794
0.1685657251628072	109	89.41438146126282
-0.04591715116839623	31	115.79850215012769
-0.14499699416774092	378	162.6510485118473
-0.10440199976073927	455	62.41867101348182
2.3426818218486005	891	117.99938452165689
0.07657594331249129	1102	61.338541301606924
0.011838573312161316	557	63.49131792566901
0.07960689960509626	366	83.36041754005397
0.15347641383505106	1042	91.59389656645929
-0.23460756599479282	381	74.49893080991694
0.03858246383697406	980	92.83134456581288
-0.15201352939402568	78	95.16528866652412
-0.2127203634890975	257	72.20806574256181
-0.045918292922578985	2096	60.69188206703496
0.15684710896857723	525	62.134874908897096
0.20538591932381678	431	71.3025269073357
-0.6763450981331971	239	60.56743869558546
0.19015932238380628	936	71.77144833159437
0.9160684585458512	937	190.83745668421636
1.2999204651496257	2361	95.79920706568555
0.5748314551019575	99	290.82184140355866
0.3273453008087017	327	76.88878913733254
0.02584137327312419	2376	68.8985070964553
0.2846237501489668	689	60.66490335901509
-1.1755046572434367	1028	82.41686245479957
-0.2895236308540916	1294	83.36535929310294
-0.07385943261579087	501	150.7765143438109
0.29516656611122016	500	94.10952301926038
0.008398249408855918	641	67.03675355982264
-0.20879575358912916	753	76.59032298834988
1.1418296037822984	42	104.59127699925311
-0.08425037255983625	2514	64.37997342340614
-0.10904710392060224	1246	60.8883053529583
-0.8116740338341515	130	70.55702332328734
0.025290243703693704	3094	65.23794813205498
-0.0008325530520778557	1335	63.741293658539796
0.2014807682880928	1065	75.36811462536411
-0.6144515590890478	924	80.48600862839727
-0.024042610457854607	1562	83.6535163359313
-0.03669142896706035	1676	114.3471073746402
-0.5555762717885955	394	74.4218651247001
-1.9084974245865851	65	61.00162018323943
0.005979098261832405	877	69.80421096215741
-0.0034684007127907535	1653	90.7800180356968
-0.2518399680884613	1354	82.21043370842622
-0.18162705053237005	5750	64.76847710062238
0.12540263552727993	124	85.0773859802323
0.2738714898814578	1660	134.84135589944867
-0.23212786026124377	491	65.50400379381979
-0.061923093562654685	855	80.60433071842498
0.2586922746786513	281	92.20395068491709
-0.08688075185136768	2122	83.22994135834672
-0.03655733284267626	585	69.69021132788356
0.01564388768383651	107	64.60476937053686
0.19592372448369133	845	68.86177407171941
0.0288898443832295	139	64.97093490224105
-0.11428277671348042	912	89.55147115204534
-0.07610571184022774	270	73.62580303778394
0.49887135172139097	892	81.41895855873834
0.017379903797518637	1711	103.15341287680857
-0.5991846818192244	2147	70.40092691207529
0.5070840454234258	556	62.8069772047346
-0.040759881852864055	536	77.6948756729587
0.09398984348945305	158	73.27513086027635
0.047076114399260405	186	62.99039278052745
-1.3498043135459739	2128	107.86170651966553
-0.24999876850392866	153	62.34694475271026
-1.5788168641629454	1384	169.6909166737951
0.062221491696618614	431	97.17335739439555
0.0011160422400280368	492	60.21055933107787
-1.0088088384395633	151	65.95112296008553
-3.070299486967997	64	150.79926920107874
-0.12791635681651314	631	63.75646186851546
0.05327798474172596	1594	79.54578983012924
-0.4244026546184614	100	72.6333728503479
0.24639579783797672	154	112.44851027501834
0.624305810108126	1853	105.15730136127442
-0.09972527227000683	409	130.86446157596504
0.17912994452672137	184	92.7167229210792
-0.4227257825587003	759	88.64532382495003
-0.33056644707903615	824	125.45738602265521
0.08102818012457647	354	100.59824085415035
1.1121322968392633	604	165.9849998587998
1.4556680022069486	167	214.15738780999246
0.4328938819121504	1454	114.3079059625091
-0.12363279401597538	7	81.0459202271829
-1.0904376229809714	2217	93.01804799975268
-0.39270039847724547	386	75.57243871283669
0.005106379833705432	1118	74.92430481060669
-0.0007376309749815846	394	68.62532003125156
-0.28034512373756115	484	71.76891381878669
-0.7467145442587935	1014	78.00027858993191
-0.013508587977185016	869	62.520716154721626
-2.585966439199183	1779	89.1840389938247
0.6367936018527871	76	60.07250398905569
-0.7426297913043527	504	71.35866897893646
0.11116088192306961	63	79.22382875475307
0.0720810312195681	168	66.00560418616833
0.1868457951372875	3287	63.221096344896374
0.23358434105921333	1917	87.18777831181764
-0.09031053820490342	1999	93.0795648741297
-0.18728292888863507	119	103.30190091286498
0.3836855921545066	1149	144.97565670527084
-0.030705967813901225	490	64.52223899607289
-0.0055360945416396135	49	62.09714250514072
-0.7106208558857361	287	74.39442815727999
-0.5203297667167135	101	88.17888392398584
-1.9638211822521043	675	69.73832540199173
0.2151818937381904	207	148.74290378452633
-0.011409008064674708	1095	64.89408051130472
0.31097697887662434	862	73.87606961448216
0.0631132019107099	1210	106.00331259241642
0.10971444937240449	94	64.04373248727815
0.6295032032812742	1709	79.48943196177633
0.5287787516531353	323	63.96799133239809
0.006709227200417445	1084	63.12317934685787
0.09425671624899223	466	63.63505565555113
-0.31278878825696665	1537	72.24367766656357
-0.06391168527397895	481	65.05529775496858
0.14513858549616998	2860	228.01479640015606
-0.36491037422820227	1724	131.0936553373006
0.0016072610569608514	1202	67.20469299519287
0.09292139781155129	567	64.16746989264323
-0.032899485173402354	1429	211.4586239121274
0.06624504183855606	137	69.23923576159382
-1.1051118056457199	815	72.61745251927745
0.008339898633266785	2397	61.17271215515723
-0.06933838246231971	313	68.89057133516368
-0.12610843446782383	839	107.0005148974249
-0.028648161510773207	2106	73.56477146368503
-0.42830244164406395	183	76.81361583405089
0.16154357533605435	1665	68.40341358767708
0.15029178993336245	109	74.74746065996624
-0.10319522383724689	276	134.37290988433134
0.0064578540955153585	699	62.30340677188921
-0.1480146483554563	1757	101.99408041538477
-0.06871794011317434	248	78.45001052856901
0.5199918133562278	17	61.42735916389108
0.03013264199535115	341	77.3074083147601
0.02320760954171419	525	126.9304644795066
-0.11080452660826268	217	83.41444399073958
-0.06530499115751809	1249	67.20018487101748
-0.8029576643725704	396	71.86225613846733
-0.042259327914507594	479	148.4744532244017
-0.0506474868643636	3823	96.38242630095597
0.0367257000407335	939	70.29339920016844
0.022214309703485924	1512	128.07716968365824
-0.02044191400636919	409	106.28666885367437
-0.15129910698851745	253	67.62910029091553
0.0181946234051793	275	70.5545843192846
-0.028508098568636342	128	80.35269894889213
-0.009455990698370442	2290	84.95964189398514
-0.09027909503356568	61	103.1582649656912
0.01265640267274648	928	68.7976387335957
3.2225985839759232	261	99.77221888955341
-0.07625483786296172	354	72.26798021962563
-0.17417328378178354	70	107.3489710731356
0.0865521168370833	42	72.00326429984739
-0.03613501886957238	733	62.42998882285233
-0.026409250996948685	1611	112.14663347602585
-0.3517989506713093	64	64.58701267107787
0.05087406858274335	576	66.99727854364004
0.3161354350258989	52	79.74688427962067
-0.17512254799839866	2319	94.73137119726765
-0.17606927779024772	984	89.39586025833914
-0.039431799839803716	2491	62.10061274838047
0.5077408043002833	512	70.46993172011194
0.04755858763246579	428	86.3707761774994
0.3937027135907556	568	76.79602641523928
-0.3372234679700341	587	72.13221624813487
0.03106915932494303	52	72.1611806719183
0.04428477650981222	435	83.54408215348649
0.03168598855518212	41	124.95680002053551
0.07474685700071859	1426	76.11301108277748
-0.36962148722523125	585	88.19146019383312
-1.474764167746116	769	64.62102402343217
-0.05896509291460461	855	66.2519408619434
-0.3838447447633371	1031	76.32572391758501
-0.6135684400915125	1347	113.66366253378315
-0.07738575657731417	310	87.7098126232901
-0.01322270428227057	230	67.70265830148293
0.009953112830771715	29	105.34453182297706
0.48582797891594964	329	76.6496721536944
0.2083294047642994	401	136.515476499224
0.037089331783136004	112	87.16015702294202
0.055043068328814115	332	67.42167128869207
0.27057902798696887	454	90.53049145543332
0.012734062928075218	978	68.05592296620915
-0.006071015174711647	740	73.94248390707325
-3.41628923571443	3134	108.49962498417494
0.10856386207296964	363	83.28329819834599
-0.19007143218550482	77	171.27309868882273
-0.05636639956310319	1169	73.13039060626019
0.017778596879907127	1199	86.29620031785528
0.5738164498488914	3075	157.7213589543071
0.27940430924275006	813	60.23410750425204
0.008042574262162816	2451	110.43765382539509
0.7223789645227043	977	68.46977072569995
-0.3725628052570755	233	78.41083574806571
0.04706282627557812	580	88.22036932242122
0.00046342845325852977	227	60.25313651430468
-0.5981665218005219	95	75.76460245104704
-0.3640297290564831	1231	61.90955201809516
-0.041083226231876324	463	73.81999895473417
-0.21595837390009365	88	62.73174815823889
-0.0893519228675359	1797	67.66093083085279
-0.12087214230723475	463	90.38236115208016
-0.08828889233336668	697	87.57868701253265
-0.03562994569347211	314	85.36529421901241
-0.22842026472790167	1078	109.33929985162739
-0.4302370056016116	412	80.91036544154808
0.29440966621586995	156	67.44190898671249
0.025422113087188336	976	95.42727256194776
0.0412204112208201	1221	66.75134766417338
0.07282772947928606	1796	104.43821354647612
-0.11732609895079804	500	126.8379271618128
-1.2314034107696443	975	69.77523542522789
-0.0998809864740906	582	188.11228902844852
-0.6621302860530704	346	96.57281857412649
-1.150828329840806	1007	84.86241934235929
-0.1911066860502615	43	133.6684109401406
0.29561145458410465	79	67.61945438011792
-0.002342406863135693	222	62.176925399878264
0.07504702479991465	452	66.84487443793884
-0.4970519329090166	546	186.8442114431807
-1.146699156847717	300	102.96052216877113
0.04262857636786066	3714	245.34269175505128
0.22688072612254473	3304	65.8151192729403
0.04480537832614573	386	65.6294886315814
-0.2162780004596243	125	66.26730956300668
-0.018343871441174997	325	99.98003335100005
-2.201531350170626	657	117.12886325250942
0.019063861882386846	1108	66.05630345413698
0.16947004188477877	1110	158.34121404952978
0.1317428422771627	531	103.82650832698904
0.03599640578340768	1103	70.93085672039317
0.21244057139938377	152	78.50805982860773
-0.00269033037693589	1515	68.63669914379507
-0.06943769903546126	65	85.50797018389287
-0.043036720915551996	850	66.18666986423608
0.2230070961632009	37	71.93402113677175
0.532925454810993	4	74.56392202900484
0.08611612273898572	529	74.87496729476193
-0.06612711986417708	1508	84.79367072126382
0.05733053772200947	949	70.42032832110709
-0.22319247305404133	404	85.89688648569724
0.056311000519599475	1231	82.80485881865893
-0.003130081499875814	1906	64.68411957676362
-0.10316593577863387	111	68.6949537336397
0.12843960120881093	688	61.30278340034108
0.499347416807268	1204	68.20596280547926
1.1517621082421101	855	63.589396597732474
0.2908322282573863	1464	71.86058486006037
-0.2976317692773591	87	180.5226733118579
-0.05377994352420501	2051	112.54126829037158
-0.1276948951601753	312	63.208574837455004
-0.005429767531040852	718	87.74410074064609
0.011762044873648847	1671	71.68119989424574
0.9157340485253371	529	183.2167432976222
-0.0032630867726766155	588	61.809487573988626
0.056233083305414766	570	74.13248337000937
-0.1791825450536635	3301	62.852048730664876
-0.048309042546407	2539	71.64801793737625
-0.09214771257484244	74	75.96841763759123
0.04783285213397903	165	75.33091108393397
0.038173127232312254	1096	61.1998096221043
0.6047657953909038	335	69.73674066283186
-0.2045106149644198	2773	70.19180548444137
-0.0010117290930793388	193	60.74329571356293
-0.1876750584160618	645	179.97037181367753
-0.01163074623218563	9	139.10280807939307
-0.9732906264907797	823	77.72703997662208
0.051833373113368	742	84.87507564993108
-0.30385785447424496	1402	78.03809035830876
-0.019259191388755426	240	67.46332263642778
-0.02919485002712463	144	77.5802774461898
0.00404988443460752	892	67.84060550481603
-0.24385674341283448	62	95.77570840515091
-0.03221786056201381	1138	64.32180921854673
-2.9745060727582313	87	616.561494403468
0.08223373174632798	562	88.3934799389325
0.7341001695403975	390	96.17934113113749
-0.05681075425400195	1483	60.45954501482564
0.09356137964550726	735	81.27472309485988
0.15148775635543643	637	60.95016518279981
0.08223881136063937	1004	60.555205922674475
0.02252525832614083	259	60.507087432004376
0.11103586092212936	849	104.47714674897874
0.12248468250163569	1110	77.30689600432775
0.014804049806116382	368	91.30020822488682
0.12317686690494156	1397	134.8113497657679
0.08416767268136027	455	75.16363443199148
-4.903691582323518	2380	97.58722098509864
0.013218292052897596	709	80.90109359876269
0.015610170385116362	305	116.42950028415204
-0.47241326309540455	1274	62.42024781140648
-0.15084557073714677	206	418.2603378804319
0.22257857287377192	210	75.79811127675842
0.7646631728448483	928	144.31637729405028
-0.08138146737223906	2334	60.76451603630175
-0.49337912036980924	794	68.00004350061401
0.0020474396765166603	2417	69.70041092968238
0.8522315920145047	141	104.08876612153702
-0.13148216530089485	124	75.2298367734414
-0.04229550417767314	755	60.24337456640743
0.7691307608502029	2220	73.97439235148019
-0.11026010385830887	71	134.30741004291846
0.03127076698365272	199	111.67984765767015
-0.5783789645729485	2114	75.1214431987342
0.9378187682596035	596	314.5395520952742
-0.004434442984802445	306	60.91108061338679
0.4392974499560296	180	81.89770942011057
0.11048884823117078	2049	62.23040969393056
-2.333698931932304	552	115.77907255352255
-0.0066874486838059966	419	61.66479768067974
-0.11974032033413096	778	79.34575273547557
-0.0033031745401785884	379	60.557030301521905
-1.2507476636146748	700	153.197783905422
1.2127752214937573	165	67.0815641351773
0.008310332339988236	887	65.01720268144487
0.00944154799253738	316	81.01501445045407
-0.08351192802319929	119	68.5529816901964
-0.05634746702344273	381	73.96181017548172
0.4897989521668933	2899	129.30331021934992
0.012983461545900354	136	60.199869162405214
0.21332047494797735	989	74.63341995776878
0.16185162804276843	1132	71.21711338869935
0.05623978113180783	116	95.86636968593007
0.02369189187174925	135	70.08613728634889
0.7697048192694638	270	220.3371826499593
0.08393605642004331	1427	66.62442358043563
-0.5182827857461234	1649	84.92144207701992
0.07321340968746881	296	83.62332720094896
0.023571447267386247	665	68.98693750686012
0.26706177861888136	1900	99.33640898504213
-0.03397037984996132	289	70.11304785427782
-1.2070572285065282	508	88.00828164586417
-0.2569018487192807	1275	127.2042529322848
0.02449128573607595	519	96.05515108112088
-0.012518419647676637	498	135.81345030183095
-0.013631710718073009	222	75.6517157438997
-0.05455523116324912	613	64.47111084236803
0.10530827156435407	229	99.89525991841421
0.21742956822026827	459	63.950516479392114
0.0025314026715932414	476	60.18288994994574
0.4902748419381169	3048	89.01554109684237
-0.16343512977618957	761	64.99023965723994
-1.2826453046509414	266	121.98411756506046
0.3394677552109897	1567	75.6777809660638
0.3841713944384537	482	118.89122242504915
0.03713512508920758	1713	70.64810896080239
0.6423596068113966	522	63.733516070405436
-0.5942692095777602	355	94.32555891676964
0.00225316145861143	785	64.69647413087179
-0.1268124526104657	363	116.50678209317627
-0.0789121959583099	929	79.50559933459736
-0.04318521012783094	17	62.81714122773256
0.015498582200962119	555	78.72548922730087
-0.20381034851698132	233	75.41785952864271
-0.6554239914448772	171	60.26011716888782
-0.1452863689842161	478	91.18877199680885
-0.4547832902208029	1342	69.15019441410162
-0.383471069191728	1608	150.3479539814491
0.017872751896902628	748	71.91607136935859
2.237354841859542	569	69.30031518192112
-0.06618329767775322	334	70.72170589464893
-0.01444721410416605	810	78.54858928202137
0.014670423464849591	2952	75.39270672118778
1.641291254566113	296	77.01270785811643
-0.24639627267379183	155	62.25717129021522
-0.295343189891355	103	64.47758933401353
-0.13059868113327866	1929	63.95563076984425
1.0176672522111403	862	121.52230492272622
-0.4541089736048889	216	73.9664874387733
-0.0670955424056956	19	62.798387841275265
0.08629711552748631	80	93.6452634204318
0.026518898724134488	784	126.90198100835347
1.0350702657779038	349	116.60857476510445
0.24147217324571102	2305	115.03521774642785
-0.1389632736427302	959	84.65257205675067
-0.071685749988319	252	122.34043339895825
-0.004943461717630271	636	116.84553480894793
0.004958674662702833	318	172.88446805419562
0.16891933949955273	155	124.54715764793866
-0.14955328975975135	21	70.04655523495875
0.1753646397837656	816	72.92343620483068
-1.134471012187305	84	62.298995249744074
-0.6740495376104718	1598	73.52263819021167
0.12613434952072566	164	108.00115074320814
0.13707936976516066	3657	100.68481289984138
0.5188123414018264	2493	65.33441527991396
1.5628232982635382	4209	164.1595885376173
-0.411016588417624	963	142.05427941748806
-0.01624908629219135	512	63.50598271379688
0.0956562364817728	459	118.22080689554775
-0.020051487321325112	577	78.32772091330587
-0.09297512893135718	622	62.886482920702306
-0.41232475420656556	3260	62.67696388277654
-0.10294523609013595	1772	60.496360215956855
-0.16406316516668085	2543	69.01750921867156
0.08805120167789937	1325	65.31874669017209
0.001961758795005153	267	67.56359500205846
0.602093522586074	760	61.020508031940096
-0.08325516816330492	67	114.17132219442806
-0.12638972140280202	306	60.79061084810085
1.144246482109338	753	72.9875849004567
0.06516043898955104	469	107.2598768163415
1.512778349002474	9	141.70557366040896
0.028990269918722333	940	104.14371333335573
-0.117433755393904	587	124.70227081769963
0.009158925837937204	496	62.066878802182124
0.13375909691558263	1163	70.09480311295289
-0.14256827426652308	1143	61.502058023395314
-0.6818404052664846	1916	80.42153193303862
0.9059996826126735	2173	117.12599861077592
-0.5662220751187306	462	60.202413558236664
-0.9227344099781476	1044	373.5704627425435
0.5538560070740459	95	65.69128660431645
0.12395033580969539	919	65.79997575093444
-0.07212586135119636	1549	95.1376464120506
0.2682315695683428	1306	87.35125163104428
-0.33307354966382263	1178	94.90753792897262
-5.844323593453737	326	348.42532969264124
-0.027183795046312298	909	72.59028208089565
-0.047046505724210874	531	62.08927856476372
-1.0149507576841188	42	66.83344689020264
0.03991460325232765	1403	66.20035974855823
-0.004211208934066235	275	72.85411888403472
0.17742671229780171	81	76.75627133361971
0.6110926236483465	705	63.669747613791586
-0.16622198980348912	160	63.198135984216705
-0.05306159042584113	964	83.28435571615968
0.25300319135249083	534	80.93464882777164
0.039917794124903594	3421	63.71658710757305
-0.00301305117955053	824	60.65663737314363
0.055673046073025034	1796	69.94725043527143
-0.04692787580188451	1133	83.5829044696892
-0.03545540845789219	245	73.70240421955306
-0.06615010044424707	643	66.79160052134871
0.027584549665334634	779	109.29611369155386
-0.45880768832466856	1595	73.67849368645004
-0.03214228407887276	50	128.35796722297343
1.3566320161853582	542	64.16887498663425
0.0349769276731422	1306	83.90304731401913
1.4387375779801914	72	97.67319177108367
-0.14018233072420117	1970	117.5108014826016
-0.4520601858766895	938	71.81437478230728
-0.026369855072971404	1382	71.97955423947954
-0.14488333658800912	640	97.80826933010769
-5.845253953587417	2761	130.73972528424213
-0.2793538031546632	642	67.87581245610447
0.2913379912115488	1122	85.73648124567875
0.42721016046266413	10	83.1991830488105
-0.28284681810600887	317	113.68217480531604
-0.3792550095458864	1091	226.25038433561096
0.038861577733314334	1009	61.085767658761256
0.26604226129711606	405	156.805928351045
0.15125217938111746	35	89.16678978916963
-0.9802072765305638	92	155.72706718625412
-1.581042800387877	886	149.42722289512267
-0.12709030752921535	29	86.03846126295302
-0.07951188717015611	235	94.26665270495563
-1.9310125857973617	187	70.22559298429479
-0.13703486582153346	381	63.55037218663495
-0.044850841666630004	192	79.69835638764013
0.1460630160513574	4494	76.65687427216696
0.29720492876367643	3689	116.072587774277
0.027125247787807893	127	99.31191698728163
-0.13554541766870898	921	78.55002926395171
-7.063259694492444	236	129.30227442362687
0.02403556963417941	2112	72.81018658923425
-0.06151391233470349	433	87.16237259112947
0.039779541252755735	135	81.1355785279403
-0.016823097475935356	652	85.41026165179352
-0.006213444448803784	175	114.47246841229149
0.9463118675744226	866	83.15003535188904
-0.10973623392692389	1865	92.58397516456237
-0.015814170452358667	613	96.019462652827
0.002750337009274517	889	131.77886691419985
0.004179836574621731	1121	97.45163867894884
0.010194326492637629	1582	146.44778781103602
0.12338794472634618	11	93.01270652754168
0.0013613362984870037	666	67.3390322928205
-0.2771898828796111	511	206.2177744753093
-0.4444460859472201	834	70.18412592048325
-0.014184050462063169	575	65.25167076685895
0.04759236453014637	2315	66.70757957498826
-0.030057924966058636	1537	65.60172501923955
0.008826852595575474	1876	102.03945417278467
0.013332698726117087	286	79.87967560864762
-0.3587564973215649	2512	74.2705982340865
-0.17777486598879477	514	60.78393361958161
-1.3227728253618807	4	71.02968007761105
-0.3627132913479727	502	133.05652730802245
-0.17906849440760197	325	74.19100648361497
0.0006427457883546595	159	65.29902237367806
-0.08088999137225983	675	94.99642993026175
-0.11724900515946501	469	66.6029636251039
-0.18120366378479957	998	71.27531404682338
-1.581807185884827	288	75.80416530465897
-0.017622478826524457	1765	86.4838868985742
1.1339497648832548	2138	109.81909644172895
0.10496143942555136	1043	70.05243488398982
0.07591151235374127	1793	75.80616589730636
-0.07239688934259902	202	73.92129069871366
-0.25038671728725603	331	113.72802615384141
-0.18198248919088655	1612	93.44989023724919
-0.3440227683058765	139	136.11649349968116
-0.4654577767933006	1330	73.04166570446395
0.01743587691908033	990	81.86984128672074
-0.01593087536366511	1258	77.79588843307484
-1.7132266796252225	1857	234.30434884232614
-0.3310199305219612	541	78.41521650484421
-0.004831887063119211	1811	63.04210820243596
-0.5438732901684489	500	82.8957651808442
-0.30318313464158564	3119	192.01590423454184
-1.3193901044724043	592	220.62583988280522
0.015818054891497013	189	73.62483717610122
-0.1679124474976561	823	101.54055930164418
0.03512098681767384	702	74.37982250273842
-0.10906085037640878	883	128.99605987236566
-0.25442493320952053	339	145.28092447024667
-0.47766483965961015	568	97.08917962882299
-1.7487112679918937	64	75.07053971462776
0.057892574571269506	2169	106.25185608983354
0.05556199479406132	594	69.75079930555192
-0.23202753016948918	441	85.05226635086369
-0.32244973145861877	854	153.7881349814334
0.5860427499151228	140	75.2044905124401
0.04751273260171729	499	74.54702564904886
-0.30301949813201645	371	77.24818709046896
0.03900278983201133	943	72.04545412697317
-0.3214282687920331	1329	60.65423635612457
-0.13205216684218612	787	66.30065566159583
-0.08483641404018272	308	288.5372738142607
-0.02267683989748548	150	63.08644415768465
0.005422212370831403	258	60.014009641484705
-0.10869046871152932	173	61.38607733039881
-0.043974713046736724	394	70.30353939780153
-0.02946299290852039	455	61.504883278338895
0.18219103628916855	754	62.854964005104634
0.36327214266043484	865	71.14872968577534
-0.004313908878430084	637	76.97147414358328
-0.1632880533388743	1964	62.71271732279566
0.1844985708794411	350	116.54563897564445
-0.14313882599026329	358	84.40970430497346
-0.0011540085297383484	1726	70.068401724948
0.0021893217799515696	259	62.749122947121904
0.021973493461700855	3688	82.13849050716573
0.46132586222620375	2079	71.49654049710864
-0.042411348995983644	78	61.66000556425412
0.11742847311143123	1745	60.99763808891602
0.047021246933582006	50	65.2157085938367
-0.5742515064775944	882	86.84655223832955
0.08651767352080242	2564	64.77087601380033
