0.000000000000000000e+00 5.000000000000000000e-01
2.500000000000000000e-01 5.000000000000000000e-01
5.000000000000000000e-01 5.000000000000000000e-01
7.500000000000000000e-01 5.000000000000000000e-01
1.000000000000000000e+00 5.000000000000000000e-01
1.250000000000000000e+00 5.000000000000000000e-01
1.500000000000000000e+00 5.000000000000000000e-01
1.750000000000000000e+00 5.000000000000000000e-01
2.000000000000000000e+00 5.000000000000000000e-01
2.250000000000000000e+00 5.000000000000000000e-01
2.500000000000000000e+00 5.000000000000000000e-01
2.750000000000000000e+00 5.000000000000000000e-01
3.000000000000000000e+00 5.000000000000000000e-01
3.250000000000000000e+00 5.000000000000000000e-01
3.500000000000000000e+00 5.000000000000000000e-01
3.750000000000000000e+00 5.000000000000000000e-01
4.000000000000000000e+00 5.000000000000000000e-01
4.250000000000000000e+00 5.000000000000000000e-01
4.500000000000000000e+00 5.000000000000000000e-01
4.750000000000000000e+00 5.000000000000000000e-01
5.000000000000000000e+00 5.000000000000000000e-01
5.250000000000000000e+00 5.000000000000000000e-01
5.500000000000000000e+00 5.000000000000000000e-01
5.750000000000000000e+00 5.000000000000000000e-01
6.000000000000000000e+00 5.000000000000000000e-01
6.250000000000000000e+00 5.000000000000000000e-01
6.500000000000000000e+00 5.000000000000000000e-01
6.750000000000000000e+00 5.000000000000000000e-01
7.000000000000000000e+00 5.000000000000000000e-01
7.250000000000000000e+00 5.000000000000000000e-01
7.500000000000000000e+00 5.000000000000000000e-01
7.750000000000000000e+00 5.000000000000000000e-01
8.000000000000000000e+00 5.000000000000000000e-01
8.250000000000000000e+00 5.000000000000000000e-01
8.500000000000000000e+00 5.000000000000000000e-01
8.750000000000000000e+00 5.000000000000000000e-01
9.000000000000000000e+00 5.000000000000000000e-01
9.250000000000000000e+00 5.000000000000000000e-01
9.500000000000000000e+00 5.000000000000000000e-01
9.750000000000000000e+00 5.000000000000000000e-01
1.000000000000000000e+01 5.000000000000000000e-01
1.025000000000000000e+01 5.000000000000000000e-01
1.050000000000000000e+01 5.000000000000000000e-01
1.075000000000000000e+01 5.000000000000000000e-01
1.100000000000000000e+01 5.000000000000000000e-01
1.125000000000000000e+01 5.000000000000000000e-01
1.150000000000000000e+01 5.000000000000000000e-01
1.175000000000000000e+01 5.000000000000000000e-01
1.200000000000000000e+01 5.000000000000000000e-01
1.225000000000000000e+01 5.000000000000000000e-01
1.250000000000000000e+01 5.000000000000000000e-01
1.275000000000000000e+01 5.000000000000000000e-01
1.300000000000000000e+01 5.000000000000000000e-01
1.325000000000000000e+01 5.000000000000000000e-01
1.350000000000000000e+01 5.000000000000000000e-01
1.375000000000000000e+01 5.000000000000000000e-01
1.400000000000000000e+01 5.000000000000000000e-01
1.425000000000000000e+01 5.000000000000000000e-01
1.450000000000000000e+01 5.000000000000000000e-01
1.475000000000000000e+01 5.000000000000000000e-01
1.500000000000000000e+01 5.000000000000000000e-01
1.525000000000000000e+01 5.000000000000000000e-01
1.550000000000000000e+01 5.000000000000000000e-01
1.575000000000000000e+01 5.000000000000000000e-01
1.600000000000000000e+01 1.547150000000000097e-43
1.625000000000000000e+01 1.266619999999999986e-43
1.650000000000000000e+01 1.038269999999999954e-43
1.675000000000000000e+01 8.503819999999999823e-44
1.700000000000000000e+01 6.968979999999999720e-44
1.725000000000000000e+01 5.732039999999999864e-44
1.750000000000000000e+01 4.722080000000000000e-44
1.775000000000000000e+01 3.895160000000000148e-44
1.800000000000000000e+01 3.223530000000000172e-44
1.825000000000000000e+01 2.676720000000000218e-44
1.850000000000000000e+01 2.224889999999999954e-44
1.875000000000000000e+01 1.849910000000000062e-44
1.900000000000000000e+01 1.540240000000000011e-44
1.925000000000000000e+01 1.286480000000000118e-44
1.950000000000000000e+01 1.077439999999999949e-44
1.975000000000000000e+01 9.054400000000000279e-45
2.000000000000000000e+01 7.650170000000000226e-45
2.025000000000000000e+01 6.497719999999999818e-45
2.050000000000000000e+01 5.545370000000000060e-45
2.075000000000000000e+01 4.752579999999999998e-45
2.100000000000000000e+01 4.096040000000000294e-45
2.125000000000000000e+01 3.543539999999999750e-45
2.150000000000000000e+01 3.080620000000000235e-45
2.175000000000000000e+01 2.690189999999999969e-45
2.200000000000000000e+01 2.360499999999999972e-45
2.225000000000000000e+01 2.078769999999999866e-45
2.250000000000000000e+01 1.839379999999999979e-45
2.275000000000000000e+01 1.633370000000000033e-45
2.300000000000000000e+01 1.456660000000000140e-45
2.325000000000000000e+01 1.304389999999999953e-45
2.350000000000000000e+01 1.172049999999999967e-45
2.375000000000000000e+01 1.057089999999999981e-45
2.400000000000000000e+01 9.565909999999999896e-46
2.425000000000000000e+01 8.686739999999999262e-46
2.450000000000000000e+01 7.918869999999999799e-46
2.475000000000000000e+01 7.245010000000000226e-46
2.500000000000000000e+01 6.648530000000000239e-46
2.525000000000000000e+01 6.126310000000000177e-46
2.550000000000000000e+01 5.658560000000000303e-46
2.575000000000000000e+01 5.244500000000000311e-46
2.600000000000000000e+01 4.880780000000000276e-46
2.625000000000000000e+01 4.560109999999999754e-46
2.650000000000000000e+01 4.273630000000000086e-46
2.675000000000000000e+01 4.023070000000000151e-46
2.700000000000000000e+01 3.793469999999999632e-46
2.725000000000000000e+01 3.596200000000000262e-46
2.750000000000000000e+01 3.423060000000000076e-46
2.775000000000000000e+01 3.262820000000000062e-46
2.800000000000000000e+01 3.115339999999999835e-46
2.825000000000000000e+01 2.978389999999999815e-46
2.850000000000000000e+01 2.847689999999999833e-46
2.875000000000000000e+01 2.727710000000000162e-46
2.900000000000000000e+01 2.617999999999999819e-46
2.925000000000000000e+01 2.516079999999999843e-46
2.950000000000000000e+01 2.427830000000000009e-46
2.975000000000000000e+01 2.346589999999999850e-46
3.000000000000000000e+01 2.267780000000000098e-46
3.025000000000000000e+01 2.195669999999999811e-46
3.050000000000000000e+01 2.128060000000000018e-46
3.075000000000000000e+01 2.067150000000000079e-46
3.100000000000000000e+01 2.010859999999999962e-46
3.125000000000000000e+01 1.959130000000000004e-46
3.150000000000000000e+01 1.911210000000000122e-46
3.175000000000000000e+01 1.867579999999999963e-46
3.200000000000000000e+01 1.826849999999999916e-46
3.225000000000000000e+01 1.789490000000000073e-46
3.250000000000000000e+01 1.754609999999999967e-46
3.275000000000000000e+01 1.723170000000000063e-46
3.300000000000000000e+01 1.692970000000000028e-46
3.325000000000000000e+01 1.664950000000000049e-46
3.350000000000000000e+01 1.639139999999999956e-46
3.375000000000000000e+01 1.614939999999999997e-46
3.400000000000000000e+01 1.592389999999999946e-46
3.425000000000000000e+01 1.571039999999999988e-46
3.450000000000000000e+01 1.550879999999999984e-46
3.475000000000000000e+01 1.531839999999999937e-46
3.500000000000000000e+01 1.513199999999999986e-46
3.525000000000000000e+01 1.495470000000000000e-46
3.550000000000000000e+01 1.478040000000000086e-46
3.575000000000000000e+01 1.461379999999999948e-46
3.600000000000000000e+01 1.444309999999999964e-46
3.625000000000000000e+01 1.428090000000000087e-46
3.650000000000000000e+01 1.412350000000000052e-46
3.675000000000000000e+01 1.396439999999999997e-46
3.700000000000000000e+01 1.380690000000000018e-46
3.725000000000000000e+01 1.365560000000000071e-46
3.750000000000000000e+01 1.350919999999999911e-46
3.775000000000000000e+01 1.336260000000000057e-46
3.800000000000000000e+01 1.321539999999999956e-46
3.825000000000000000e+01 1.307300000000000086e-46
3.850000000000000000e+01 1.293319999999999928e-46
3.875000000000000000e+01 1.279589999999999927e-46
3.900000000000000000e+01 1.266169999999999943e-46
3.925000000000000000e+01 1.253209999999999912e-46
3.950000000000000000e+01 1.240129999999999970e-46
3.975000000000000000e+01 1.227190000000000023e-46
4.000000000000000000e+01 1.214360000000000043e-46
4.025000000000000000e+01 1.201959999999999991e-46
4.050000000000000000e+01 1.189410000000000001e-46
4.075000000000000000e+01 1.177209999999999997e-46
4.100000000000000000e+01 1.165159999999999932e-46
4.125000000000000000e+01 1.153329999999999997e-46
4.150000000000000000e+01 1.141650000000000001e-46
4.175000000000000000e+01 1.130399999999999933e-46
4.200000000000000000e+01 1.119040000000000092e-46
4.225000000000000000e+01 1.107780000000000079e-46
4.250000000000000000e+01 1.096719999999999921e-46
4.275000000000000000e+01 1.086039999999999970e-46
4.300000000000000000e+01 1.075339999999999936e-46
4.325000000000000000e+01 1.064690000000000012e-46
4.350000000000000000e+01 1.054199999999999970e-46
4.375000000000000000e+01 1.043830000000000035e-46
4.400000000000000000e+01 1.033729999999999950e-46
4.425000000000000000e+01 1.023810000000000026e-46
4.450000000000000000e+01 1.013709999999999941e-46
4.475000000000000000e+01 1.003930000000000011e-46
4.500000000000000000e+01 9.942969999999999975e-47
4.525000000000000000e+01 9.847570000000000860e-47
4.550000000000000000e+01 9.751720000000000374e-47
4.575000000000000000e+01 9.658490000000000397e-47
4.600000000000000000e+01 9.567280000000000399e-47
4.625000000000000000e+01 9.476359999999999946e-47
4.650000000000000000e+01 9.385860000000000642e-47
4.675000000000000000e+01 9.298619999999999436e-47
4.700000000000000000e+01 9.212039999999999205e-47
4.725000000000000000e+01 9.125929999999999844e-47
4.750000000000000000e+01 9.039550000000000439e-47
4.775000000000000000e+01 8.955830000000000542e-47
4.800000000000000000e+01 8.871780000000000158e-47
4.825000000000000000e+01 8.789689999999999309e-47
4.850000000000000000e+01 8.708340000000000349e-47
4.875000000000000000e+01 8.628719999999999878e-47
4.900000000000000000e+01 8.549340000000000204e-47
4.925000000000000000e+01 8.472559999999999596e-47
4.950000000000000000e+01 8.396200000000000139e-47
4.975000000000000000e+01 8.320219999999999917e-47
5.000000000000000000e+01 8.244889999999999948e-47
5.025000000000000000e+01 8.171150000000000030e-47
5.050000000000000000e+01 8.097290000000000199e-47
5.075000000000000000e+01 8.024189999999999811e-47
5.100000000000000000e+01 7.952880000000000299e-47
5.125000000000000000e+01 7.882480000000000363e-47
5.150000000000000000e+01 7.813189999999999856e-47
5.175000000000000000e+01 7.744459999999999912e-47
5.200000000000000000e+01 7.677080000000000193e-47
5.225000000000000000e+01 7.609320000000000267e-47
5.250000000000000000e+01 7.543150000000000391e-47
5.275000000000000000e+01 7.478709999999999976e-47
5.300000000000000000e+01 7.414489999999999886e-47
5.325000000000000000e+01 7.350589999999999562e-47
5.350000000000000000e+01 7.289079999999999673e-47
5.375000000000000000e+01 7.227339999999999710e-47
5.400000000000000000e+01 7.167459999999999843e-47
5.425000000000000000e+01 7.106210000000000250e-47
5.450000000000000000e+01 7.046690000000000118e-47
5.475000000000000000e+01 6.988229999999999696e-47
5.500000000000000000e+01 6.928720000000000287e-47
5.525000000000000000e+01 6.872030000000000269e-47
5.550000000000000000e+01 6.816590000000000064e-47
5.575000000000000000e+01 6.760790000000000123e-47
5.600000000000000000e+01 6.704779999999999607e-47
5.625000000000000000e+01 6.650489999999999774e-47
5.650000000000000000e+01 6.596549999999999929e-47
5.675000000000000000e+01 6.544420000000000458e-47
5.700000000000000000e+01 6.491890000000000308e-47
5.725000000000000000e+01 6.440710000000000384e-47
5.750000000000000000e+01 6.389409999999999576e-47
5.775000000000000000e+01 6.339950000000000336e-47
5.800000000000000000e+01 6.290370000000000212e-47
5.825000000000000000e+01 6.241760000000000106e-47
5.850000000000000000e+01 6.193309999999999883e-47
5.875000000000000000e+01 6.144579999999999865e-47
5.900000000000000000e+01 6.096939999999999777e-47
5.925000000000000000e+01 6.050509999999999532e-47
5.950000000000000000e+01 6.004310000000000334e-47
5.975000000000000000e+01 5.958639999999999531e-47
6.000000000000000000e+01 5.914040000000000133e-47
6.025000000000000000e+01 5.869080000000000026e-47
6.050000000000000000e+01 5.824960000000000275e-47
6.075000000000000000e+01 5.781909999999999983e-47
6.100000000000000000e+01 5.739500000000000195e-47
6.125000000000000000e+01 5.696900000000000303e-47
6.150000000000000000e+01 5.654799999999999558e-47
6.175000000000000000e+01 5.613469999999999950e-47
6.200000000000000000e+01 5.573110000000000361e-47
6.225000000000000000e+01 5.532690000000000330e-47
6.250000000000000000e+01 5.492940000000000050e-47
6.275000000000000000e+01 5.453739999999999611e-47
6.300000000000000000e+01 5.414540000000000144e-47
6.325000000000000000e+01 5.376859999999999563e-47
6.350000000000000000e+01 5.338679999999999834e-47
6.375000000000000000e+01 5.301430000000000153e-47
6.400000000000000000e+01 5.264549999999999958e-47
6.425000000000000000e+01 5.227469999999999909e-47
6.450000000000000000e+01 5.191080000000000084e-47
6.475000000000000000e+01 5.155179999999999657e-47
6.500000000000000000e+01 5.119419999999999613e-47
6.525000000000000000e+01 5.084260000000000102e-47
6.550000000000000000e+01 5.049409999999999635e-47
6.575000000000000000e+01 5.015220000000000142e-47
6.600000000000000000e+01 4.981360000000000164e-47
6.625000000000000000e+01 4.948099999999999746e-47
6.650000000000000000e+01 4.915260000000000480e-47
6.675000000000000000e+01 4.882450000000000462e-47
6.700000000000000000e+01 4.849540000000000031e-47
6.725000000000000000e+01 4.817690000000000281e-47
6.750000000000000000e+01 4.786099999999999855e-47
6.775000000000000000e+01 4.754440000000000210e-47
6.800000000000000000e+01 4.724000000000000156e-47
6.825000000000000000e+01 4.692999999999999541e-47
6.850000000000000000e+01 4.663099999999999578e-47
6.875000000000000000e+01 4.633899999999999588e-47
6.900000000000000000e+01 4.604419999999999803e-47
6.925000000000000000e+01 4.575229999999999562e-47
6.950000000000000000e+01 4.546299999999999617e-47
6.975000000000000000e+01 4.517690000000000410e-47
7.000000000000000000e+01 4.489249999999999863e-47
7.025000000000000000e+01 4.461230000000000467e-47
7.050000000000000000e+01 4.433390000000000453e-47
7.075000000000000000e+01 4.405680000000000100e-47
7.100000000000000000e+01 4.378830000000000089e-47
7.125000000000000000e+01 4.352049999999999784e-47
7.150000000000000000e+01 4.325810000000000055e-47
7.175000000000000000e+01 4.299680000000000003e-47
7.200000000000000000e+01 4.274389999999999821e-47
7.225000000000000000e+01 4.248830000000000080e-47
7.250000000000000000e+01 4.223479999999999942e-47
7.275000000000000000e+01 4.198160000000000026e-47
7.300000000000000000e+01 4.173449999999999905e-47
7.325000000000000000e+01 4.148780000000000241e-47
7.350000000000000000e+01 4.124529999999999783e-47
7.375000000000000000e+01 4.100030000000000238e-47
7.400000000000000000e+01 4.076709999999999827e-47
7.425000000000000000e+01 4.053420000000000124e-47
7.450000000000000000e+01 4.030160000000000156e-47
7.475000000000000000e+01 4.007040000000000086e-47
7.500000000000000000e+01 3.984420000000000135e-47
7.525000000000000000e+01 3.962429999999999965e-47
7.550000000000000000e+01 3.940049999999999838e-47
7.575000000000000000e+01 3.918129999999999860e-47
7.600000000000000000e+01 3.896570000000000105e-47
7.625000000000000000e+01 3.874599999999999920e-47
7.650000000000000000e+01 3.853240000000000018e-47
7.675000000000000000e+01 3.831960000000000058e-47
7.700000000000000000e+01 3.810660000000000111e-47
7.725000000000000000e+01 3.789810000000000079e-47
7.750000000000000000e+01 3.769440000000000180e-47
7.775000000000000000e+01 3.748849999999999957e-47
7.800000000000000000e+01 3.728460000000000073e-47
7.825000000000000000e+01 3.708979999999999765e-47
7.850000000000000000e+01 3.688959999999999853e-47
7.875000000000000000e+01 3.669639999999999915e-47
7.900000000000000000e+01 3.650419999999999903e-47
7.925000000000000000e+01 3.631420000000000215e-47
7.950000000000000000e+01 3.612799999999999764e-47
7.975000000000000000e+01 3.594500000000000050e-47
8.000000000000000000e+01 3.575849999999999863e-47
8.025000000000000000e+01 3.557369999999999794e-47
8.050000000000000000e+01 3.538840000000000006e-47
8.075000000000000000e+01 3.521389999999999912e-47
8.100000000000000000e+01 3.503730000000000215e-47
8.125000000000000000e+01 3.486010000000000076e-47
8.150000000000000000e+01 3.468679999999999894e-47
8.175000000000000000e+01 3.451570000000000037e-47
8.200000000000000000e+01 3.434560000000000107e-47
8.225000000000000000e+01 3.417980000000000105e-47
8.250000000000000000e+01 3.401469999999999808e-47
8.275000000000000000e+01 3.385079999999999909e-47
8.300000000000000000e+01 3.368860000000000129e-47
8.325000000000000000e+01 3.353109999999999762e-47
8.350000000000000000e+01 3.337210000000000233e-47
8.375000000000000000e+01 3.321430000000000131e-47
8.400000000000000000e+01 3.305749999999999955e-47
8.425000000000000000e+01 3.290290000000000104e-47
8.450000000000000000e+01 3.275110000000000048e-47
8.475000000000000000e+01 3.259779999999999859e-47
8.500000000000000000e+01 3.245090000000000173e-47
8.525000000000000000e+01 3.230530000000000149e-47
8.550000000000000000e+01 3.215780000000000021e-47
8.575000000000000000e+01 3.201100000000000084e-47
8.600000000000000000e+01 3.186250000000000029e-47
8.625000000000000000e+01 3.171709999999999990e-47
8.650000000000000000e+01 3.157519999999999938e-47
8.675000000000000000e+01 3.143690000000000108e-47
8.700000000000000000e+01 3.129899999999999762e-47
8.725000000000000000e+01 3.116029999999999961e-47
8.750000000000000000e+01 3.102519999999999897e-47
8.775000000000000000e+01 3.089219999999999921e-47
8.800000000000000000e+01 3.075840000000000004e-47
8.825000000000000000e+01 3.062610000000000221e-47
8.850000000000000000e+01 3.049700000000000203e-47
8.875000000000000000e+01 3.037049999999999994e-47
8.900000000000000000e+01 3.024230000000000153e-47
8.925000000000000000e+01 3.011690000000000106e-47
8.950000000000000000e+01 2.999190000000000031e-47
8.975000000000000000e+01 2.986689999999999955e-47
9.000000000000000000e+01 2.974269999999999821e-47
9.025000000000000000e+01 2.962120000000000218e-47
9.050000000000000000e+01 2.950269999999999909e-47
9.075000000000000000e+01 2.938309999999999924e-47
9.100000000000000000e+01 2.926500000000000071e-47
9.125000000000000000e+01 2.914830000000000117e-47
9.150000000000000000e+01 2.903289999999999824e-47
9.175000000000000000e+01 2.892239999999999901e-47
9.200000000000000000e+01 2.880930000000000168e-47
9.225000000000000000e+01 2.869730000000000112e-47
9.250000000000000000e+01 2.859019999999999940e-47
9.275000000000000000e+01 2.848300000000000018e-47
9.300000000000000000e+01 2.837290000000000066e-47
9.325000000000000000e+01 2.826530000000000174e-47
9.350000000000000000e+01 2.815830000000000237e-47
9.375000000000000000e+01 2.805820000000000038e-47
9.400000000000000000e+01 2.795600000000000236e-47
9.425000000000000000e+01 2.785180000000000095e-47
9.450000000000000000e+01 2.775060000000000219e-47
9.475000000000000000e+01 2.764720000000000019e-47
9.500000000000000000e+01 2.754979999999999865e-47
9.525000000000000000e+01 2.745130000000000035e-47
9.550000000000000000e+01 2.735500000000000044e-47
9.575000000000000000e+01 2.725790000000000111e-47
9.600000000000000000e+01 2.716350000000000223e-47
9.625000000000000000e+01 2.706989999999999791e-47
9.650000000000000000e+01 2.697839999999999934e-47
9.675000000000000000e+01 2.688449999999999767e-47
9.700000000000000000e+01 2.679279999999999924e-47
9.725000000000000000e+01 2.670429999999999847e-47
9.750000000000000000e+01 2.661629999999999977e-47
9.775000000000000000e+01 2.652670000000000224e-47
9.800000000000000000e+01 2.643949999999999808e-47
9.825000000000000000e+01 2.635220000000000130e-47
9.850000000000000000e+01 2.626569999999999906e-47
9.875000000000000000e+01 2.618129999999999772e-47
9.900000000000000000e+01 2.609650000000000153e-47
9.925000000000000000e+01 2.601570000000000241e-47
9.950000000000000000e+01 2.593250000000000019e-47
9.975000000000000000e+01 2.585290000000000019e-47
1.000000000000000000e+02 2.577540000000000108e-47
1.002500000000000000e+02 2.569429999999999975e-47
1.005000000000000000e+02 2.561589999999999887e-47
1.007500000000000000e+02 2.553780000000000020e-47
1.010000000000000000e+02 2.545950000000000168e-47
1.012500000000000000e+02 2.538329999999999919e-47
1.015000000000000000e+02 2.530730000000000142e-47
1.017500000000000000e+02 2.523249999999999790e-47
1.020000000000000000e+02 2.515809999999999895e-47
1.022500000000000000e+02 2.508330000000000029e-47
1.025000000000000000e+02 2.501240000000000121e-47
1.027500000000000000e+02 2.493940000000000124e-47
1.030000000000000000e+02 2.486789999999999773e-47
1.032500000000000000e+02 2.479280000000000172e-47
1.035000000000000000e+02 2.472250000000000220e-47
1.037500000000000000e+02 2.465540000000000033e-47
1.040000000000000000e+02 2.459030000000000186e-47
1.042500000000000000e+02 2.452269999999999793e-47
1.045000000000000000e+02 2.445620000000000048e-47
1.047500000000000000e+02 2.438869999999999891e-47
1.050000000000000000e+02 2.432189999999999925e-47
1.052500000000000000e+02 2.425729999999999798e-47
1.055000000000000000e+02 2.419149999999999759e-47
1.057500000000000000e+02 2.412860000000000236e-47
1.060000000000000000e+02 2.406630000000000184e-47
1.062500000000000000e+02 2.400360000000000161e-47
1.065000000000000000e+02 2.394270000000000006e-47
1.067500000000000000e+02 2.388309999999999998e-47
1.070000000000000000e+02 2.382500000000000124e-47
1.072500000000000000e+02 2.376540000000000117e-47
1.075000000000000000e+02 2.370649999999999815e-47
1.077500000000000000e+02 2.364879999999999912e-47
1.080000000000000000e+02 2.359149999999999979e-47
1.082500000000000000e+02 2.353690000000000092e-47
1.085000000000000000e+02 2.348029999999999864e-47
1.087500000000000000e+02 2.342250000000000211e-47
1.090000000000000000e+02 2.336789999999999838e-47
1.092500000000000000e+02 2.331690000000000172e-47
1.095000000000000000e+02 2.326269999999999769e-47
1.097500000000000000e+02 2.320669999999999984e-47
1.100000000000000000e+02 2.315330000000000009e-47
1.102500000000000000e+02 2.309939999999999827e-47
1.105000000000000000e+02 2.304300000000000071e-47
1.107500000000000000e+02 2.299130000000000214e-47
1.110000000000000000e+02 2.293760000000000017e-47
1.112500000000000000e+02 2.288710000000000072e-47
1.115000000000000000e+02 2.283529999999999980e-47
1.117500000000000000e+02 2.278900000000000213e-47
1.120000000000000000e+02 2.273959999999999944e-47
1.122500000000000000e+02 2.269020000000000162e-47
1.125000000000000000e+02 2.264199999999999805e-47
1.127500000000000000e+02 2.259450000000000126e-47
1.130000000000000000e+02 2.254799999999999888e-47
1.132500000000000000e+02 2.249840000000000120e-47
1.135000000000000000e+02 2.245089999999999956e-47
1.137500000000000000e+02 2.240589999999999851e-47
1.140000000000000000e+02 2.235869999999999907e-47
1.142500000000000000e+02 2.231200000000000169e-47
1.145000000000000000e+02 2.226660000000000094e-47
1.147500000000000000e+02 2.222250000000000166e-47
1.150000000000000000e+02 2.217989999999999885e-47
1.152500000000000000e+02 2.213590000000000193e-47
1.155000000000000000e+02 2.209280000000000192e-47
1.157500000000000000e+02 2.205050000000000132e-47
1.160000000000000000e+02 2.200909999999999763e-47
1.162500000000000000e+02 2.196889999999999792e-47
1.165000000000000000e+02 2.192610000000000012e-47
1.167500000000000000e+02 2.188540000000000078e-47
1.170000000000000000e+02 2.184439999999999923e-47
1.172500000000000000e+02 2.180250000000000077e-47
1.175000000000000000e+02 2.176300000000000055e-47
1.177500000000000000e+02 2.172149999999999937e-47
1.180000000000000000e+02 2.168229999999999893e-47
1.182500000000000000e+02 2.164310000000000092e-47
1.185000000000000000e+02 2.160549999999999930e-47
1.187500000000000000e+02 2.156780000000000020e-47
1.190000000000000000e+02 2.153090000000000050e-47
1.192500000000000000e+02 2.149239999999999955e-47
1.195000000000000000e+02 2.145619999999999934e-47
1.197500000000000000e+02 2.142120000000000069e-47
1.200000000000000000e+02 2.138400000000000121e-47
1.202500000000000000e+02 2.134860000000000042e-47
1.205000000000000000e+02 2.131520000000000059e-47
1.207500000000000000e+02 2.128039999999999936e-47
1.210000000000000000e+02 2.124649999999999989e-47
1.212500000000000000e+02 2.121250000000000050e-47
1.215000000000000000e+02 2.117789999999999912e-47
1.217500000000000000e+02 2.114540000000000107e-47
1.220000000000000000e+02 2.111330000000000029e-47
1.222500000000000000e+02 2.108109999999999958e-47
1.225000000000000000e+02 2.104970000000000071e-47
1.227500000000000000e+02 2.101809999999999957e-47
1.230000000000000000e+02 2.098750000000000012e-47
1.232500000000000000e+02 2.095350000000000073e-47
1.235000000000000000e+02 2.092110000000000016e-47
1.237500000000000000e+02 2.088949999999999902e-47
1.240000000000000000e+02 2.086130000000000024e-47
1.242500000000000000e+02 2.083030000000000108e-47
1.245000000000000000e+02 2.080180000000000009e-47
1.247500000000000000e+02 2.077299999999999932e-47
1.250000000000000000e+02 2.074490000000000047e-47
1.252500000000000000e+02 2.071830000000000052e-47
1.255000000000000000e+02 2.069100000000000108e-47
1.257500000000000000e+02 2.066500000000000069e-47
1.260000000000000000e+02 2.063739999999999904e-47
1.262500000000000000e+02 2.061059999999999924e-47
1.265000000000000000e+02 2.058369999999999951e-47
1.267500000000000000e+02 2.055719999999999948e-47
1.270000000000000000e+02 2.053170000000000116e-47
1.272500000000000000e+02 2.050759999999999937e-47
1.275000000000000000e+02 2.048429999999999944e-47
1.277500000000000000e+02 2.045839999999999897e-47
1.280000000000000000e+02 2.043409999999999977e-47
1.282500000000000000e+02 2.040889999999999879e-47
1.285000000000000000e+02 2.038700000000000025e-47
1.287500000000000000e+02 2.036410000000000002e-47
1.290000000000000000e+02 2.034080000000000008e-47
1.292500000000000000e+02 2.031879999999999919e-47
1.295000000000000000e+02 2.029599999999999889e-47
1.297500000000000000e+02 2.027279999999999887e-47
1.300000000000000000e+02 2.025000000000000100e-47
1.302500000000000000e+02 2.022780000000000026e-47
1.305000000000000000e+02 2.020579999999999936e-47
1.307500000000000000e+02 2.018440000000000046e-47
1.310000000000000000e+02 2.016480000000000024e-47
1.312500000000000000e+02 2.014239999999999965e-47
1.315000000000000000e+02 2.012050000000000111e-47
1.317500000000000000e+02 2.009979999999999927e-47
1.320000000000000000e+02 2.007929999999999971e-47
1.322500000000000000e+02 2.005850000000000037e-47
1.325000000000000000e+02 2.003870000000000029e-47
1.327500000000000000e+02 2.001959999999999971e-47
1.330000000000000000e+02 2.000160000000000075e-47
1.332500000000000000e+02 1.998170000000000075e-47
1.335000000000000000e+02 1.996560000000000039e-47
1.337500000000000000e+02 1.994890000000000048e-47
1.340000000000000000e+02 1.993129999999999879e-47
1.342500000000000000e+02 1.991409999999999924e-47
1.345000000000000000e+02 1.989600000000000036e-47
1.347500000000000000e+02 1.987990000000000000e-47
1.350000000000000000e+02 1.986149999999999890e-47
1.352500000000000000e+02 1.984449999999999921e-47
1.355000000000000000e+02 1.982829999999999893e-47
1.357500000000000000e+02 1.981079999999999960e-47
1.360000000000000000e+02 1.979449999999999939e-47
1.362500000000000000e+02 1.977900000000000103e-47
1.365000000000000000e+02 1.976630000000000061e-47
1.367500000000000000e+02 1.975020000000000026e-47
1.370000000000000000e+02 1.973640000000000065e-47
1.372500000000000000e+02 1.972020000000000037e-47
1.375000000000000000e+02 1.970610000000000098e-47
1.377500000000000000e+02 1.969280000000000100e-47
1.380000000000000000e+02 1.967889999999999904e-47
1.382500000000000000e+02 1.966280000000000111e-47
1.385000000000000000e+02 1.965109999999999997e-47
1.387500000000000000e+02 1.963849999999999948e-47
1.390000000000000000e+02 1.962630000000000113e-47
1.392500000000000000e+02 1.961239999999999916e-47
1.395000000000000000e+02 1.960139999999999993e-47
1.397500000000000000e+02 1.958919999999999915e-47
1.400000000000000000e+02 1.957829999999999984e-47
1.402500000000000000e+02 1.956650000000000120e-47
1.405000000000000000e+02 1.955619999999999903e-47
1.407500000000000000e+02 1.954619999999999906e-47
1.410000000000000000e+02 1.953480000000000013e-47
1.412500000000000000e+02 1.952549999999999965e-47
1.415000000000000000e+02 1.951450000000000042e-47
1.417500000000000000e+02 1.950569999999999958e-47
1.420000000000000000e+02 1.949569999999999961e-47
1.422500000000000000e+02 1.948720000000000098e-47
1.425000000000000000e+02 1.947639999999999917e-47
1.427500000000000000e+02 1.946689999999999884e-47
1.430000000000000000e+02 1.945689999999999888e-47
1.432500000000000000e+02 1.944679999999999899e-47
1.435000000000000000e+02 1.943689999999999895e-47
1.437500000000000000e+02 1.942810000000000054e-47
1.440000000000000000e+02 1.941830000000000043e-47
1.442500000000000000e+02 1.941049999999999886e-47
1.445000000000000000e+02 1.940249999999999986e-47
1.447500000000000000e+02 1.939319999999999938e-47
1.450000000000000000e+02 1.938740000000000120e-47
1.452500000000000000e+02 1.938059999999999889e-47
1.455000000000000000e+02 1.937259999999999990e-47
1.457500000000000000e+02 1.936430000000000112e-47
1.460000000000000000e+02 1.935440000000000108e-47
1.462500000000000000e+02 1.934699999999999921e-47
1.465000000000000000e+02 1.934089999999999882e-47
1.467500000000000000e+02 1.933419999999999887e-47
1.470000000000000000e+02 1.932860000000000054e-47
1.472500000000000000e+02 1.932089999999999889e-47
1.475000000000000000e+02 1.931170000000000078e-47
1.477500000000000000e+02 1.930580000000000024e-47
1.480000000000000000e+02 1.929850000000000073e-47
1.482500000000000000e+02 1.929140000000000107e-47
1.485000000000000000e+02 1.928309999999999986e-47
1.487500000000000000e+02 1.927560000000000049e-47
1.490000000000000000e+02 1.926920000000000032e-47
1.492500000000000000e+02 1.926119999999999889e-47
1.495000000000000000e+02 1.925769999999999903e-47
1.497500000000000000e+02 1.925109999999999900e-47
1.500000000000000000e+02 1.924779999999999899e-47
1.502500000000000000e+02 1.924160000000000111e-47
1.505000000000000000e+02 1.923610000000000027e-47
1.507500000000000000e+02 1.923059999999999944e-47
1.510000000000000000e+02 1.922590000000000046e-47
1.512500000000000000e+02 1.922149999999999882e-47
1.515000000000000000e+02 1.921900000000000065e-47
1.517500000000000000e+02 1.921719999999999954e-47
1.520000000000000000e+02 1.921290000000000026e-47
1.522500000000000000e+02 1.920930000000000047e-47
1.525000000000000000e+02 1.920399999999999949e-47
1.527500000000000000e+02 1.919980000000000014e-47
1.530000000000000000e+02 1.919439999999999924e-47
1.532500000000000000e+02 1.919019999999999988e-47
1.535000000000000000e+02 1.918580000000000068e-47
1.537500000000000000e+02 1.918359999999999986e-47
1.540000000000000000e+02 1.917960000000000036e-47
1.542500000000000000e+02 1.917330000000000012e-47
1.545000000000000000e+02 1.916990000000000018e-47
1.547500000000000000e+02 1.916759999999999943e-47
1.550000000000000000e+02 1.916459999999999920e-47
1.552500000000000000e+02 1.916149999999999904e-47
1.555000000000000000e+02 1.915890000000000095e-47
1.557500000000000000e+02 1.915819999999999903e-47
1.560000000000000000e+02 1.915570000000000086e-47
1.562500000000000000e+02 1.915519999999999880e-47
1.565000000000000000e+02 1.915479999999999909e-47
1.567500000000000000e+02 1.915270000000000063e-47
1.570000000000000000e+02 1.915099999999999944e-47
1.572500000000000000e+02 1.914809999999999914e-47
1.575000000000000000e+02 1.914560000000000097e-47
1.577500000000000000e+02 1.914409999999999964e-47
1.580000000000000000e+02 1.914029999999999999e-47
1.582500000000000000e+02 1.913839999999999896e-47
1.585000000000000000e+02 1.913660000000000028e-47
1.587500000000000000e+02 1.913529999999999880e-47
1.590000000000000000e+02 1.913749999999999962e-47
1.592500000000000000e+02 1.913849999999999888e-47
1.595000000000000000e+02 1.913859999999999881e-47
1.597500000000000000e+02 1.913890000000000102e-47
1.600000000000000000e+02 1.913789999999999932e-47
1.602500000000000000e+02 1.913469999999999924e-47
1.605000000000000000e+02 1.913680000000000013e-47
1.607500000000000000e+02 1.913409999999999968e-47
1.610000000000000000e+02 1.913479999999999916e-47
1.612500000000000000e+02 1.913640000000000042e-47
1.615000000000000000e+02 1.913610000000000064e-47
1.617500000000000000e+02 1.913660000000000028e-47
1.620000000000000000e+02 1.913699999999999998e-47
1.622500000000000000e+02 1.913769999999999947e-47
1.625000000000000000e+02 1.914020000000000007e-47
1.627500000000000000e+02 1.913940000000000065e-47
1.630000000000000000e+02 1.914149999999999912e-47
1.632500000000000000e+02 1.914330000000000023e-47
1.635000000000000000e+02 1.914499999999999898e-47
1.637500000000000000e+02 1.914870000000000113e-47
1.640000000000000000e+02 1.914970000000000040e-47
1.642500000000000000e+02 1.915139999999999915e-47
1.645000000000000000e+02 1.915600000000000064e-47
1.647500000000000000e+02 1.915769999999999940e-47
1.650000000000000000e+02 1.916200000000000111e-47
1.652500000000000000e+02 1.916620000000000046e-47
1.655000000000000000e+02 1.917109999999999930e-47
1.657500000000000000e+02 1.917240000000000078e-47
1.660000000000000000e+02 1.917749999999999947e-47
1.662500000000000000e+02 1.918359999999999986e-47
1.665000000000000000e+02 1.918819999999999892e-47
1.667500000000000000e+02 1.919290000000000034e-47
1.670000000000000000e+02 1.919880000000000087e-47
1.672500000000000000e+02 1.920369999999999971e-47
1.675000000000000000e+02 1.920970000000000018e-47
1.677500000000000000e+02 1.921540000000000086e-47
1.680000000000000000e+02 1.921980000000000007e-47
1.682500000000000000e+02 1.922320000000000001e-47
1.685000000000000000e+02 1.922739999999999936e-47
1.687500000000000000e+02 1.923419999999999924e-47
1.690000000000000000e+02 1.924009999999999977e-47
1.692500000000000000e+02 1.924329999999999986e-47
1.695000000000000000e+02 1.924850000000000091e-47
1.697500000000000000e+02 1.925449999999999894e-47
1.700000000000000000e+02 1.926170000000000096e-47
1.702500000000000000e+02 1.926930000000000025e-47
1.705000000000000000e+02 1.927679999999999962e-47
1.707500000000000000e+02 1.928399999999999920e-47
1.710000000000000000e+02 1.929240000000000034e-47
1.712500000000000000e+02 1.930180000000000074e-47
1.715000000000000000e+02 1.930949999999999996e-47
1.717500000000000000e+02 1.931840000000000073e-47
1.720000000000000000e+02 1.932570000000000024e-47
1.722500000000000000e+02 1.933570000000000020e-47
1.725000000000000000e+02 1.934329999999999949e-47
1.727500000000000000e+02 1.935319999999999953e-47
1.730000000000000000e+02 1.936140000000000081e-47
1.732500000000000000e+02 1.937029999999999915e-47
1.735000000000000000e+02 1.937750000000000117e-47
1.737500000000000000e+02 1.938579999999999994e-47
1.740000000000000000e+02 1.939689999999999910e-47
1.742500000000000000e+02 1.940540000000000016e-47
1.745000000000000000e+02 1.941369999999999894e-47
1.747500000000000000e+02 1.942379999999999883e-47
1.750000000000000000e+02 1.943329999999999916e-47
1.752500000000000000e+02 1.944319999999999920e-47
1.755000000000000000e+02 1.945279999999999945e-47
1.757500000000000000e+02 1.946329999999999905e-47
1.760000000000000000e+02 1.947279999999999938e-47
1.762500000000000000e+02 1.948269999999999942e-47
1.765000000000000000e+02 1.949180000000000004e-47
1.767500000000000000e+02 1.950279999999999927e-47
1.770000000000000000e+02 1.951579999999999947e-47
1.772500000000000000e+02 1.952929999999999930e-47
1.775000000000000000e+02 1.954150000000000008e-47
1.777500000000000000e+02 1.955269999999999916e-47
1.780000000000000000e+02 1.956400000000000060e-47
1.782500000000000000e+02 1.957670000000000102e-47
1.785000000000000000e+02 1.958909999999999922e-47
1.787500000000000000e+02 1.960090000000000030e-47
1.790000000000000000e+02 1.961310000000000108e-47
1.792500000000000000e+02 1.962509999999999958e-47
1.795000000000000000e+02 1.963650000000000094e-47
1.797500000000000000e+02 1.964789999999999988e-47
1.800000000000000000e+02 1.966169999999999949e-47
1.802500000000000000e+02 1.967539999999999917e-47
1.805000000000000000e+02 1.969010000000000055e-47
1.807500000000000000e+02 1.970050000000000022e-47
1.810000000000000000e+02 1.971290000000000086e-47
1.812500000000000000e+02 1.972849999999999915e-47
1.815000000000000000e+02 1.974149999999999934e-47
1.817500000000000000e+02 1.975539999999999888e-47
1.820000000000000000e+02 1.976930000000000085e-47
1.822500000000000000e+02 1.978419999999999965e-47
1.825000000000000000e+02 1.979970000000000044e-47
1.827500000000000000e+02 1.981369999999999990e-47
1.830000000000000000e+02 1.982779999999999929e-47
1.832500000000000000e+02 1.984379999999999972e-47
1.835000000000000000e+02 1.985759999999999933e-47
1.837500000000000000e+02 1.986890000000000077e-47
1.840000000000000000e+02 1.988419999999999928e-47
1.842500000000000000e+02 1.989900000000000059e-47
1.845000000000000000e+02 1.991530000000000080e-47
1.847500000000000000e+02 1.993190000000000078e-47
1.850000000000000000e+02 1.994659999999999973e-47
1.852500000000000000e+02 1.996200000000000060e-47
1.855000000000000000e+02 1.997769999999999882e-47
1.857500000000000000e+02 1.999359999999999932e-47
1.860000000000000000e+02 2.000969999999999967e-47
1.862500000000000000e+02 2.002339999999999935e-47
1.865000000000000000e+02 2.003830000000000059e-47
1.867500000000000000e+02 2.005520000000000035e-47
1.870000000000000000e+02 2.007090000000000100e-47
1.872500000000000000e+02 2.008579999999999980e-47
1.875000000000000000e+02 2.010190000000000016e-47
1.877500000000000000e+02 2.011770000000000073e-47
1.880000000000000000e+02 2.013239999999999968e-47
1.882500000000000000e+02 2.014820000000000026e-47
1.885000000000000000e+02 2.016500000000000010e-47
1.887500000000000000e+02 2.018100000000000052e-47
1.890000000000000000e+02 2.019849999999999985e-47
1.892500000000000000e+02 2.021589999999999925e-47
1.895000000000000000e+02 2.023380000000000072e-47
1.897500000000000000e+02 2.024959999999999886e-47
1.900000000000000000e+02 2.026569999999999922e-47
1.902500000000000000e+02 2.028340000000000083e-47
1.905000000000000000e+02 2.029909999999999905e-47
1.907500000000000000e+02 2.031539999999999925e-47
1.910000000000000000e+02 2.033209999999999917e-47
1.912500000000000000e+02 2.034690000000000047e-47
1.915000000000000000e+02 2.036149999999999950e-47
1.917500000000000000e+02 2.037809999999999948e-47
1.920000000000000000e+02 2.039419999999999984e-47
1.922500000000000000e+02 2.041010000000000034e-47
1.925000000000000000e+02 2.042680000000000025e-47
1.927500000000000000e+02 2.044340000000000024e-47
1.930000000000000000e+02 2.046010000000000016e-47
1.932500000000000000e+02 2.047409999999999962e-47
1.935000000000000000e+02 2.049089999999999946e-47
1.937500000000000000e+02 2.050640000000000025e-47
1.940000000000000000e+02 2.052389999999999958e-47
1.942500000000000000e+02 2.054339999999999987e-47
1.945000000000000000e+02 2.055890000000000067e-47
1.947500000000000000e+02 2.057699999999999956e-47
1.950000000000000000e+02 2.059190000000000079e-47
1.952500000000000000e+02 2.061210000000000057e-47
1.955000000000000000e+02 2.063120000000000116e-47
1.957500000000000000e+02 2.064540000000000047e-47
1.960000000000000000e+02 2.066170000000000068e-47
1.962500000000000000e+02 2.067979999999999957e-47
1.965000000000000000e+02 2.069659999999999941e-47
1.967500000000000000e+02 2.071210000000000020e-47
1.970000000000000000e+02 2.072770000000000092e-47
1.972500000000000000e+02 2.074349999999999907e-47
1.975000000000000000e+02 2.076130000000000061e-47
1.977500000000000000e+02 2.077609999999999948e-47
1.980000000000000000e+02 2.079500000000000021e-47
1.982500000000000000e+02 2.081219999999999976e-47
1.985000000000000000e+02 2.083009999999999880e-47
1.987500000000000000e+02 2.084750000000000063e-47
1.990000000000000000e+02 2.085810000000000015e-47
1.992500000000000000e+02 2.087770000000000037e-47
1.995000000000000000e+02 2.089730000000000059e-47
1.997500000000000000e+02 2.091430000000000029e-47
2.000000000000000000e+02 2.093169999999999969e-47
2.002500000000000000e+02 2.095340000000000080e-47
2.005000000000000000e+02 2.097199999999999932e-47
2.007500000000000000e+02 2.098750000000000012e-47
2.010000000000000000e+02 2.100690000000000048e-47
2.012500000000000000e+02 2.102569999999999886e-47
2.015000000000000000e+02 2.104439999999999974e-47
2.017500000000000000e+02 2.106159999999999928e-47
2.020000000000000000e+02 2.107720000000000001e-47
2.022500000000000000e+02 2.109240000000000102e-47
2.025000000000000000e+02 2.110910000000000093e-47
2.027500000000000000e+02 2.112779999999999938e-47
2.030000000000000000e+02 2.114379999999999981e-47
2.032500000000000000e+02 2.116220000000000091e-47
2.035000000000000000e+02 2.117880000000000090e-47
2.037500000000000000e+02 2.119709999999999964e-47
2.040000000000000000e+02 2.121300000000000014e-47
2.042500000000000000e+02 2.122910000000000049e-47
2.045000000000000000e+02 2.124689999999999960e-47
2.047500000000000000e+02 2.126610000000000011e-47
2.050000000000000000e+02 2.128409999999999908e-47
2.052500000000000000e+02 2.130160000000000083e-47
2.055000000000000000e+02 2.132019999999999936e-47
2.057500000000000000e+02 2.133689999999999927e-47
2.060000000000000000e+02 2.135450000000000096e-47
2.062500000000000000e+02 2.136959999999999961e-47
2.065000000000000000e+02 2.138319999999999937e-47
2.067500000000000000e+02 2.139780000000000082e-47
2.070000000000000000e+02 2.141090000000000094e-47
2.072500000000000000e+02 2.142790000000000064e-47
2.075000000000000000e+02 2.144430000000000077e-47
2.077500000000000000e+02 2.145889999999999979e-47
2.080000000000000000e+02 2.147309999999999911e-47
2.082500000000000000e+02 2.148740000000000078e-47
2.085000000000000000e+02 2.150040000000000098e-47
2.087500000000000000e+02 2.151080000000000065e-47
2.090000000000000000e+02 2.152720000000000078e-47
2.092500000000000000e+02 2.154269999999999915e-47
2.095000000000000000e+02 2.155559999999999942e-47
2.097500000000000000e+02 2.156919999999999917e-47
2.100000000000000000e+02 2.158159999999999981e-47
2.102500000000000000e+02 2.159569999999999920e-47
2.105000000000000000e+02 2.160980000000000102e-47
2.107500000000000000e+02 2.162199999999999937e-47
2.110000000000000000e+02 2.163139999999999977e-47
2.112500000000000000e+02 2.164109999999999995e-47
2.115000000000000000e+02 2.165300000000000095e-47
2.117500000000000000e+02 2.166569999999999894e-47
2.120000000000000000e+02 2.167300000000000088e-47
2.122500000000000000e+02 2.168209999999999907e-47
2.125000000000000000e+02 2.169089999999999992e-47
2.127500000000000000e+02 2.170109999999999973e-47
2.130000000000000000e+02 2.171050000000000013e-47
2.132500000000000000e+02 2.172060000000000002e-47
2.135000000000000000e+02 2.172630000000000071e-47
2.137500000000000000e+02 2.172700000000000020e-47
2.140000000000000000e+02 2.173050000000000006e-47
2.142500000000000000e+02 2.173610000000000082e-47
2.145000000000000000e+02 2.174069999999999988e-47
2.147500000000000000e+02 2.173950000000000076e-47
2.150000000000000000e+02 2.174089999999999973e-47
2.152500000000000000e+02 2.174350000000000026e-47
2.155000000000000000e+02 2.174399999999999989e-47
2.157500000000000000e+02 2.174389999999999996e-47
2.160000000000000000e+02 2.174119999999999951e-47
2.162500000000000000e+02 2.174069999999999988e-47
2.165000000000000000e+02 2.173509999999999912e-47
2.167500000000000000e+02 2.173000000000000043e-47
2.170000000000000000e+02 2.172089999999999980e-47
2.172500000000000000e+02 2.171340000000000044e-47
2.175000000000000000e+02 2.170889999999999888e-47
2.177500000000000000e+02 2.169650000000000067e-47
2.180000000000000000e+02 2.169040000000000028e-47
2.182500000000000000e+02 2.167869999999999913e-47
2.185000000000000000e+02 2.166569999999999894e-47
2.187500000000000000e+02 2.165589999999999883e-47
2.190000000000000000e+02 2.163519999999999941e-47
2.192500000000000000e+02 2.161839999999999957e-47
2.195000000000000000e+02 2.159869999999999943e-47
2.197500000000000000e+02 2.158030000000000076e-47
2.200000000000000000e+02 2.155990000000000113e-47
2.202500000000000000e+02 2.154000000000000113e-47
2.205000000000000000e+02 2.151130000000000028e-47
2.207500000000000000e+02 2.148549999999999975e-47
2.210000000000000000e+02 2.145979999999999913e-47
2.212500000000000000e+02 2.143219999999999992e-47
2.215000000000000000e+02 2.140629999999999945e-47
2.217500000000000000e+02 2.137619999999999964e-47
2.220000000000000000e+02 2.134259999999999995e-47
2.222500000000000000e+02 2.130800000000000101e-47
2.225000000000000000e+02 2.127399999999999919e-47
2.227500000000000000e+02 2.123769999999999905e-47
2.230000000000000000e+02 2.120220000000000076e-47
2.232500000000000000e+02 2.116749999999999945e-47
2.235000000000000000e+02 2.112610000000000063e-47
2.237500000000000000e+02 2.108199999999999892e-47
2.240000000000000000e+02 2.103109999999999976e-47
2.242500000000000000e+02 2.098350000000000062e-47
2.245000000000000000e+02 2.093259999999999903e-47
2.247500000000000000e+02 2.088529999999999966e-47
2.250000000000000000e+02 2.083490000000000014e-47
2.252500000000000000e+02 2.078309999999999921e-47
2.255000000000000000e+02 2.073029999999999902e-47
2.257500000000000000e+02 2.067900000000000015e-47
2.260000000000000000e+02 2.062820000000000092e-47
2.262500000000000000e+02 2.057280000000000020e-47
2.265000000000000000e+02 2.052159999999999884e-47
2.267500000000000000e+02 2.046570000000000091e-47
2.270000000000000000e+02 2.041340000000000035e-47
2.272500000000000000e+02 2.034950000000000100e-47
2.275000000000000000e+02 2.028239999999999913e-47
2.277500000000000000e+02 2.021629999999999896e-47
2.280000000000000000e+02 2.014800000000000040e-47
2.282500000000000000e+02 2.007880000000000007e-47
2.285000000000000000e+02 2.001049999999999908e-47
2.287500000000000000e+02 1.993639999999999992e-47
2.290000000000000000e+02 1.986310000000000016e-47
2.292500000000000000e+02 1.977779999999999948e-47
2.295000000000000000e+02 1.969600000000000109e-47
2.297500000000000000e+02 1.961070000000000041e-47
2.300000000000000000e+02 1.952350000000000112e-47
2.302500000000000000e+02 1.943379999999999880e-47
2.305000000000000000e+02 1.933749999999999888e-47
2.307500000000000000e+02 1.923620000000000020e-47
2.310000000000000000e+02 1.913499999999999902e-47
2.312500000000000000e+02 1.903410000000000004e-47
2.315000000000000000e+02 1.892519999999999964e-47
2.317500000000000000e+02 1.881679999999999887e-47
2.320000000000000000e+02 1.870160000000000066e-47
2.322500000000000000e+02 1.858570000000000052e-47
2.325000000000000000e+02 1.846079999999999969e-47
2.327500000000000000e+02 1.833769999999999998e-47
2.330000000000000000e+02 1.821470000000000018e-47
2.332500000000000000e+02 1.808850000000000031e-47
2.335000000000000000e+02 1.795620000000000004e-47
2.337500000000000000e+02 1.782379999999999985e-47
2.340000000000000000e+02 1.769429999999999996e-47
2.342500000000000000e+02 1.755959999999999902e-47
2.345000000000000000e+02 1.741870000000000019e-47
2.347500000000000000e+02 1.727810000000000114e-47
2.350000000000000000e+02 1.713540000000000121e-47
2.352500000000000000e+02 1.699449999999999995e-47
2.355000000000000000e+02 1.684909999999999956e-47
2.357500000000000000e+02 1.670200000000000042e-47
2.360000000000000000e+02 1.655270000000000045e-47
2.362500000000000000e+02 1.640199999999999909e-47
2.365000000000000000e+02 1.625020000000000096e-47
2.367500000000000000e+02 1.609520000000000031e-47
2.370000000000000000e+02 1.594309999999999997e-47
2.372500000000000000e+02 1.578700000000000013e-47
2.375000000000000000e+02 1.563179999999999963e-47
2.377500000000000000e+02 1.547279999999999948e-47
2.380000000000000000e+02 1.531520000000000074e-47
2.382500000000000000e+02 1.515729999999999979e-47
2.385000000000000000e+02 1.499710000000000053e-47
2.387500000000000000e+02 1.483370000000000117e-47
2.390000000000000000e+02 1.467369999999999933e-47
2.392500000000000000e+02 1.451439999999999941e-47
2.395000000000000000e+02 1.435119999999999991e-47
2.397500000000000000e+02 1.419700000000000111e-47
2.400000000000000000e+02 1.403999999999999949e-47
2.402500000000000000e+02 1.388139999999999906e-47
2.405000000000000000e+02 1.372239999999999891e-47
2.407500000000000000e+02 1.356649999999999892e-47
2.410000000000000000e+02 1.340949999999999974e-47
2.412500000000000000e+02 1.325240000000000064e-47
2.415000000000000000e+02 1.309320000000000064e-47
2.417500000000000000e+02 1.293619999999999903e-47
2.420000000000000000e+02 1.277770000000000095e-47
2.422500000000000000e+02 1.262019999999999970e-47
2.425000000000000000e+02 1.246310000000000059e-47
2.427500000000000000e+02 1.230289999999999890e-47
2.430000000000000000e+02 1.214039999999999889e-47
2.432500000000000000e+02 1.197630000000000005e-47
2.435000000000000000e+02 1.181630000000000063e-47
2.437500000000000000e+02 1.165179999999999966e-47
2.440000000000000000e+02 1.149100000000000083e-47
2.442500000000000000e+02 1.132689999999999956e-47
2.445000000000000000e+02 1.116030000000000013e-47
2.447500000000000000e+02 1.100129999999999998e-47
2.450000000000000000e+02 1.083540000000000003e-47
2.452500000000000000e+02 1.067610000000000011e-47
2.455000000000000000e+02 1.051470000000000050e-47
2.457500000000000000e+02 1.035590000000000021e-47
2.460000000000000000e+02 1.019850000000000011e-47
2.462500000000000000e+02 1.004390000000000038e-47
2.465000000000000000e+02 9.893510000000000492e-48
2.467500000000000000e+02 9.738210000000000066e-48
2.470000000000000000e+02 9.579709999999999554e-48
2.472500000000000000e+02 9.424640000000000417e-48
2.475000000000000000e+02 9.267889999999999838e-48
2.477500000000000000e+02 9.117009999999999576e-48
2.480000000000000000e+02 8.966890000000000457e-48
2.482500000000000000e+02 8.819470000000000576e-48
2.485000000000000000e+02 8.670700000000000468e-48
2.487500000000000000e+02 8.527640000000000308e-48
2.490000000000000000e+02 8.382050000000000544e-48
2.492500000000000000e+02 8.233519999999999774e-48
2.495000000000000000e+02 8.088880000000000529e-48
2.497500000000000000e+02 7.952529999999999583e-48
2.500000000000000000e+02 7.818379999999999456e-48
2.502500000000000000e+02 7.682819999999999876e-48
2.505000000000000000e+02 7.551750000000000165e-48
2.507500000000000000e+02 7.419069999999999932e-48
2.510000000000000000e+02 7.292220000000000532e-48
2.512500000000000000e+02 7.165300000000000210e-48
2.515000000000000000e+02 7.040540000000000007e-48
2.517500000000000000e+02 6.917609999999999921e-48
2.520000000000000000e+02 6.799529999999999927e-48
2.522500000000000000e+02 6.675920000000000097e-48
2.525000000000000000e+02 6.557970000000000250e-48
2.527500000000000000e+02 6.444510000000000273e-48
2.530000000000000000e+02 6.329059999999999810e-48
2.532500000000000000e+02 6.222299999999999784e-48
2.535000000000000000e+02 6.113989999999999678e-48
2.537500000000000000e+02 6.002550000000000408e-48
2.540000000000000000e+02 5.897039999999999466e-48
2.542500000000000000e+02 5.795589999999999680e-48
2.545000000000000000e+02 5.694849999999999861e-48
2.547500000000000000e+02 5.593300000000000149e-48
2.550000000000000000e+02 5.494269999999999562e-48
2.552500000000000000e+02 5.397729999999999702e-48
