0.000000000000000000e+00 5.000000000000000000e-01
2.500000000000000000e-01 5.000000000000000000e-01
5.000000000000000000e-01 5.000000000000000000e-01
7.500000000000000000e-01 5.000000000000000000e-01
1.000000000000000000e+00 5.000000000000000000e-01
1.250000000000000000e+00 5.000000000000000000e-01
1.500000000000000000e+00 5.000000000000000000e-01
1.750000000000000000e+00 5.000000000000000000e-01
2.000000000000000000e+00 5.000000000000000000e-01
2.250000000000000000e+00 5.000000000000000000e-01
2.500000000000000000e+00 5.000000000000000000e-01
2.750000000000000000e+00 5.000000000000000000e-01
3.000000000000000000e+00 5.000000000000000000e-01
3.250000000000000000e+00 5.000000000000000000e-01
3.500000000000000000e+00 5.000000000000000000e-01
3.750000000000000000e+00 5.000000000000000000e-01
4.000000000000000000e+00 5.000000000000000000e-01
4.250000000000000000e+00 5.000000000000000000e-01
4.500000000000000000e+00 5.000000000000000000e-01
4.750000000000000000e+00 5.000000000000000000e-01
5.000000000000000000e+00 5.000000000000000000e-01
5.250000000000000000e+00 5.000000000000000000e-01
5.500000000000000000e+00 5.000000000000000000e-01
5.750000000000000000e+00 5.000000000000000000e-01
6.000000000000000000e+00 5.000000000000000000e-01
6.250000000000000000e+00 5.000000000000000000e-01
6.500000000000000000e+00 5.000000000000000000e-01
6.750000000000000000e+00 5.000000000000000000e-01
7.000000000000000000e+00 5.000000000000000000e-01
7.250000000000000000e+00 5.000000000000000000e-01
7.500000000000000000e+00 5.000000000000000000e-01
7.750000000000000000e+00 5.000000000000000000e-01
8.000000000000000000e+00 5.000000000000000000e-01
8.250000000000000000e+00 5.000000000000000000e-01
8.500000000000000000e+00 5.000000000000000000e-01
8.750000000000000000e+00 5.000000000000000000e-01
9.000000000000000000e+00 5.000000000000000000e-01
9.250000000000000000e+00 5.000000000000000000e-01
9.500000000000000000e+00 5.000000000000000000e-01
9.750000000000000000e+00 5.000000000000000000e-01
1.000000000000000000e+01 5.000000000000000000e-01
1.025000000000000000e+01 5.000000000000000000e-01
1.050000000000000000e+01 5.000000000000000000e-01
1.075000000000000000e+01 5.000000000000000000e-01
1.100000000000000000e+01 5.000000000000000000e-01
1.125000000000000000e+01 5.000000000000000000e-01
1.150000000000000000e+01 5.000000000000000000e-01
1.175000000000000000e+01 5.000000000000000000e-01
1.200000000000000000e+01 5.000000000000000000e-01
1.225000000000000000e+01 5.000000000000000000e-01
1.250000000000000000e+01 5.000000000000000000e-01
1.275000000000000000e+01 5.000000000000000000e-01
1.300000000000000000e+01 5.000000000000000000e-01
1.325000000000000000e+01 5.000000000000000000e-01
1.350000000000000000e+01 5.000000000000000000e-01
1.375000000000000000e+01 5.000000000000000000e-01
1.400000000000000000e+01 5.000000000000000000e-01
1.425000000000000000e+01 5.000000000000000000e-01
1.450000000000000000e+01 5.000000000000000000e-01
1.475000000000000000e+01 5.000000000000000000e-01
1.500000000000000000e+01 5.000000000000000000e-01
1.525000000000000000e+01 5.000000000000000000e-01
1.550000000000000000e+01 5.000000000000000000e-01
1.575000000000000000e+01 5.000000000000000000e-01
1.600000000000000000e+01 3.377809999999999976e-42
1.625000000000000000e+01 2.725629999999999890e-42
1.650000000000000000e+01 2.204009999999999957e-42
1.675000000000000000e+01 1.782469999999999863e-42
1.700000000000000000e+01 1.440970000000000099e-42
1.725000000000000000e+01 1.167449999999999927e-42
1.750000000000000000e+01 9.466889999999999322e-43
1.775000000000000000e+01 7.705340000000000517e-43
1.800000000000000000e+01 6.285909999999999923e-43
1.825000000000000000e+01 5.146589999999999625e-43
1.850000000000000000e+01 4.220139999999999688e-43
1.875000000000000000e+01 3.470890000000000176e-43
1.900000000000000000e+01 2.863350000000000021e-43
1.925000000000000000e+01 2.367549999999999834e-43
1.950000000000000000e+01 1.963640000000000109e-43
1.975000000000000000e+01 1.632580000000000035e-43
2.000000000000000000e+01 1.362509999999999975e-43
2.025000000000000000e+01 1.142079999999999942e-43
2.050000000000000000e+01 9.609950000000000748e-44
2.075000000000000000e+01 8.124900000000000193e-44
2.100000000000000000e+01 6.892319999999999592e-44
2.125000000000000000e+01 5.863319999999999712e-44
2.150000000000000000e+01 5.015630000000000376e-44
2.175000000000000000e+01 4.305610000000000050e-44
2.200000000000000000e+01 3.712809999999999947e-44
2.225000000000000000e+01 3.217770000000000038e-44
2.250000000000000000e+01 2.803060000000000198e-44
2.275000000000000000e+01 2.452679999999999833e-44
2.300000000000000000e+01 2.156990000000000103e-44
2.325000000000000000e+01 1.905839999999999983e-44
2.350000000000000000e+01 1.693879999999999970e-44
2.375000000000000000e+01 1.516359999999999941e-44
2.400000000000000000e+01 1.375770000000000092e-44
2.425000000000000000e+01 1.286999999999999947e-44
2.450000000000000000e+01 1.313910000000000054e-44
2.475000000000000000e+01 1.856089999999999962e-44
2.500000000000000000e+01 9.789989999999999871e-44
2.525000000000000000e+01 1.155539999999999986e-44
2.550000000000000000e+01 8.702289999999999698e-45
2.575000000000000000e+01 7.363929999999999838e-45
2.600000000000000000e+01 6.574479999999999759e-45
2.625000000000000000e+01 6.010109999999999972e-45
2.650000000000000000e+01 5.542400000000000185e-45
2.675000000000000000e+01 5.149479999999999848e-45
2.700000000000000000e+01 4.805409999999999714e-45
2.725000000000000000e+01 4.502470000000000034e-45
2.750000000000000000e+01 4.234329999999999817e-45
2.775000000000000000e+01 3.995370000000000014e-45
2.800000000000000000e+01 3.779480000000000270e-45
2.825000000000000000e+01 3.585849999999999826e-45
2.850000000000000000e+01 3.412739999999999706e-45
2.875000000000000000e+01 3.258589999999999924e-45
2.900000000000000000e+01 3.117739999999999787e-45
2.925000000000000000e+01 2.989200000000000167e-45
2.950000000000000000e+01 2.870520000000000146e-45
2.975000000000000000e+01 2.760810000000000036e-45
3.000000000000000000e+01 2.660269999999999962e-45
3.025000000000000000e+01 2.565559999999999943e-45
3.050000000000000000e+01 2.477160000000000093e-45
3.075000000000000000e+01 2.395450000000000152e-45
3.100000000000000000e+01 2.319710000000000104e-45
3.125000000000000000e+01 2.248980000000000031e-45
3.150000000000000000e+01 2.182960000000000055e-45
3.175000000000000000e+01 2.121450000000000050e-45
3.200000000000000000e+01 2.062129999999999927e-45
3.225000000000000000e+01 2.007310000000000143e-45
3.250000000000000000e+01 1.954559999999999979e-45
3.275000000000000000e+01 1.904480000000000124e-45
3.300000000000000000e+01 1.858199999999999857e-45
3.325000000000000000e+01 1.814129999999999982e-45
3.350000000000000000e+01 1.772309999999999966e-45
3.375000000000000000e+01 1.732870000000000013e-45
3.400000000000000000e+01 1.695899999999999933e-45
3.425000000000000000e+01 1.660519999999999980e-45
3.450000000000000000e+01 1.626510000000000141e-45
3.475000000000000000e+01 1.593559999999999973e-45
3.500000000000000000e+01 1.562699999999999936e-45
3.525000000000000000e+01 1.532920000000000079e-45
3.550000000000000000e+01 1.503079999999999936e-45
3.575000000000000000e+01 1.475379999999999955e-45
3.600000000000000000e+01 1.448369999999999847e-45
3.625000000000000000e+01 1.421989999999999949e-45
3.650000000000000000e+01 1.396620000000000001e-45
3.675000000000000000e+01 1.371819999999999975e-45
3.700000000000000000e+01 1.347590000000000028e-45
3.725000000000000000e+01 1.324189999999999948e-45
3.750000000000000000e+01 1.301659999999999980e-45
3.775000000000000000e+01 1.279460000000000032e-45
3.800000000000000000e+01 1.257949999999999958e-45
3.825000000000000000e+01 1.236830000000000036e-45
3.850000000000000000e+01 1.216470000000000062e-45
3.875000000000000000e+01 1.196329999999999946e-45
3.900000000000000000e+01 1.176439999999999988e-45
3.925000000000000000e+01 1.157550000000000035e-45
3.950000000000000000e+01 1.138739999999999946e-45
3.975000000000000000e+01 1.120540000000000023e-45
4.000000000000000000e+01 1.102580000000000001e-45
4.025000000000000000e+01 1.084910000000000069e-45
4.050000000000000000e+01 1.068180000000000011e-45
4.075000000000000000e+01 1.051490000000000041e-45
4.100000000000000000e+01 1.035019999999999928e-45
4.125000000000000000e+01 1.018760000000000042e-45
4.150000000000000000e+01 1.002889999999999995e-45
4.175000000000000000e+01 9.876110000000000653e-46
4.200000000000000000e+01 9.723470000000000514e-46
4.225000000000000000e+01 9.577959999999999378e-46
4.250000000000000000e+01 9.434929999999999925e-46
4.275000000000000000e+01 9.297990000000000627e-46
4.300000000000000000e+01 9.166470000000000566e-46
4.325000000000000000e+01 9.046140000000000130e-46
4.350000000000000000e+01 8.931989999999999346e-46
4.375000000000000000e+01 8.828610000000000537e-46
4.400000000000000000e+01 8.737499999999999980e-46
4.425000000000000000e+01 8.668180000000000419e-46
4.450000000000000000e+01 8.627920000000000076e-46
4.475000000000000000e+01 8.624399999999999544e-46
4.500000000000000000e+01 8.673410000000000718e-46
4.525000000000000000e+01 8.788709999999999736e-46
4.550000000000000000e+01 9.001540000000000731e-46
4.575000000000000000e+01 9.366420000000000500e-46
4.600000000000000000e+01 9.979340000000000301e-46
4.625000000000000000e+01 1.100600000000000033e-45
4.650000000000000000e+01 1.269310000000000033e-45
4.675000000000000000e+01 1.549210000000000109e-45
4.700000000000000000e+01 2.021689999999999969e-45
4.725000000000000000e+01 2.817830000000000269e-45
4.750000000000000000e+01 4.048900000000000170e-45
4.775000000000000000e+01 5.504909999999999902e-45
4.800000000000000000e+01 6.969029999999999378e-45
4.825000000000000000e+01 8.282110000000000031e-45
4.850000000000000000e+01 8.802569999999999981e-45
4.875000000000000000e+01 8.200190000000000331e-45
4.900000000000000000e+01 6.964269999999999872e-45
4.925000000000000000e+01 5.762090000000000450e-45
4.950000000000000000e+01 4.514049999999999967e-45
4.975000000000000000e+01 3.177799999999999815e-45
5.000000000000000000e+01 2.182369999999999933e-45
5.025000000000000000e+01 1.586690000000000137e-45
5.050000000000000000e+01 1.218829999999999927e-45
5.075000000000000000e+01 9.900999999999999864e-46
5.100000000000000000e+01 8.464920000000000334e-46
5.125000000000000000e+01 7.546110000000000555e-46
5.150000000000000000e+01 6.954659999999999652e-46
5.175000000000000000e+01 6.544260000000000186e-46
5.200000000000000000e+01 6.228269999999999929e-46
5.225000000000000000e+01 5.983979999999999920e-46
5.250000000000000000e+01 5.781470000000000306e-46
5.275000000000000000e+01 5.615989999999999659e-46
5.300000000000000000e+01 5.475590000000000272e-46
5.325000000000000000e+01 5.358940000000000251e-46
5.350000000000000000e+01 5.260189999999999653e-46
5.375000000000000000e+01 5.175459999999999962e-46
5.400000000000000000e+01 5.095789999999999965e-46
5.425000000000000000e+01 5.024410000000000261e-46
5.450000000000000000e+01 4.958049999999999698e-46
5.475000000000000000e+01 4.894950000000000343e-46
5.500000000000000000e+01 4.834220000000000174e-46
5.525000000000000000e+01 4.776120000000000072e-46
5.550000000000000000e+01 4.719100000000000150e-46
5.575000000000000000e+01 4.663969999999999766e-46
5.600000000000000000e+01 4.610979999999999856e-46
5.625000000000000000e+01 4.558549999999999925e-46
5.650000000000000000e+01 4.507080000000000068e-46
5.675000000000000000e+01 4.457400000000000309e-46
5.700000000000000000e+01 4.407999999999999761e-46
5.725000000000000000e+01 4.360340000000000368e-46
5.750000000000000000e+01 4.313729999999999769e-46
5.775000000000000000e+01 4.267350000000000216e-46
5.800000000000000000e+01 4.222209999999999949e-46
5.825000000000000000e+01 4.177400000000000170e-46
5.850000000000000000e+01 4.133229999999999921e-46
5.875000000000000000e+01 4.089069999999999617e-46
5.900000000000000000e+01 4.046690000000000244e-46
5.925000000000000000e+01 4.004560000000000250e-46
5.950000000000000000e+01 3.964130000000000080e-46
5.975000000000000000e+01 3.923609999999999636e-46
6.000000000000000000e+01 3.884249999999999703e-46
6.025000000000000000e+01 3.845930000000000174e-46
6.050000000000000000e+01 3.808039999999999795e-46
6.075000000000000000e+01 3.770460000000000016e-46
6.100000000000000000e+01 3.734219999999999741e-46
6.125000000000000000e+01 3.697970000000000299e-46
6.150000000000000000e+01 3.662869999999999869e-46
6.175000000000000000e+01 3.628389999999999859e-46
6.200000000000000000e+01 3.594120000000000231e-46
6.225000000000000000e+01 3.561860000000000247e-46
6.250000000000000000e+01 3.529399999999999827e-46
6.275000000000000000e+01 3.496029999999999830e-46
6.300000000000000000e+01 3.462400000000000121e-46
6.325000000000000000e+01 3.429639999999999824e-46
6.350000000000000000e+01 3.397560000000000000e-46
6.375000000000000000e+01 3.365430000000000067e-46
6.400000000000000000e+01 3.334000000000000107e-46
6.425000000000000000e+01 3.303849999999999986e-46
6.450000000000000000e+01 3.274000000000000132e-46
6.475000000000000000e+01 3.245020000000000078e-46
6.500000000000000000e+01 3.215960000000000083e-46
6.525000000000000000e+01 3.187559999999999896e-46
6.550000000000000000e+01 3.159940000000000012e-46
6.575000000000000000e+01 3.133049999999999933e-46
6.600000000000000000e+01 3.106209999999999963e-46
6.625000000000000000e+01 3.079920000000000028e-46
6.650000000000000000e+01 3.054209999999999960e-46
6.675000000000000000e+01 3.028629999999999942e-46
6.700000000000000000e+01 3.003759999999999841e-46
6.725000000000000000e+01 2.978540000000000143e-46
6.750000000000000000e+01 2.954280000000000130e-46
6.775000000000000000e+01 2.930609999999999928e-46
6.800000000000000000e+01 2.907010000000000111e-46
6.825000000000000000e+01 2.883629999999999842e-46
6.850000000000000000e+01 2.861149999999999983e-46
6.875000000000000000e+01 2.838950000000000113e-46
6.900000000000000000e+01 2.817130000000000062e-46
6.925000000000000000e+01 2.795520000000000003e-46
6.950000000000000000e+01 2.773969999999999997e-46
6.975000000000000000e+01 2.752929999999999860e-46
7.000000000000000000e+01 2.732160000000000158e-46
7.025000000000000000e+01 2.711759999999999941e-46
7.050000000000000000e+01 2.691599999999999937e-46
7.075000000000000000e+01 2.672160000000000184e-46
7.100000000000000000e+01 2.652980000000000142e-46
7.125000000000000000e+01 2.634119999999999866e-46
7.150000000000000000e+01 2.615469999999999971e-46
7.175000000000000000e+01 2.596950000000000127e-46
7.200000000000000000e+01 2.578890000000000043e-46
7.225000000000000000e+01 2.560349999999999921e-46
7.250000000000000000e+01 2.542870000000000092e-46
7.275000000000000000e+01 2.525189999999999826e-46
7.300000000000000000e+01 2.508250000000000088e-46
7.325000000000000000e+01 2.491529999999999897e-46
7.350000000000000000e+01 2.474600000000000102e-46
7.375000000000000000e+01 2.458320000000000172e-46
7.400000000000000000e+01 2.442120000000000183e-46
7.425000000000000000e+01 2.426270000000000180e-46
7.450000000000000000e+01 2.410490000000000175e-46
7.475000000000000000e+01 2.394860000000000108e-46
7.500000000000000000e+01 2.380029999999999844e-46
7.525000000000000000e+01 2.364929999999999924e-46
7.550000000000000000e+01 2.350419999999999814e-46
7.575000000000000000e+01 2.335290000000000062e-46
7.600000000000000000e+01 2.320960000000000112e-46
7.625000000000000000e+01 2.306619999999999829e-46
7.650000000000000000e+01 2.292820000000000026e-46
7.675000000000000000e+01 2.279100000000000164e-46
7.700000000000000000e+01 2.265500000000000019e-46
7.725000000000000000e+01 2.252130000000000144e-46
7.750000000000000000e+01 2.239070000000000089e-46
7.775000000000000000e+01 2.226119999999999809e-46
7.800000000000000000e+01 2.213220000000000026e-46
7.825000000000000000e+01 2.200789999999999948e-46
7.850000000000000000e+01 2.188330000000000038e-46
7.875000000000000000e+01 2.176479999999999826e-46
7.900000000000000000e+01 2.164760000000000054e-46
7.925000000000000000e+01 2.153090000000000002e-46
7.950000000000000000e+01 2.141520000000000168e-46
7.975000000000000000e+01 2.130260000000000156e-46
8.000000000000000000e+01 2.119059999999999808e-46
8.025000000000000000e+01 2.108269999999999889e-46
8.050000000000000000e+01 2.097159999999999816e-46
8.075000000000000000e+01 2.086130000000000072e-46
8.100000000000000000e+01 2.075620000000000143e-46
8.125000000000000000e+01 2.065140000000000045e-46
8.150000000000000000e+01 2.054760000000000166e-46
8.175000000000000000e+01 2.044500000000000004e-46
8.200000000000000000e+01 2.034470000000000111e-46
8.225000000000000000e+01 2.024750000000000040e-46
8.250000000000000000e+01 2.015280000000000126e-46
8.275000000000000000e+01 2.005779999999999991e-46
8.300000000000000000e+01 1.996489999999999847e-46
8.325000000000000000e+01 1.987149999999999984e-46
8.350000000000000000e+01 1.977830000000000008e-46
8.375000000000000000e+01 1.968780000000000078e-46
8.400000000000000000e+01 1.959950000000000084e-46
8.425000000000000000e+01 1.951040000000000148e-46
8.450000000000000000e+01 1.942339999999999815e-46
8.475000000000000000e+01 1.933969999999999970e-46
8.500000000000000000e+01 1.925960000000000055e-46
8.525000000000000000e+01 1.917659999999999818e-46
8.550000000000000000e+01 1.909950000000000170e-46
8.575000000000000000e+01 1.902199999999999968e-46
8.600000000000000000e+01 1.894369999999999824e-46
8.625000000000000000e+01 1.886629999999999954e-46
8.650000000000000000e+01 1.878989999999999914e-46
8.675000000000000000e+01 1.871660000000000085e-46
8.700000000000000000e+01 1.864449999999999972e-46
8.725000000000000000e+01 1.857420000000000020e-46
8.750000000000000000e+01 1.850520000000000118e-46
8.775000000000000000e+01 1.843389999999999948e-46
8.800000000000000000e+01 1.836779999999999979e-46
8.825000000000000000e+01 1.830189999999999899e-46
8.850000000000000000e+01 1.823369999999999939e-46
8.875000000000000000e+01 1.817119999999999901e-46
8.900000000000000000e+01 1.810890000000000140e-46
8.925000000000000000e+01 1.804570000000000105e-46
8.950000000000000000e+01 1.798009999999999857e-46
8.975000000000000000e+01 1.792070000000000029e-46
9.000000000000000000e+01 1.786290000000000084e-46
9.025000000000000000e+01 1.780349999999999868e-46
9.050000000000000000e+01 1.774760000000000027e-46
9.075000000000000000e+01 1.769089999999999856e-46
9.100000000000000000e+01 1.763669999999999842e-46
9.125000000000000000e+01 1.758270000000000105e-46
9.150000000000000000e+01 1.752980000000000141e-46
9.175000000000000000e+01 1.747740000000000092e-46
9.200000000000000000e+01 1.742740000000000062e-46
9.225000000000000000e+01 1.737640000000000008e-46
9.250000000000000000e+01 1.732380000000000071e-46
9.275000000000000000e+01 1.727310000000000043e-46
9.300000000000000000e+01 1.722669999999999944e-46
9.325000000000000000e+01 1.717979999999999929e-46
9.350000000000000000e+01 1.713300000000000053e-46
9.375000000000000000e+01 1.708510000000000015e-46
9.400000000000000000e+01 1.704029999999999993e-46
9.425000000000000000e+01 1.699519999999999944e-46
9.450000000000000000e+01 1.695039999999999921e-46
9.475000000000000000e+01 1.690859999999999971e-46
9.500000000000000000e+01 1.686890000000000012e-46
9.525000000000000000e+01 1.683160000000000072e-46
9.550000000000000000e+01 1.679389999999999966e-46
9.575000000000000000e+01 1.675679999999999914e-46
9.600000000000000000e+01 1.672080000000000025e-46
9.625000000000000000e+01 1.668780000000000013e-46
9.650000000000000000e+01 1.665680000000000048e-46
9.675000000000000000e+01 1.663189999999999977e-46
9.700000000000000000e+01 1.660910000000000093e-46
9.725000000000000000e+01 1.659220000000000019e-46
9.750000000000000000e+01 1.658280000000000027e-46
9.775000000000000000e+01 1.659329999999999987e-46
9.800000000000000000e+01 1.660920000000000037e-46
9.825000000000000000e+01 1.662429999999999951e-46
9.850000000000000000e+01 1.666149999999999947e-46
9.875000000000000000e+01 1.672360000000000014e-46
9.900000000000000000e+01 1.683049999999999909e-46
9.925000000000000000e+01 1.702299999999999948e-46
9.950000000000000000e+01 1.748900000000000020e-46
9.975000000000000000e+01 2.212489999999999832e-46
1.000000000000000000e+02 7.941070000000000058e-45
1.002500000000000000e+02 1.932970000000000120e-46
1.005000000000000000e+02 1.727830000000000051e-46
1.007500000000000000e+02 1.683709999999999912e-46
1.010000000000000000e+02 1.659450000000000093e-46
1.012500000000000000e+02 1.644389999999999949e-46
1.015000000000000000e+02 1.632590000000000041e-46
1.017500000000000000e+02 1.623979999999999983e-46
1.020000000000000000e+02 1.616999999999999945e-46
1.022500000000000000e+02 1.610070000000000017e-46
1.025000000000000000e+02 1.604160000000000022e-46
1.027500000000000000e+02 1.599689999999999943e-46
1.030000000000000000e+02 1.596139999999999968e-46
1.032500000000000000e+02 1.593070000000000031e-46
1.035000000000000000e+02 1.590399999999999994e-46
1.037500000000000000e+02 1.588020000000000086e-46
1.040000000000000000e+02 1.585880000000000001e-46
1.042500000000000000e+02 1.584019999999999906e-46
1.045000000000000000e+02 1.582239999999999946e-46
1.047500000000000000e+02 1.580660000000000035e-46
1.050000000000000000e+02 1.579200000000000035e-46
1.052500000000000000e+02 1.577999999999999943e-46
1.055000000000000000e+02 1.576709999999999964e-46
1.057500000000000000e+02 1.575249999999999965e-46
1.060000000000000000e+02 1.574010000000000096e-46
1.062500000000000000e+02 1.572740000000000006e-46
1.065000000000000000e+02 1.571709999999999934e-46
1.067500000000000000e+02 1.570659999999999974e-46
1.070000000000000000e+02 1.569589999999999932e-46
1.072500000000000000e+02 1.568619999999999914e-46
1.075000000000000000e+02 1.567679999999999922e-46
1.077500000000000000e+02 1.566780000000000096e-46
1.080000000000000000e+02 1.565859999999999992e-46
1.082500000000000000e+02 1.564870000000000086e-46
1.085000000000000000e+02 1.564129999999999947e-46
1.087500000000000000e+02 1.563250000000000009e-46
1.090000000000000000e+02 1.562410000000000041e-46
1.092500000000000000e+02 1.561740000000000095e-46
1.095000000000000000e+02 1.561200000000000004e-46
1.097500000000000000e+02 1.560570000000000028e-46
1.100000000000000000e+02 1.560169999999999933e-46
1.102500000000000000e+02 1.559779999999999975e-46
1.105000000000000000e+02 1.559339999999999909e-46
1.107500000000000000e+02 1.559180000000000026e-46
1.110000000000000000e+02 1.559019999999999949e-46
1.112500000000000000e+02 1.558620000000000048e-46
1.115000000000000000e+02 1.558520000000000024e-46
1.117500000000000000e+02 1.558450000000000026e-46
1.120000000000000000e+02 1.558429999999999944e-46
1.122500000000000000e+02 1.558420000000000000e-46
1.125000000000000000e+02 1.558329999999999920e-46
1.127500000000000000e+02 1.558510000000000080e-46
1.130000000000000000e+02 1.558709999999999933e-46
1.132500000000000000e+02 1.558930000000000064e-46
1.135000000000000000e+02 1.559159999999999944e-46
1.137500000000000000e+02 1.559189999999999970e-46
1.140000000000000000e+02 1.559450000000000071e-46
1.142500000000000000e+02 1.559870000000000055e-46
1.145000000000000000e+02 1.560320000000000066e-46
1.147500000000000000e+02 1.560759999999999938e-46
1.150000000000000000e+02 1.561230000000000031e-46
1.152500000000000000e+02 1.561449999999999967e-46
1.155000000000000000e+02 1.561939999999999948e-46
1.157500000000000000e+02 1.562529999999999953e-46
1.160000000000000000e+02 1.563270000000000091e-46
1.162500000000000000e+02 1.563800000000000043e-46
1.165000000000000000e+02 1.564579999999999958e-46
1.167500000000000000e+02 1.565500000000000061e-46
1.170000000000000000e+02 1.566179999999999952e-46
1.172500000000000000e+02 1.567000000000000032e-46
1.175000000000000000e+02 1.567590000000000037e-46
1.177500000000000000e+02 1.568549999999999916e-46
1.180000000000000000e+02 1.569670000000000068e-46
1.182500000000000000e+02 1.570750000000000054e-46
1.185000000000000000e+02 1.572070000000000059e-46
1.187500000000000000e+02 1.573220000000000043e-46
1.190000000000000000e+02 1.574440000000000024e-46
1.192500000000000000e+02 1.576000000000000047e-46
1.195000000000000000e+02 1.577290000000000025e-46
1.197500000000000000e+02 1.578600000000000086e-46
1.200000000000000000e+02 1.580009999999999977e-46
1.202500000000000000e+02 1.581210000000000069e-46
1.205000000000000000e+02 1.582540000000000018e-46
1.207500000000000000e+02 1.584000000000000018e-46
1.210000000000000000e+02 1.585409999999999908e-46
1.212500000000000000e+02 1.587090000000000038e-46
1.215000000000000000e+02 1.588690000000000032e-46
1.217500000000000000e+02 1.590350000000000080e-46
1.220000000000000000e+02 1.592109999999999956e-46
1.222500000000000000e+02 1.593849999999999945e-46
1.225000000000000000e+02 1.595780000000000038e-46
1.227500000000000000e+02 1.597709999999999936e-46
1.230000000000000000e+02 1.599880000000000047e-46
1.232500000000000000e+02 1.601590000000000009e-46
1.235000000000000000e+02 1.603649999999999958e-46
1.237500000000000000e+02 1.605760000000000016e-46
1.240000000000000000e+02 1.607789999999999938e-46
1.242500000000000000e+02 1.609799999999999972e-46
1.245000000000000000e+02 1.611730000000000064e-46
1.247500000000000000e+02 1.613610000000000048e-46
1.250000000000000000e+02 1.615630000000000026e-46
1.252500000000000000e+02 1.618049999999999905e-46
1.255000000000000000e+02 1.620199999999999933e-46
1.257500000000000000e+02 1.622529999999999927e-46
1.260000000000000000e+02 1.624980000000000028e-46
1.262500000000000000e+02 1.627340000000000048e-46
1.265000000000000000e+02 1.629640000000000015e-46
1.267500000000000000e+02 1.631990000000000092e-46
1.270000000000000000e+02 1.634610000000000019e-46
1.272500000000000000e+02 1.637089999999999952e-46
1.275000000000000000e+02 1.639619999999999993e-46
1.277500000000000000e+02 1.642269999999999947e-46
1.280000000000000000e+02 1.644920000000000095e-46
1.282500000000000000e+02 1.647449999999999943e-46
1.285000000000000000e+02 1.650290000000000000e-46
1.287500000000000000e+02 1.653140000000000002e-46
1.290000000000000000e+02 1.655710000000000015e-46
1.292500000000000000e+02 1.658720000000000093e-46
1.295000000000000000e+02 1.661799999999999975e-46
1.297500000000000000e+02 1.664810000000000054e-46
1.300000000000000000e+02 1.667539999999999949e-46
1.302500000000000000e+02 1.670459999999999948e-46
1.305000000000000000e+02 1.673120000000000041e-46
1.307500000000000000e+02 1.676119999999999981e-46
1.310000000000000000e+02 1.679170000000000031e-46
1.312500000000000000e+02 1.682559999999999928e-46
1.315000000000000000e+02 1.685800000000000082e-46
1.317500000000000000e+02 1.689000000000000070e-46
1.320000000000000000e+02 1.692060000000000063e-46
1.322500000000000000e+02 1.694910000000000065e-46
1.325000000000000000e+02 1.698490000000000067e-46
1.327500000000000000e+02 1.702159999999999953e-46
1.330000000000000000e+02 1.705440000000000077e-46
1.332500000000000000e+02 1.709069999999999994e-46
1.335000000000000000e+02 1.712460000000000086e-46
1.337500000000000000e+02 1.715910000000000037e-46
1.340000000000000000e+02 1.719079999999999998e-46
1.342500000000000000e+02 1.722470000000000090e-46
1.345000000000000000e+02 1.726039999999999953e-46
1.347500000000000000e+02 1.729880000000000056e-46
1.350000000000000000e+02 1.733659999999999911e-46
1.352500000000000000e+02 1.737600000000000037e-46
1.355000000000000000e+02 1.741390000000000031e-46
1.357500000000000000e+02 1.745219999999999995e-46
1.360000000000000000e+02 1.749130000000000094e-46
1.362500000000000000e+02 1.752850000000000091e-46
1.365000000000000000e+02 1.756480000000000007e-46
1.367500000000000000e+02 1.760440000000000021e-46
1.370000000000000000e+02 1.764559999999999919e-46
1.372500000000000000e+02 1.768710000000000037e-46
1.375000000000000000e+02 1.773150000000000089e-46
1.377500000000000000e+02 1.777250000000000098e-46
1.380000000000000000e+02 1.781490000000000102e-46
1.382500000000000000e+02 1.785769999999999882e-46
1.385000000000000000e+02 1.790149999999999881e-46
1.387500000000000000e+02 1.794220000000000058e-46
1.390000000000000000e+02 1.798559999999999891e-46
1.392500000000000000e+02 1.803059999999999996e-46
1.395000000000000000e+02 1.807649999999999987e-46
1.397500000000000000e+02 1.812309999999999974e-46
1.400000000000000000e+02 1.817380000000000002e-46
1.402500000000000000e+02 1.821950000000000104e-46
1.405000000000000000e+02 1.826620000000000036e-46
1.407500000000000000e+02 1.831050000000000144e-46
1.410000000000000000e+02 1.835710000000000131e-46
1.412500000000000000e+02 1.840769999999999826e-46
1.415000000000000000e+02 1.845289999999999819e-46
1.417500000000000000e+02 1.850199999999999964e-46
1.420000000000000000e+02 1.855800000000000138e-46
1.422500000000000000e+02 1.861020000000000104e-46
1.425000000000000000e+02 1.865839999999999975e-46
1.427500000000000000e+02 1.870280000000000026e-46
1.430000000000000000e+02 1.874819999999999908e-46
1.432500000000000000e+02 1.880410000000000138e-46
1.435000000000000000e+02 1.885990000000000034e-46
1.437500000000000000e+02 1.890819999999999849e-46
1.440000000000000000e+02 1.896039999999999815e-46
1.442500000000000000e+02 1.903949999999999900e-46
1.445000000000000000e+02 1.928209999999999913e-46
1.447500000000000000e+02 1.982999999999999865e-46
1.450000000000000000e+02 2.089180000000000122e-46
1.452500000000000000e+02 2.272739999999999963e-46
1.455000000000000000e+02 2.572649999999999949e-46
1.457500000000000000e+02 3.055020000000000095e-46
1.460000000000000000e+02 3.839479999999999699e-46
1.462500000000000000e+02 5.143190000000000034e-46
1.465000000000000000e+02 7.402199999999999802e-46
1.467500000000000000e+02 1.154970000000000001e-45
1.470000000000000000e+02 1.968180000000000012e-45
1.472500000000000000e+02 3.695840000000000237e-45
1.475000000000000000e+02 7.719440000000000067e-45
1.477500000000000000e+02 1.810849999999999913e-44
1.480000000000000000e+02 4.783140000000000282e-44
1.482500000000000000e+02 1.416320000000000008e-43
1.485000000000000000e+02 4.435010000000000310e-43
1.487500000000000000e+02 1.372939999999999922e-42
1.490000000000000000e+02 3.910820000000000181e-42
1.492500000000000000e+02 9.514869999999999490e-42
1.495000000000000000e+02 1.844109999999999894e-41
1.497500000000000000e+02 2.652500000000000076e-41
1.500000000000000000e+02 2.684229999999999792e-41
1.502500000000000000e+02 1.963890000000000050e-41
1.505000000000000000e+02 1.099180000000000038e-41
1.507500000000000000e+02 4.998200000000000033e-42
1.510000000000000000e+02 1.948129999999999937e-42
1.512500000000000000e+02 6.853109999999999871e-43
1.515000000000000000e+02 2.289569999999999972e-43
1.517500000000000000e+02 7.753359999999999973e-44
1.520000000000000000e+02 2.809470000000000119e-44
1.522500000000000000e+02 1.135129999999999980e-44
1.525000000000000000e+02 5.127919999999999743e-45
1.527500000000000000e+02 2.575899999999999968e-45
1.530000000000000000e+02 1.429489999999999994e-45
1.532500000000000000e+02 8.689650000000000095e-46
1.535000000000000000e+02 5.739009999999999825e-46
1.537500000000000000e+02 4.093199999999999847e-46
1.540000000000000000e+02 3.123939999999999949e-46
1.542500000000000000e+02 2.531540000000000083e-46
1.545000000000000000e+02 2.164480000000000064e-46
1.547500000000000000e+02 1.935900000000000063e-46
1.550000000000000000e+02 1.798120000000000019e-46
1.552500000000000000e+02 1.720929999999999955e-46
1.555000000000000000e+02 1.686890000000000012e-46
1.557500000000000000e+02 1.677050000000000029e-46
1.560000000000000000e+02 1.679960000000000084e-46
1.562500000000000000e+02 1.684800000000000037e-46
1.565000000000000000e+02 1.690810000000000056e-46
1.567500000000000000e+02 1.696599999999999945e-46
1.570000000000000000e+02 1.704079999999999907e-46
1.572500000000000000e+02 1.710240000000000060e-46
1.575000000000000000e+02 1.716859999999999972e-46
1.577500000000000000e+02 1.721860000000000003e-46
1.580000000000000000e+02 1.727370000000000097e-46
1.582500000000000000e+02 1.733299999999999980e-46
1.585000000000000000e+02 1.738960000000000013e-46
1.587500000000000000e+02 1.744130000000000064e-46
1.590000000000000000e+02 1.749660000000000046e-46
1.592500000000000000e+02 1.755000000000000119e-46
1.595000000000000000e+02 1.759749999999999992e-46
1.597500000000000000e+02 1.764369999999999815e-46
1.600000000000000000e+02 1.768500000000000045e-46
1.602500000000000000e+02 1.772689999999999940e-46
1.605000000000000000e+02 1.776430000000000019e-46
1.607500000000000000e+02 1.779999999999999881e-46
1.610000000000000000e+02 1.782810000000000107e-46
1.612500000000000000e+02 1.785450000000000117e-46
1.615000000000000000e+02 1.788020000000000129e-46
1.617500000000000000e+02 1.791230000000000061e-46
1.620000000000000000e+02 1.794000000000000122e-46
1.622500000000000000e+02 1.796630000000000187e-46
1.625000000000000000e+02 1.799379999999999971e-46
1.627500000000000000e+02 1.801650000000000106e-46
1.630000000000000000e+02 1.803639999999999863e-46
1.632500000000000000e+02 1.805490000000000014e-46
1.635000000000000000e+02 1.807020000000000011e-46
1.637500000000000000e+02 1.808320000000000128e-46
1.640000000000000000e+02 1.810219999999999999e-46
1.642500000000000000e+02 1.811639999999999833e-46
1.645000000000000000e+02 1.812949999999999894e-46
1.647500000000000000e+02 1.814230000000000123e-46
1.650000000000000000e+02 1.815369999999999968e-46
1.652500000000000000e+02 1.816190000000000048e-46
1.655000000000000000e+02 1.817049999999999903e-46
1.657500000000000000e+02 1.818169999999999860e-46
1.660000000000000000e+02 1.819370000000000148e-46
1.662500000000000000e+02 1.819580000000000140e-46
1.665000000000000000e+02 1.820080000000000065e-46
1.667500000000000000e+02 1.820439999999999996e-46
1.670000000000000000e+02 1.821100000000000192e-46
1.672500000000000000e+02 1.821480000000000011e-46
1.675000000000000000e+02 1.821429999999999902e-46
1.677500000000000000e+02 1.821660000000000171e-46
1.680000000000000000e+02 1.821260000000000075e-46
1.682500000000000000e+02 1.820789999999999982e-46
1.685000000000000000e+02 1.820379999999999942e-46
1.687500000000000000e+02 1.820340000000000166e-46
1.690000000000000000e+02 1.820300000000000001e-46
1.692500000000000000e+02 1.819959999999999958e-46
1.695000000000000000e+02 1.819710000000000190e-46
1.697500000000000000e+02 1.819679999999999969e-46
1.700000000000000000e+02 1.819189999999999988e-46
1.702500000000000000e+02 1.818779999999999948e-46
1.705000000000000000e+02 1.818519999999999847e-46
1.707500000000000000e+02 1.818890000000000111e-46
1.710000000000000000e+02 1.818239999999999858e-46
1.712500000000000000e+02 1.817119999999999901e-46
1.715000000000000000e+02 1.816209999999999936e-46
1.717500000000000000e+02 1.814829999999999878e-46
1.720000000000000000e+02 1.813870000000000192e-46
1.722500000000000000e+02 1.812850000000000065e-46
1.725000000000000000e+02 1.811359999999999844e-46
1.727500000000000000e+02 1.809879999999999957e-46
1.730000000000000000e+02 1.808520000000000175e-46
1.732500000000000000e+02 1.806679999999999968e-46
1.735000000000000000e+02 1.804720000000000044e-46
1.737500000000000000e+02 1.802820000000000172e-46
1.740000000000000000e+02 1.801180000000000013e-46
1.742500000000000000e+02 1.799210000000000144e-46
1.745000000000000000e+02 1.797190000000000166e-46
1.747500000000000000e+02 1.794560000000000100e-46
1.750000000000000000e+02 1.792099999999999861e-46
1.752500000000000000e+02 1.790019999999999830e-46
1.755000000000000000e+02 1.787839999999999969e-46
1.757500000000000000e+02 1.785260000000000013e-46
1.760000000000000000e+02 1.782569999999999894e-46
1.762500000000000000e+02 1.780469999999999975e-46
1.765000000000000000e+02 1.777740000000000079e-46
1.767500000000000000e+02 1.775279999999999840e-46
1.770000000000000000e+02 1.772660000000000108e-46
1.772500000000000000e+02 1.769859999999999826e-46
1.775000000000000000e+02 1.767240000000000094e-46
1.777500000000000000e+02 1.764279999999999929e-46
1.780000000000000000e+02 1.760970000000000168e-46
1.782500000000000000e+02 1.757479999999999857e-46
1.785000000000000000e+02 1.754129999999999930e-46
1.787500000000000000e+02 1.750520000000000097e-46
1.790000000000000000e+02 1.747020000000000037e-46
1.792500000000000000e+02 1.743559999999999947e-46
1.795000000000000000e+02 1.739860000000000034e-46
1.797500000000000000e+02 1.735979999999999960e-46
1.800000000000000000e+02 1.732840000000000025e-46
1.802500000000000000e+02 1.728999999999999923e-46
1.805000000000000000e+02 1.725370000000000007e-46
1.807500000000000000e+02 1.721720000000000008e-46
1.810000000000000000e+02 1.718160000000000089e-46
1.812500000000000000e+02 1.713650000000000040e-46
1.815000000000000000e+02 1.709470000000000089e-46
1.817500000000000000e+02 1.705849999999999923e-46
1.820000000000000000e+02 1.701679999999999916e-46
1.822500000000000000e+02 1.697739999999999984e-46
1.825000000000000000e+02 1.693980000000000017e-46
1.827500000000000000e+02 1.689639999999999990e-46
1.830000000000000000e+02 1.685679999999999975e-46
1.832500000000000000e+02 1.681679999999999990e-46
1.835000000000000000e+02 1.677349999999999906e-46
1.837500000000000000e+02 1.673440000000000000e-46
1.840000000000000000e+02 1.669400000000000045e-46
1.842500000000000000e+02 1.665519999999999971e-46
1.845000000000000000e+02 1.661890000000000055e-46
1.847500000000000000e+02 1.658070000000000035e-46
1.850000000000000000e+02 1.654079999999999994e-46
1.852500000000000000e+02 1.650159999999999950e-46
1.855000000000000000e+02 1.646420000000000066e-46
1.857500000000000000e+02 1.642749999999999984e-46
1.860000000000000000e+02 1.638859999999999967e-46
1.862500000000000000e+02 1.633609999999999974e-46
1.865000000000000000e+02 1.628700000000000024e-46
1.867500000000000000e+02 1.623860000000000071e-46
1.870000000000000000e+02 1.618970000000000008e-46
1.872500000000000000e+02 1.614070000000000002e-46
1.875000000000000000e+02 1.609090000000000054e-46
1.877500000000000000e+02 1.604580000000000005e-46
1.880000000000000000e+02 1.599950000000000044e-46
1.882500000000000000e+02 1.596009999999999918e-46
1.885000000000000000e+02 1.592510000000000052e-46
1.887500000000000000e+02 1.588790000000000056e-46
1.890000000000000000e+02 1.585219999999999999e-46
1.892500000000000000e+02 1.582300000000000000e-46
1.895000000000000000e+02 1.578939999999999934e-46
1.897500000000000000e+02 1.576189999999999956e-46
1.900000000000000000e+02 1.573770000000000077e-46
1.902500000000000000e+02 1.572010000000000006e-46
1.905000000000000000e+02 1.569610000000000015e-46
1.907500000000000000e+02 1.568189999999999986e-46
1.910000000000000000e+02 1.566930000000000034e-46
1.912500000000000000e+02 1.565339999999999984e-46
1.915000000000000000e+02 1.564250000000000054e-46
1.917500000000000000e+02 1.564019999999999979e-46
1.920000000000000000e+02 1.564579999999999958e-46
1.922500000000000000e+02 1.564570000000000014e-46
1.925000000000000000e+02 1.565689999999999971e-46
1.927500000000000000e+02 1.568269999999999927e-46
1.930000000000000000e+02 1.571319999999999977e-46
1.932500000000000000e+02 1.575160000000000079e-46
1.935000000000000000e+02 1.580060000000000086e-46
1.937500000000000000e+02 1.587130000000000009e-46
1.940000000000000000e+02 1.596489999999999955e-46
1.942500000000000000e+02 1.607469999999999978e-46
1.945000000000000000e+02 1.621600000000000074e-46
1.947500000000000000e+02 1.640989999999999913e-46
1.950000000000000000e+02 1.663889999999999950e-46
1.952500000000000000e+02 1.689770000000000040e-46
1.955000000000000000e+02 1.719390000000000014e-46
1.957500000000000000e+02 1.757669999999999961e-46
1.960000000000000000e+02 1.810359999999999994e-46
1.962500000000000000e+02 1.881219999999999884e-46
1.965000000000000000e+02 1.980349999999999912e-46
1.967500000000000000e+02 2.119999999999999994e-46
1.970000000000000000e+02 2.323590000000000178e-46
1.972500000000000000e+02 2.632470000000000152e-46
1.975000000000000000e+02 3.128689999999999823e-46
1.977500000000000000e+02 3.966030000000000341e-46
1.980000000000000000e+02 5.521169999999999633e-46
1.982500000000000000e+02 8.876379999999999314e-46
1.985000000000000000e+02 1.869639999999999951e-45
1.987500000000000000e+02 7.526909999999999692e-45
1.990000000000000000e+02 3.206189999999999980e-44
1.992500000000000000e+02 4.134470000000000296e-45
1.995000000000000000e+02 1.419449999999999847e-45
1.997500000000000000e+02 7.482430000000000555e-46
2.000000000000000000e+02 4.879619999999999765e-46
2.002500000000000000e+02 3.603420000000000318e-46
2.005000000000000000e+02 2.900480000000000084e-46
2.007500000000000000e+02 2.481060000000000132e-46
2.010000000000000000e+02 2.216480000000000068e-46
2.012500000000000000e+02 2.037779999999999873e-46
2.015000000000000000e+02 1.910679999999999975e-46
2.017500000000000000e+02 1.821100000000000192e-46
2.020000000000000000e+02 1.757129999999999871e-46
2.022500000000000000e+02 1.707269999999999952e-46
2.025000000000000000e+02 1.669109999999999917e-46
2.027500000000000000e+02 1.639979999999999924e-46
2.030000000000000000e+02 1.615870000000000044e-46
2.032500000000000000e+02 1.593340000000000076e-46
2.035000000000000000e+02 1.574279999999999946e-46
2.037500000000000000e+02 1.559849999999999973e-46
2.040000000000000000e+02 1.547789999999999964e-46
2.042500000000000000e+02 1.537900000000000065e-46
2.045000000000000000e+02 1.530750000000000007e-46
2.047500000000000000e+02 1.524550000000000078e-46
2.050000000000000000e+02 1.518969999999999987e-46
2.052500000000000000e+02 1.513909999999999903e-46
2.055000000000000000e+02 1.510200000000000046e-46
2.057500000000000000e+02 1.507350000000000044e-46
2.060000000000000000e+02 1.504430000000000045e-46
2.062500000000000000e+02 1.502679999999999918e-46
2.065000000000000000e+02 1.500990000000000038e-46
2.067500000000000000e+02 1.499600000000000036e-46
2.070000000000000000e+02 1.498630000000000018e-46
2.072500000000000000e+02 1.497569999999999919e-46
2.075000000000000000e+02 1.496990000000000053e-46
2.077500000000000000e+02 1.496740000000000090e-46
2.080000000000000000e+02 1.496619999999999984e-46
2.082500000000000000e+02 1.495920000000000011e-46
2.085000000000000000e+02 1.495980000000000064e-46
2.087500000000000000e+02 1.496190000000000056e-46
2.090000000000000000e+02 1.496570000000000069e-46
2.092500000000000000e+02 1.497480000000000034e-46
2.095000000000000000e+02 1.498429999999999970e-46
2.097500000000000000e+02 1.500320000000000092e-46
2.100000000000000000e+02 1.500750000000000020e-46
2.102500000000000000e+02 1.501559999999999961e-46
2.105000000000000000e+02 1.502930000000000075e-46
2.107500000000000000e+02 1.504470000000000016e-46
2.110000000000000000e+02 1.506919999999999922e-46
2.112500000000000000e+02 1.509440000000000019e-46
2.115000000000000000e+02 1.511240000000000061e-46
2.117500000000000000e+02 1.512810000000000029e-46
2.120000000000000000e+02 1.514729999999999983e-46
2.122500000000000000e+02 1.516730000000000073e-46
2.125000000000000000e+02 1.519450000000000024e-46
2.127500000000000000e+02 1.522430000000000076e-46
2.130000000000000000e+02 1.525439999999999961e-46
2.132500000000000000e+02 1.529040000000000045e-46
2.135000000000000000e+02 1.532529999999999966e-46
2.137500000000000000e+02 1.536109999999999968e-46
2.140000000000000000e+02 1.539160000000000017e-46
2.142500000000000000e+02 1.542770000000000045e-46
2.145000000000000000e+02 1.546660000000000062e-46
2.147500000000000000e+02 1.550030000000000072e-46
2.150000000000000000e+02 1.553550000000000020e-46
2.152500000000000000e+02 1.556859999999999976e-46
2.155000000000000000e+02 1.560320000000000066e-46
2.157500000000000000e+02 1.564780000000000006e-46
2.160000000000000000e+02 1.568740000000000020e-46
2.162500000000000000e+02 1.572670000000000008e-46
2.165000000000000000e+02 1.576539999999999943e-46
2.167500000000000000e+02 1.580469999999999931e-46
2.170000000000000000e+02 1.583979999999999935e-46
2.172500000000000000e+02 1.587740000000000096e-46
2.175000000000000000e+02 1.591530000000000090e-46
2.177500000000000000e+02 1.594829999999999907e-46
2.180000000000000000e+02 1.598289999999999997e-46
2.182500000000000000e+02 1.601699999999999977e-46
2.185000000000000000e+02 1.604699999999999917e-46
2.187500000000000000e+02 1.607910000000000044e-46
2.190000000000000000e+02 1.610960000000000094e-46
2.192500000000000000e+02 1.613440000000000026e-46
2.195000000000000000e+02 1.616140000000000089e-46
2.197500000000000000e+02 1.618659999999999993e-46
2.200000000000000000e+02 1.621379999999999944e-46
2.202500000000000000e+02 1.624569999999999988e-46
2.205000000000000000e+02 1.627459999999999960e-46
2.207500000000000000e+02 1.630629999999999922e-46
2.210000000000000000e+02 1.633819999999999966e-46
2.212500000000000000e+02 1.637310000000000082e-46
2.215000000000000000e+02 1.639559999999999940e-46
2.217500000000000000e+02 1.641919999999999961e-46
2.220000000000000000e+02 1.644720000000000048e-46
2.222500000000000000e+02 1.646810000000000023e-46
2.225000000000000000e+02 1.648939999999999969e-46
2.227500000000000000e+02 1.651159999999999995e-46
2.230000000000000000e+02 1.653300000000000079e-46
2.232500000000000000e+02 1.655029999999999930e-46
2.235000000000000000e+02 1.657389999999999950e-46
2.237500000000000000e+02 1.659849999999999994e-46
2.240000000000000000e+02 1.661850000000000084e-46
2.242500000000000000e+02 1.662879999999999961e-46
2.245000000000000000e+02 1.664980000000000075e-46
2.247500000000000000e+02 1.666329999999999912e-46
2.250000000000000000e+02 1.668070000000000096e-46
2.252500000000000000e+02 1.670289999999999927e-46
2.255000000000000000e+02 1.675259999999999931e-46
2.257500000000000000e+02 1.673039999999999905e-46
2.260000000000000000e+02 1.674470000000000072e-46
2.262500000000000000e+02 1.675130000000000075e-46
2.265000000000000000e+02 1.675499999999999949e-46
2.267500000000000000e+02 1.676579999999999935e-46
2.270000000000000000e+02 1.677260000000000021e-46
2.272500000000000000e+02 1.677610000000000007e-46
2.275000000000000000e+02 1.678260000000000065e-46
2.277500000000000000e+02 1.678689999999999993e-46
2.280000000000000000e+02 1.678619999999999996e-46
2.282500000000000000e+02 1.678090000000000044e-46
2.285000000000000000e+02 1.677829999999999943e-46
2.287500000000000000e+02 1.677610000000000007e-46
2.290000000000000000e+02 1.677600000000000063e-46
2.292500000000000000e+02 1.677299999999999991e-46
2.295000000000000000e+02 1.676910000000000034e-46
2.297500000000000000e+02 1.676429999999999997e-46
2.300000000000000000e+02 1.675650000000000082e-46
2.302500000000000000e+02 1.675130000000000075e-46
2.305000000000000000e+02 1.673619999999999966e-46
2.307500000000000000e+02 1.671889999999999921e-46
2.310000000000000000e+02 1.671009999999999983e-46
2.312500000000000000e+02 1.669120000000000055e-46
2.315000000000000000e+02 1.667999999999999904e-46
2.317500000000000000e+02 1.666979999999999971e-46
2.320000000000000000e+02 1.665860000000000014e-46
2.322500000000000000e+02 1.665260000000000065e-46
2.325000000000000000e+02 1.664369999999999988e-46
2.327500000000000000e+02 1.663059999999999927e-46
2.330000000000000000e+02 1.661429999999999906e-46
2.332500000000000000e+02 1.660600000000000077e-46
2.335000000000000000e+02 1.658720000000000093e-46
2.337500000000000000e+02 1.656880000000000081e-46
2.340000000000000000e+02 1.654690000000000081e-46
2.342500000000000000e+02 1.652260000000000064e-46
2.345000000000000000e+02 1.649590000000000027e-46
2.347500000000000000e+02 1.646670000000000028e-46
2.350000000000000000e+02 1.643150000000000080e-46
2.352500000000000000e+02 1.639969999999999980e-46
2.355000000000000000e+02 1.636520000000000029e-46
2.357500000000000000e+02 1.633649999999999945e-46
2.360000000000000000e+02 1.630960000000000020e-46
2.362500000000000000e+02 1.627949999999999941e-46
2.365000000000000000e+02 1.624700000000000038e-46
2.367500000000000000e+02 1.620719999999999941e-46
2.370000000000000000e+02 1.617020000000000028e-46
2.372500000000000000e+02 1.612250000000000072e-46
2.375000000000000000e+02 1.607490000000000060e-46
2.377500000000000000e+02 1.603269999999999945e-46
2.380000000000000000e+02 1.598210000000000056e-46
2.382500000000000000e+02 1.593119999999999945e-46
2.385000000000000000e+02 1.588540000000000093e-46
2.387500000000000000e+02 1.584230000000000092e-46
2.390000000000000000e+02 1.578470000000000036e-46
2.392500000000000000e+02 1.572479999999999904e-46
2.395000000000000000e+02 1.566470000000000080e-46
2.397500000000000000e+02 1.560449999999999922e-46
2.400000000000000000e+02 1.553890000000000063e-46
2.402500000000000000e+02 1.546980000000000022e-46
2.405000000000000000e+02 1.540809999999999926e-46
2.407500000000000000e+02 1.533639999999999979e-46
2.410000000000000000e+02 1.526789999999999992e-46
2.412500000000000000e+02 1.520080000000000000e-46
2.415000000000000000e+02 1.513199999999999986e-46
2.417500000000000000e+02 1.505839999999999935e-46
2.420000000000000000e+02 1.498690000000000071e-46
2.422500000000000000e+02 1.490569999999999994e-46
2.425000000000000000e+02 1.483290000000000079e-46
2.427500000000000000e+02 1.475939999999999972e-46
2.430000000000000000e+02 1.468009999999999999e-46
2.432500000000000000e+02 1.459649999999999903e-46
2.435000000000000000e+02 1.451339999999999917e-46
2.437500000000000000e+02 1.443320000000000058e-46
2.440000000000000000e+02 1.434520000000000090e-46
2.442500000000000000e+02 1.426740000000000056e-46
2.445000000000000000e+02 1.419289999999999925e-46
2.447500000000000000e+02 1.411410000000000061e-46
2.450000000000000000e+02 1.403550000000000085e-46
2.452500000000000000e+02 1.395439999999999952e-46
2.455000000000000000e+02 1.387490000000000090e-46
2.457500000000000000e+02 1.380489999999999970e-46
2.460000000000000000e+02 1.373299999999999941e-46
2.462500000000000000e+02 1.365609999999999986e-46
2.465000000000000000e+02 1.358669999999999919e-46
2.467500000000000000e+02 1.351320000000000007e-46
2.470000000000000000e+02 1.345990000000000073e-46
2.472500000000000000e+02 1.341120000000000093e-46
2.475000000000000000e+02 1.336869999999999950e-46
2.477500000000000000e+02 1.334159999999999943e-46
2.480000000000000000e+02 1.335080000000000047e-46
2.482500000000000000e+02 1.341330000000000085e-46
2.485000000000000000e+02 1.353290000000000070e-46
2.487500000000000000e+02 1.376930000000000051e-46
2.490000000000000000e+02 1.423090000000000057e-46
2.492500000000000000e+02 1.526330000000000037e-46
2.495000000000000000e+02 1.790269999999999987e-46
2.497500000000000000e+02 3.257530000000000098e-46
2.500000000000000000e+02 3.482790000000000161e-45
2.502500000000000000e+02 3.889990000000000260e-46
2.505000000000000000e+02 1.832129999999999936e-46
2.507500000000000000e+02 1.500020000000000020e-46
2.510000000000000000e+02 1.371179999999999939e-46
2.512500000000000000e+02 1.302529999999999936e-46
2.515000000000000000e+02 1.262260000000000037e-46
2.517500000000000000e+02 1.234770000000000009e-46
2.520000000000000000e+02 1.215169999999999984e-46
2.522500000000000000e+02 1.201560000000000090e-46
2.525000000000000000e+02 1.189930000000000009e-46
2.527500000000000000e+02 1.180039999999999916e-46
2.530000000000000000e+02 1.171360000000000055e-46
2.532500000000000000e+02 1.164090000000000084e-46
2.535000000000000000e+02 1.157730000000000078e-46
2.537500000000000000e+02 1.150990000000000059e-46
2.540000000000000000e+02 1.144150000000000016e-46
2.542500000000000000e+02 1.137200000000000005e-46
2.545000000000000000e+02 1.131089999999999962e-46
2.547500000000000000e+02 1.125709999999999919e-46
2.550000000000000000e+02 1.119649999999999985e-46
2.552500000000000000e+02 1.113159999999999928e-46
