0.000000000000000000e+00 5.000000000000000000e-01
2.500000000000000000e-01 5.000000000000000000e-01
5.000000000000000000e-01 5.000000000000000000e-01
7.500000000000000000e-01 5.000000000000000000e-01
1.000000000000000000e+00 5.000000000000000000e-01
1.250000000000000000e+00 5.000000000000000000e-01
1.500000000000000000e+00 5.000000000000000000e-01
1.750000000000000000e+00 5.000000000000000000e-01
2.000000000000000000e+00 5.000000000000000000e-01
2.250000000000000000e+00 5.000000000000000000e-01
2.500000000000000000e+00 5.000000000000000000e-01
2.750000000000000000e+00 5.000000000000000000e-01
3.000000000000000000e+00 5.000000000000000000e-01
3.250000000000000000e+00 5.000000000000000000e-01
3.500000000000000000e+00 5.000000000000000000e-01
3.750000000000000000e+00 5.000000000000000000e-01
4.000000000000000000e+00 5.000000000000000000e-01
4.250000000000000000e+00 5.000000000000000000e-01
4.500000000000000000e+00 5.000000000000000000e-01
4.750000000000000000e+00 5.000000000000000000e-01
5.000000000000000000e+00 5.000000000000000000e-01
5.250000000000000000e+00 5.000000000000000000e-01
5.500000000000000000e+00 5.000000000000000000e-01
5.750000000000000000e+00 5.000000000000000000e-01
6.000000000000000000e+00 5.000000000000000000e-01
6.250000000000000000e+00 5.000000000000000000e-01
6.500000000000000000e+00 5.000000000000000000e-01
6.750000000000000000e+00 5.000000000000000000e-01
7.000000000000000000e+00 5.000000000000000000e-01
7.250000000000000000e+00 5.000000000000000000e-01
7.500000000000000000e+00 5.000000000000000000e-01
7.750000000000000000e+00 5.000000000000000000e-01
8.000000000000000000e+00 5.000000000000000000e-01
8.250000000000000000e+00 5.000000000000000000e-01
8.500000000000000000e+00 5.000000000000000000e-01
8.750000000000000000e+00 5.000000000000000000e-01
9.000000000000000000e+00 5.000000000000000000e-01
9.250000000000000000e+00 5.000000000000000000e-01
9.500000000000000000e+00 5.000000000000000000e-01
9.750000000000000000e+00 5.000000000000000000e-01
1.000000000000000000e+01 5.000000000000000000e-01
1.025000000000000000e+01 5.000000000000000000e-01
1.050000000000000000e+01 5.000000000000000000e-01
1.075000000000000000e+01 5.000000000000000000e-01
1.100000000000000000e+01 5.000000000000000000e-01
1.125000000000000000e+01 5.000000000000000000e-01
1.150000000000000000e+01 5.000000000000000000e-01
1.175000000000000000e+01 5.000000000000000000e-01
1.200000000000000000e+01 5.000000000000000000e-01
1.225000000000000000e+01 5.000000000000000000e-01
1.250000000000000000e+01 5.000000000000000000e-01
1.275000000000000000e+01 5.000000000000000000e-01
1.300000000000000000e+01 5.000000000000000000e-01
1.325000000000000000e+01 5.000000000000000000e-01
1.350000000000000000e+01 5.000000000000000000e-01
1.375000000000000000e+01 5.000000000000000000e-01
1.400000000000000000e+01 5.000000000000000000e-01
1.425000000000000000e+01 5.000000000000000000e-01
1.450000000000000000e+01 5.000000000000000000e-01
1.475000000000000000e+01 5.000000000000000000e-01
1.500000000000000000e+01 5.000000000000000000e-01
1.525000000000000000e+01 5.000000000000000000e-01
1.550000000000000000e+01 5.000000000000000000e-01
1.575000000000000000e+01 5.000000000000000000e-01
1.600000000000000000e+01 3.319870000000000021e-42
1.625000000000000000e+01 2.819900000000000146e-42
1.650000000000000000e+01 2.395009999999999953e-42
1.675000000000000000e+01 2.034990000000000082e-42
1.700000000000000000e+01 1.728040000000000028e-42
1.725000000000000000e+01 1.470510000000000011e-42
1.750000000000000000e+01 1.252309999999999970e-42
1.775000000000000000e+01 1.068160000000000012e-42
1.800000000000000000e+01 9.119519999999999529e-43
1.825000000000000000e+01 7.798609999999999606e-43
1.850000000000000000e+01 6.671040000000000344e-43
1.875000000000000000e+01 5.712590000000000213e-43
1.900000000000000000e+01 4.903119999999999652e-43
1.925000000000000000e+01 4.215779999999999836e-43
1.950000000000000000e+01 3.633669999999999954e-43
1.975000000000000000e+01 3.134160000000000098e-43
2.000000000000000000e+01 2.707860000000000020e-43
2.025000000000000000e+01 2.346259999999999823e-43
2.050000000000000000e+01 2.032329999999999934e-43
2.075000000000000000e+01 1.762089999999999991e-43
2.100000000000000000e+01 1.529530000000000027e-43
2.125000000000000000e+01 1.330580000000000049e-43
2.150000000000000000e+01 1.160609999999999911e-43
2.175000000000000000e+01 1.015100000000000057e-43
2.200000000000000000e+01 8.903770000000000345e-44
2.225000000000000000e+01 7.833670000000000279e-44
2.250000000000000000e+01 6.906329999999999807e-44
2.275000000000000000e+01 6.106399999999999615e-44
2.300000000000000000e+01 5.415569999999999523e-44
2.325000000000000000e+01 4.810670000000000032e-44
2.350000000000000000e+01 4.281640000000000048e-44
2.375000000000000000e+01 3.828709999999999840e-44
2.400000000000000000e+01 3.431170000000000209e-44
2.425000000000000000e+01 3.083139999999999951e-44
2.450000000000000000e+01 2.776230000000000141e-44
2.475000000000000000e+01 2.506229999999999752e-44
2.500000000000000000e+01 2.268999999999999916e-44
2.525000000000000000e+01 2.061620000000000042e-44
2.550000000000000000e+01 1.876189999999999897e-44
2.575000000000000000e+01 1.712899999999999973e-44
2.600000000000000000e+01 1.568369999999999889e-44
2.625000000000000000e+01 1.438960000000000095e-44
2.650000000000000000e+01 1.323540000000000007e-44
2.675000000000000000e+01 1.220249999999999948e-44
2.700000000000000000e+01 1.128749999999999954e-44
2.725000000000000000e+01 1.047359999999999966e-44
2.750000000000000000e+01 9.748129999999999456e-45
2.775000000000000000e+01 9.098510000000000242e-45
2.800000000000000000e+01 8.505730000000000401e-45
2.825000000000000000e+01 7.964329999999999987e-45
2.850000000000000000e+01 7.476980000000000554e-45
2.875000000000000000e+01 7.036189999999999510e-45
2.900000000000000000e+01 6.635709999999999775e-45
2.925000000000000000e+01 6.277139999999999864e-45
2.950000000000000000e+01 5.944060000000000164e-45
2.975000000000000000e+01 5.638189999999999762e-45
3.000000000000000000e+01 5.355980000000000164e-45
3.025000000000000000e+01 5.094269999999999757e-45
3.050000000000000000e+01 4.852959999999999721e-45
3.075000000000000000e+01 4.627339999999999962e-45
3.100000000000000000e+01 4.413880000000000002e-45
3.125000000000000000e+01 4.214640000000000140e-45
3.150000000000000000e+01 4.028780000000000098e-45
3.175000000000000000e+01 3.856739999999999903e-45
3.200000000000000000e+01 3.697119999999999921e-45
3.225000000000000000e+01 3.545940000000000014e-45
3.250000000000000000e+01 3.406039999999999852e-45
3.275000000000000000e+01 3.275200000000000031e-45
3.300000000000000000e+01 3.153060000000000076e-45
3.325000000000000000e+01 3.040349999999999948e-45
3.350000000000000000e+01 2.934240000000000233e-45
3.375000000000000000e+01 2.833240000000000244e-45
3.400000000000000000e+01 2.738280000000000067e-45
3.425000000000000000e+01 2.649199999999999976e-45
3.450000000000000000e+01 2.565569999999999887e-45
3.475000000000000000e+01 2.483979999999999898e-45
3.500000000000000000e+01 2.406320000000000013e-45
3.525000000000000000e+01 2.328029999999999918e-45
3.550000000000000000e+01 2.253810000000000079e-45
3.575000000000000000e+01 2.183680000000000072e-45
3.600000000000000000e+01 2.112569999999999946e-45
3.625000000000000000e+01 2.047459999999999857e-45
3.650000000000000000e+01 1.983240000000000078e-45
3.675000000000000000e+01 1.925130000000000032e-45
3.700000000000000000e+01 1.868740000000000008e-45
3.725000000000000000e+01 1.814380000000000139e-45
3.750000000000000000e+01 1.762919999999999915e-45
3.775000000000000000e+01 1.712919999999999924e-45
3.800000000000000000e+01 1.664699999999999930e-45
3.825000000000000000e+01 1.618359999999999999e-45
3.850000000000000000e+01 1.572460000000000094e-45
3.875000000000000000e+01 1.528989999999999974e-45
3.900000000000000000e+01 1.486030000000000113e-45
3.925000000000000000e+01 1.443179999999999947e-45
3.950000000000000000e+01 1.402570000000000006e-45
3.975000000000000000e+01 1.362860000000000008e-45
4.000000000000000000e+01 1.325810000000000064e-45
4.025000000000000000e+01 1.290310000000000005e-45
4.050000000000000000e+01 1.258320000000000066e-45
4.075000000000000000e+01 1.227109999999999965e-45
4.100000000000000000e+01 1.197749999999999936e-45
4.125000000000000000e+01 1.169629999999999971e-45
4.150000000000000000e+01 1.142159999999999948e-45
4.175000000000000000e+01 1.116799999999999944e-45
4.200000000000000000e+01 1.092099999999999981e-45
4.225000000000000000e+01 1.069040000000000022e-45
4.250000000000000000e+01 1.046880000000000006e-45
4.275000000000000000e+01 1.025699999999999953e-45
4.300000000000000000e+01 1.006080000000000040e-45
4.325000000000000000e+01 9.881859999999999599e-46
4.350000000000000000e+01 9.721159999999999436e-46
4.375000000000000000e+01 9.595050000000000222e-46
4.400000000000000000e+01 9.532609999999999508e-46
4.425000000000000000e+01 9.503780000000000560e-46
4.450000000000000000e+01 9.492889999999999255e-46
4.475000000000000000e+01 9.521030000000000508e-46
4.500000000000000000e+01 9.658440000000000288e-46
4.525000000000000000e+01 9.937670000000000067e-46
4.550000000000000000e+01 1.042689999999999956e-45
4.575000000000000000e+01 1.126609999999999979e-45
4.600000000000000000e+01 1.275299999999999970e-45
4.625000000000000000e+01 1.540109999999999992e-45
4.650000000000000000e+01 2.014620000000000007e-45
4.675000000000000000e+01 2.871370000000000058e-45
4.700000000000000000e+01 4.463619999999999892e-45
4.725000000000000000e+01 7.320469999999999662e-45
4.750000000000000000e+01 1.163019999999999956e-44
4.775000000000000000e+01 1.873359999999999986e-44
4.800000000000000000e+01 3.307299999999999914e-44
4.825000000000000000e+01 4.566730000000000335e-44
4.850000000000000000e+01 3.481860000000000074e-44
4.875000000000000000e+01 2.170100000000000002e-44
4.900000000000000000e+01 1.370349999999999923e-44
4.925000000000000000e+01 8.702880000000000442e-45
4.950000000000000000e+01 5.125679999999999829e-45
4.975000000000000000e+01 3.165559999999999840e-45
5.000000000000000000e+01 2.068660000000000110e-45
5.025000000000000000e+01 1.456240000000000001e-45
5.050000000000000000e+01 1.106139999999999998e-45
5.075000000000000000e+01 8.980180000000000440e-46
5.100000000000000000e+01 7.703349999999999851e-46
5.125000000000000000e+01 6.902730000000000034e-46
5.150000000000000000e+01 6.366219999999999800e-46
5.175000000000000000e+01 5.966120000000000272e-46
5.200000000000000000e+01 5.656640000000000154e-46
5.225000000000000000e+01 5.403379999999999767e-46
5.250000000000000000e+01 5.187689999999999992e-46
5.275000000000000000e+01 5.014509999999999641e-46
5.300000000000000000e+01 4.874570000000000014e-46
5.325000000000000000e+01 4.764919999999999724e-46
5.350000000000000000e+01 4.671039999999999884e-46
5.375000000000000000e+01 4.586610000000000070e-46
5.400000000000000000e+01 4.508219999999999913e-46
5.425000000000000000e+01 4.435060000000000055e-46
5.450000000000000000e+01 4.365999999999999818e-46
5.475000000000000000e+01 4.299910000000000077e-46
5.500000000000000000e+01 4.237419999999999643e-46
5.525000000000000000e+01 4.177069999999999682e-46
5.550000000000000000e+01 4.118890000000000027e-46
5.575000000000000000e+01 4.061339999999999959e-46
5.600000000000000000e+01 4.005700000000000095e-46
5.625000000000000000e+01 3.953759999999999756e-46
5.650000000000000000e+01 3.903169999999999643e-46
5.675000000000000000e+01 3.854729999999999947e-46
5.700000000000000000e+01 3.808619999999999662e-46
5.725000000000000000e+01 3.765950000000000356e-46
5.750000000000000000e+01 3.727559999999999663e-46
5.775000000000000000e+01 3.696839999999999620e-46
5.800000000000000000e+01 3.671140000000000274e-46
5.825000000000000000e+01 3.649379999999999887e-46
5.850000000000000000e+01 3.625609999999999855e-46
5.875000000000000000e+01 3.599110000000000317e-46
5.900000000000000000e+01 3.569039999999999749e-46
5.925000000000000000e+01 3.536700000000000213e-46
5.950000000000000000e+01 3.496859999999999854e-46
5.975000000000000000e+01 3.459420000000000069e-46
6.000000000000000000e+01 3.423880000000000156e-46
6.025000000000000000e+01 3.387829999999999984e-46
6.050000000000000000e+01 3.351110000000000061e-46
6.075000000000000000e+01 3.315249999999999993e-46
6.100000000000000000e+01 3.278930000000000165e-46
6.125000000000000000e+01 3.243399999999999807e-46
6.150000000000000000e+01 3.209280000000000117e-46
6.175000000000000000e+01 3.174950000000000046e-46
6.200000000000000000e+01 3.140810000000000079e-46
6.225000000000000000e+01 3.107580000000000077e-46
6.250000000000000000e+01 3.074729999999999894e-46
6.275000000000000000e+01 3.042710000000000124e-46
6.300000000000000000e+01 3.011510000000000044e-46
6.325000000000000000e+01 2.981400000000000089e-46
6.350000000000000000e+01 2.951380000000000019e-46
6.375000000000000000e+01 2.922430000000000186e-46
6.400000000000000000e+01 2.893260000000000028e-46
6.425000000000000000e+01 2.864380000000000193e-46
6.450000000000000000e+01 2.835470000000000136e-46
6.475000000000000000e+01 2.805349999999999848e-46
6.500000000000000000e+01 2.774129999999999880e-46
6.525000000000000000e+01 2.742779999999999861e-46
6.550000000000000000e+01 2.710480000000000101e-46
6.575000000000000000e+01 2.677209999999999934e-46
6.600000000000000000e+01 2.645610000000000148e-46
6.625000000000000000e+01 2.613459999999999937e-46
6.650000000000000000e+01 2.581149999999999845e-46
6.675000000000000000e+01 2.548030000000000005e-46
6.700000000000000000e+01 2.517490000000000122e-46
6.725000000000000000e+01 2.489569999999999972e-46
6.750000000000000000e+01 2.460439999999999979e-46
6.775000000000000000e+01 2.434680000000000190e-46
6.800000000000000000e+01 2.411159999999999927e-46
6.825000000000000000e+01 2.390190000000000176e-46
6.850000000000000000e+01 2.369939999999999898e-46
6.875000000000000000e+01 2.350829999999999854e-46
6.900000000000000000e+01 2.331919999999999858e-46
6.925000000000000000e+01 2.313699999999999891e-46
6.950000000000000000e+01 2.296340000000000168e-46
6.975000000000000000e+01 2.279409999999999985e-46
7.000000000000000000e+01 2.263429999999999932e-46
7.025000000000000000e+01 2.247029999999999895e-46
7.050000000000000000e+01 2.231809999999999868e-46
7.075000000000000000e+01 2.216760000000000057e-46
7.100000000000000000e+01 2.201890000000000017e-46
7.125000000000000000e+01 2.187099999999999918e-46
7.150000000000000000e+01 2.173119999999999955e-46
7.175000000000000000e+01 2.159299999999999874e-46
7.200000000000000000e+01 2.146139999999999991e-46
7.225000000000000000e+01 2.133060000000000048e-46
7.250000000000000000e+01 2.120260000000000095e-46
7.275000000000000000e+01 2.107219999999999929e-46
7.300000000000000000e+01 2.095189999999999947e-46
7.325000000000000000e+01 2.082940000000000028e-46
7.350000000000000000e+01 2.071199999999999979e-46
7.375000000000000000e+01 2.059780000000000084e-46
7.400000000000000000e+01 2.047950000000000149e-46
7.425000000000000000e+01 2.037100000000000177e-46
7.450000000000000000e+01 2.026009999999999992e-46
7.475000000000000000e+01 2.015710000000000054e-46
7.500000000000000000e+01 2.005379999999999895e-46
7.525000000000000000e+01 1.995260000000000117e-46
7.550000000000000000e+01 1.985590000000000155e-46
7.575000000000000000e+01 1.975709999999999812e-46
7.600000000000000000e+01 1.966309999999999895e-46
7.625000000000000000e+01 1.957139999999999858e-46
7.650000000000000000e+01 1.948470000000000136e-46
7.675000000000000000e+01 1.939940000000000019e-46
7.700000000000000000e+01 1.931150000000000189e-46
7.725000000000000000e+01 1.923129999999999942e-46
7.750000000000000000e+01 1.915110000000000083e-46
7.775000000000000000e+01 1.907699999999999923e-46
7.800000000000000000e+01 1.900220000000000155e-46
7.825000000000000000e+01 1.893119999999999816e-46
7.850000000000000000e+01 1.885770000000000098e-46
7.875000000000000000e+01 1.879090000000000133e-46
7.900000000000000000e+01 1.872230000000000007e-46
7.925000000000000000e+01 1.866030000000000078e-46
7.950000000000000000e+01 1.860260000000000078e-46
7.975000000000000000e+01 1.854700000000000069e-46
8.000000000000000000e+01 1.849750000000000148e-46
8.025000000000000000e+01 1.844670000000000176e-46
8.050000000000000000e+01 1.840269999999999901e-46
8.075000000000000000e+01 1.835809999999999961e-46
8.100000000000000000e+01 1.831340000000000077e-46
8.125000000000000000e+01 1.827230000000000124e-46
8.150000000000000000e+01 1.823719999999999925e-46
8.175000000000000000e+01 1.820060000000000177e-46
8.200000000000000000e+01 1.817150000000000122e-46
8.225000000000000000e+01 1.815039999999999869e-46
8.250000000000000000e+01 1.812949999999999894e-46
8.275000000000000000e+01 1.810439999999999935e-46
8.300000000000000000e+01 1.807589999999999933e-46
8.325000000000000000e+01 1.805280000000000022e-46
8.350000000000000000e+01 1.802550000000000127e-46
8.375000000000000000e+01 1.800330000000000101e-46
8.400000000000000000e+01 1.797960000000000136e-46
8.425000000000000000e+01 1.795629999999999948e-46
8.450000000000000000e+01 1.792859999999999888e-46
8.475000000000000000e+01 1.790610000000000030e-46
8.500000000000000000e+01 1.788059999999999905e-46
8.525000000000000000e+01 1.784859999999999917e-46
8.550000000000000000e+01 1.782110000000000134e-46
8.575000000000000000e+01 1.778939999999999978e-46
8.600000000000000000e+01 1.776080000000000032e-46
8.625000000000000000e+01 1.773589999999999961e-46
8.650000000000000000e+01 1.770889999999999898e-46
8.675000000000000000e+01 1.768200000000000168e-46
8.700000000000000000e+01 1.765379999999999998e-46
8.725000000000000000e+01 1.762520000000000053e-46
8.750000000000000000e+01 1.759940000000000096e-46
8.775000000000000000e+01 1.756740000000000108e-46
8.800000000000000000e+01 1.754059999999999933e-46
8.825000000000000000e+01 1.751199999999999987e-46
8.850000000000000000e+01 1.748830000000000023e-46
8.875000000000000000e+01 1.746350000000000090e-46
8.900000000000000000e+01 1.744020000000000096e-46
8.925000000000000000e+01 1.741730000000000073e-46
8.950000000000000000e+01 1.739540000000000074e-46
8.975000000000000000e+01 1.737329999999999992e-46
9.000000000000000000e+01 1.734939999999999945e-46
9.025000000000000000e+01 1.732700000000000031e-46
9.050000000000000000e+01 1.730739999999999912e-46
9.075000000000000000e+01 1.728539999999999968e-46
9.100000000000000000e+01 1.726519999999999990e-46
9.125000000000000000e+01 1.724630000000000063e-46
9.150000000000000000e+01 1.723159999999999925e-46
9.175000000000000000e+01 1.721510000000000016e-46
9.200000000000000000e+01 1.719849999999999969e-46
9.225000000000000000e+01 1.718319999999999972e-46
9.250000000000000000e+01 1.716899999999999943e-46
9.275000000000000000e+01 1.715429999999999999e-46
9.300000000000000000e+01 1.714170000000000048e-46
9.325000000000000000e+01 1.712990000000000038e-46
9.350000000000000000e+01 1.711859999999999942e-46
9.375000000000000000e+01 1.710779999999999956e-46
9.400000000000000000e+01 1.709970000000000015e-46
9.425000000000000000e+01 1.709079999999999938e-46
9.450000000000000000e+01 1.708370000000000021e-46
9.475000000000000000e+01 1.707579999999999968e-46
9.500000000000000000e+01 1.706550000000000090e-46
9.525000000000000000e+01 1.705940000000000003e-46
9.550000000000000000e+01 1.705300000000000083e-46
9.575000000000000000e+01 1.704909999999999931e-46
9.600000000000000000e+01 1.704470000000000059e-46
9.625000000000000000e+01 1.704379999999999979e-46
9.650000000000000000e+01 1.704699999999999939e-46
9.675000000000000000e+01 1.705550000000000045e-46
9.700000000000000000e+01 1.707470000000000000e-46
9.725000000000000000e+01 1.708820000000000031e-46
9.750000000000000000e+01 1.712029999999999963e-46
9.775000000000000000e+01 1.716069999999999919e-46
9.800000000000000000e+01 1.722310000000000013e-46
9.825000000000000000e+01 1.728549999999999912e-46
9.850000000000000000e+01 1.736609999999999936e-46
9.875000000000000000e+01 1.747209999999999946e-46
9.900000000000000000e+01 1.763200000000000138e-46
9.925000000000000000e+01 1.787620000000000033e-46
9.950000000000000000e+01 1.832009999999999829e-46
9.975000000000000000e+01 2.053460000000000049e-46
1.000000000000000000e+02 1.387720000000000009e-44
1.002500000000000000e+02 1.974219999999999980e-46
1.005000000000000000e+02 1.828669999999999846e-46
1.007500000000000000e+02 1.785689999999999941e-46
1.010000000000000000e+02 1.763789999999999948e-46
1.012500000000000000e+02 1.747640000000000068e-46
1.015000000000000000e+02 1.737210000000000080e-46
1.017500000000000000e+02 1.728929999999999926e-46
1.020000000000000000e+02 1.721670000000000093e-46
1.022500000000000000e+02 1.716110000000000084e-46
1.025000000000000000e+02 1.711740000000000030e-46
1.027500000000000000e+02 1.708549999999999986e-46
1.030000000000000000e+02 1.706369999999999931e-46
1.032500000000000000e+02 1.705200000000000059e-46
1.035000000000000000e+02 1.704629999999999942e-46
1.037500000000000000e+02 1.704340000000000009e-46
1.040000000000000000e+02 1.703799999999999918e-46
1.042500000000000000e+02 1.704009999999999910e-46
1.045000000000000000e+02 1.704330000000000065e-46
1.047500000000000000e+02 1.704190000000000070e-46
1.050000000000000000e+02 1.704430000000000088e-46
1.052500000000000000e+02 1.704580000000000027e-46
1.055000000000000000e+02 1.704570000000000083e-46
1.057500000000000000e+02 1.704689999999999995e-46
1.060000000000000000e+02 1.705030000000000038e-46
1.062500000000000000e+02 1.705259999999999918e-46
1.065000000000000000e+02 1.705499999999999936e-46
1.067500000000000000e+02 1.705319999999999971e-46
1.070000000000000000e+02 1.705499999999999936e-46
1.072500000000000000e+02 1.705629999999999987e-46
1.075000000000000000e+02 1.705720000000000067e-46
1.077500000000000000e+02 1.705849999999999923e-46
1.080000000000000000e+02 1.706100000000000080e-46
1.082500000000000000e+02 1.706100000000000080e-46
1.085000000000000000e+02 1.706530000000000008e-46
1.087500000000000000e+02 1.706709999999999973e-46
1.090000000000000000e+02 1.706320000000000016e-46
1.092500000000000000e+02 1.706569999999999979e-46
1.095000000000000000e+02 1.706639999999999976e-46
1.097500000000000000e+02 1.706240000000000075e-46
1.100000000000000000e+02 1.706380000000000069e-46
1.102500000000000000e+02 1.706149999999999995e-46
1.105000000000000000e+02 1.706180000000000021e-46
1.107500000000000000e+02 1.706119999999999968e-46
1.110000000000000000e+02 1.706219999999999992e-46
1.112500000000000000e+02 1.706299999999999933e-46
1.115000000000000000e+02 1.706219999999999992e-46
1.117500000000000000e+02 1.706660000000000058e-46
1.120000000000000000e+02 1.706859999999999912e-46
1.122500000000000000e+02 1.707059999999999960e-46
1.125000000000000000e+02 1.707110000000000069e-46
1.127500000000000000e+02 1.707449999999999917e-46
1.130000000000000000e+02 1.707640000000000021e-46
1.132500000000000000e+02 1.708060000000000005e-46
1.135000000000000000e+02 1.708459999999999906e-46
1.137500000000000000e+02 1.708950000000000082e-46
1.140000000000000000e+02 1.708990000000000052e-46
1.142500000000000000e+02 1.709209999999999988e-46
1.145000000000000000e+02 1.709919999999999905e-46
1.147500000000000000e+02 1.710420000000000025e-46
1.150000000000000000e+02 1.710590000000000046e-46
1.152500000000000000e+02 1.711189999999999996e-46
1.155000000000000000e+02 1.711269999999999937e-46
1.157500000000000000e+02 1.711660000000000089e-46
1.160000000000000000e+02 1.712090000000000017e-46
1.162500000000000000e+02 1.712339999999999979e-46
1.165000000000000000e+02 1.712810000000000072e-46
1.167500000000000000e+02 1.713379999999999995e-46
1.170000000000000000e+02 1.714319999999999987e-46
1.172500000000000000e+02 1.715310000000000087e-46
1.175000000000000000e+02 1.716299999999999994e-46
1.177500000000000000e+02 1.717200000000000015e-46
1.180000000000000000e+02 1.717899999999999988e-46
1.182500000000000000e+02 1.718760000000000038e-46
1.185000000000000000e+02 1.719679999999999947e-46
1.187500000000000000e+02 1.720609999999999995e-46
1.190000000000000000e+02 1.721379999999999965e-46
1.192500000000000000e+02 1.722100000000000021e-46
1.195000000000000000e+02 1.722960000000000071e-46
1.197500000000000000e+02 1.723490000000000023e-46
1.200000000000000000e+02 1.724390000000000044e-46
1.202500000000000000e+02 1.725269999999999983e-46
1.205000000000000000e+02 1.725710000000000049e-46
1.207500000000000000e+02 1.726480000000000020e-46
1.210000000000000000e+02 1.727329999999999931e-46
1.212500000000000000e+02 1.728150000000000011e-46
1.215000000000000000e+02 1.729080000000000059e-46
1.217500000000000000e+02 1.729950000000000053e-46
1.220000000000000000e+02 1.730360000000000093e-46
1.222500000000000000e+02 1.731100000000000037e-46
1.225000000000000000e+02 1.732070000000000055e-46
1.227500000000000000e+02 1.732789999999999916e-46
1.230000000000000000e+02 1.733549999999999943e-46
1.232500000000000000e+02 1.734670000000000094e-46
1.235000000000000000e+02 1.735419999999999982e-46
1.237500000000000000e+02 1.735869999999999992e-46
1.240000000000000000e+02 1.736649999999999907e-46
1.242500000000000000e+02 1.737210000000000080e-46
1.245000000000000000e+02 1.737889999999999970e-46
1.247500000000000000e+02 1.738689999999999968e-46
1.250000000000000000e+02 1.739069999999999981e-46
1.252500000000000000e+02 1.739970000000000002e-46
1.255000000000000000e+02 1.740340000000000071e-46
1.257500000000000000e+02 1.741000000000000073e-46
1.260000000000000000e+02 1.741830000000000097e-46
1.262500000000000000e+02 1.742080000000000060e-46
1.265000000000000000e+02 1.742349999999999910e-46
1.267500000000000000e+02 1.742220000000000054e-46
1.270000000000000000e+02 1.742540000000000014e-46
1.272500000000000000e+02 1.742799999999999921e-46
1.275000000000000000e+02 1.743410000000000009e-46
1.277500000000000000e+02 1.743400000000000064e-46
1.280000000000000000e+02 1.743739999999999913e-46
1.282500000000000000e+02 1.744090000000000094e-46
1.285000000000000000e+02 1.744419999999999998e-46
1.287500000000000000e+02 1.744970000000000032e-46
1.290000000000000000e+02 1.745210000000000051e-46
1.292500000000000000e+02 1.745320000000000019e-46
1.295000000000000000e+02 1.745329999999999963e-46
1.297500000000000000e+02 1.745380000000000072e-46
1.300000000000000000e+02 1.745770000000000029e-46
1.302500000000000000e+02 1.745980000000000021e-46
1.305000000000000000e+02 1.746339999999999952e-46
1.307500000000000000e+02 1.746530000000000055e-46
1.310000000000000000e+02 1.747080000000000090e-46
1.312500000000000000e+02 1.747430000000000076e-46
1.315000000000000000e+02 1.747810000000000090e-46
1.317500000000000000e+02 1.748459999999999954e-46
1.320000000000000000e+02 1.748989999999999905e-46
1.322500000000000000e+02 1.749329999999999948e-46
1.325000000000000000e+02 1.749539999999999940e-46
1.327500000000000000e+02 1.749739999999999988e-46
1.330000000000000000e+02 1.751090000000000019e-46
1.332500000000000000e+02 1.751899999999999960e-46
1.335000000000000000e+02 1.752230000000000059e-46
1.337500000000000000e+02 1.753519999999999843e-46
1.340000000000000000e+02 1.754180000000000039e-46
1.342500000000000000e+02 1.754370000000000143e-46
1.345000000000000000e+02 1.754819999999999959e-46
1.347500000000000000e+02 1.756219999999999906e-46
1.350000000000000000e+02 1.757030000000000041e-46
1.352500000000000000e+02 1.757860000000000065e-46
1.355000000000000000e+02 1.758429999999999987e-46
1.357500000000000000e+02 1.759129999999999961e-46
1.360000000000000000e+02 1.758840000000000027e-46
1.362500000000000000e+02 1.758849999999999971e-46
1.365000000000000000e+02 1.758490000000000041e-46
1.367500000000000000e+02 1.758719999999999921e-46
1.370000000000000000e+02 1.759289999999999843e-46
1.372500000000000000e+02 1.758919999999999969e-46
1.375000000000000000e+02 1.759190000000000014e-46
1.377500000000000000e+02 1.758970000000000078e-46
1.380000000000000000e+02 1.758410000000000099e-46
1.382500000000000000e+02 1.757819999999999900e-46
1.385000000000000000e+02 1.757560000000000188e-46
1.387500000000000000e+02 1.756929999999999823e-46
1.390000000000000000e+02 1.756520000000000172e-46
1.392500000000000000e+02 1.755000000000000119e-46
1.395000000000000000e+02 1.753140000000000024e-46
1.397500000000000000e+02 1.751330000000000038e-46
1.400000000000000000e+02 1.748799999999999996e-46
1.402500000000000000e+02 1.746649999999999967e-46
1.405000000000000000e+02 1.744389999999999971e-46
1.407500000000000000e+02 1.741409999999999919e-46
1.410000000000000000e+02 1.739139999999999978e-46
1.412500000000000000e+02 1.736679999999999934e-46
1.415000000000000000e+02 1.733789999999999961e-46
1.417500000000000000e+02 1.730090000000000048e-46
1.420000000000000000e+02 1.726890000000000059e-46
1.422500000000000000e+02 1.722909999999999962e-46
1.425000000000000000e+02 1.718329999999999916e-46
1.427500000000000000e+02 1.713139999999999976e-46
1.430000000000000000e+02 1.708769999999999922e-46
1.432500000000000000e+02 1.703680000000000006e-46
1.435000000000000000e+02 1.697649999999999904e-46
1.437500000000000000e+02 1.691659999999999968e-46
1.440000000000000000e+02 1.685000000000000084e-46
1.442500000000000000e+02 1.680450000000000065e-46
1.445000000000000000e+02 1.689280000000000059e-46
1.447500000000000000e+02 1.726240000000000001e-46
1.450000000000000000e+02 1.806829999999999907e-46
1.452500000000000000e+02 1.954479999999999960e-46
1.455000000000000000e+02 2.201979999999999902e-46
1.457500000000000000e+02 2.604779999999999882e-46
1.460000000000000000e+02 3.257960000000000026e-46
1.462500000000000000e+02 4.350289999999999810e-46
1.465000000000000000e+02 6.236820000000000323e-46
1.467500000000000000e+02 9.746729999999999509e-46
1.470000000000000000e+02 1.671039999999999932e-45
1.472500000000000000e+02 3.156369999999999915e-45
1.475000000000000000e+02 6.601590000000000241e-45
1.477500000000000000e+02 1.544079999999999935e-44
1.480000000000000000e+02 4.039809999999999810e-44
1.482500000000000000e+02 1.187070000000000058e-43
1.485000000000000000e+02 3.730580000000000235e-43
1.487500000000000000e+02 1.159110000000000073e-42
1.490000000000000000e+02 3.318949999999999981e-42
1.492500000000000000e+02 8.103910000000000620e-42
1.495000000000000000e+02 1.576049999999999902e-41
1.497500000000000000e+02 2.242949999999999933e-41
1.500000000000000000e+02 2.216859999999999949e-41
1.502500000000000000e+02 1.584199999999999926e-41
1.505000000000000000e+02 8.809210000000000310e-42
1.507500000000000000e+02 3.970110000000000133e-42
1.510000000000000000e+02 1.566930000000000050e-42
1.512500000000000000e+02 5.696339999999999984e-43
1.515000000000000000e+02 1.982970000000000183e-43
1.517500000000000000e+02 6.950710000000000063e-44
1.520000000000000000e+02 2.589320000000000062e-44
1.522500000000000000e+02 1.085740000000000061e-44
1.525000000000000000e+02 5.093550000000000051e-45
1.527500000000000000e+02 2.698219999999999850e-45
1.530000000000000000e+02 1.615130000000000023e-45
1.532500000000000000e+02 1.050889999999999975e-45
1.535000000000000000e+02 7.416840000000000351e-46
1.537500000000000000e+02 5.638639999999999734e-46
1.540000000000000000e+02 4.512019999999999656e-46
1.542500000000000000e+02 3.718659999999999671e-46
1.545000000000000000e+02 3.192689999999999976e-46
1.547500000000000000e+02 2.841380000000000131e-46
1.550000000000000000e+02 2.596999999999999847e-46
1.552500000000000000e+02 2.428599999999999979e-46
1.555000000000000000e+02 2.319669999999999939e-46
1.557500000000000000e+02 2.252560000000000072e-46
1.560000000000000000e+02 2.212279999999999840e-46
1.562500000000000000e+02 2.185279999999999988e-46
1.565000000000000000e+02 2.165139999999999872e-46
1.567500000000000000e+02 2.148710000000000003e-46
1.570000000000000000e+02 2.138499999999999951e-46
1.572500000000000000e+02 2.132809999999999891e-46
1.575000000000000000e+02 2.134450000000000051e-46
1.577500000000000000e+02 2.136439999999999808e-46
1.580000000000000000e+02 2.137669999999999927e-46
1.582500000000000000e+02 2.136320000000000090e-46
1.585000000000000000e+02 2.134409999999999885e-46
1.587500000000000000e+02 2.131919999999999814e-46
1.590000000000000000e+02 2.129370000000000079e-46
1.592500000000000000e+02 2.127290000000000048e-46
1.595000000000000000e+02 2.125070000000000022e-46
1.597500000000000000e+02 2.123740000000000073e-46
1.600000000000000000e+02 2.121819999999999924e-46
1.602500000000000000e+02 2.120620000000000026e-46
1.605000000000000000e+02 2.118600000000000048e-46
1.607500000000000000e+02 2.116049999999999924e-46
1.610000000000000000e+02 2.112629999999999999e-46
1.612500000000000000e+02 2.109919999999999992e-46
1.615000000000000000e+02 2.106729999999999948e-46
1.617500000000000000e+02 2.103469999999999907e-46
1.620000000000000000e+02 2.100699999999999846e-46
1.622500000000000000e+02 2.097829999999999957e-46
1.625000000000000000e+02 2.094929999999999846e-46
1.627500000000000000e+02 2.092059999999999956e-46
1.630000000000000000e+02 2.090560000000000180e-46
1.632500000000000000e+02 2.088550000000000146e-46
1.635000000000000000e+02 2.085850000000000083e-46
1.637500000000000000e+02 2.083719999999999943e-46
1.640000000000000000e+02 2.081110000000000154e-46
1.642500000000000000e+02 2.077889999999999889e-46
1.645000000000000000e+02 2.075920000000000020e-46
1.647500000000000000e+02 2.073190000000000125e-46
1.650000000000000000e+02 2.071610000000000019e-46
1.652500000000000000e+02 2.069969999999999860e-46
1.655000000000000000e+02 2.067589999999999951e-46
1.657500000000000000e+02 2.065449999999999866e-46
1.660000000000000000e+02 2.064119999999999918e-46
1.662500000000000000e+02 2.061780000000000174e-46
1.665000000000000000e+02 2.059459999999999930e-46
1.667500000000000000e+02 2.057599999999999834e-46
1.670000000000000000e+02 2.056580000000000096e-46
1.672500000000000000e+02 2.055219999999999926e-46
1.675000000000000000e+02 2.053499999999999825e-46
1.677500000000000000e+02 2.051959999999999884e-46
1.680000000000000000e+02 2.050820000000000039e-46
1.682500000000000000e+02 2.049519999999999923e-46
1.685000000000000000e+02 2.048469999999999963e-46
1.687500000000000000e+02 2.047250000000000176e-46
1.690000000000000000e+02 2.045720000000000180e-46
1.692500000000000000e+02 2.044120000000000185e-46
1.695000000000000000e+02 2.042929999999999842e-46
1.697500000000000000e+02 2.041350000000000125e-46
1.700000000000000000e+02 2.040240000000000112e-46
1.702500000000000000e+02 2.038780000000000113e-46
1.705000000000000000e+02 2.037159999999999841e-46
1.707500000000000000e+02 2.035909999999999834e-46
1.710000000000000000e+02 2.034350000000000005e-46
1.712500000000000000e+02 2.033290000000000101e-46
1.715000000000000000e+02 2.031799999999999881e-46
1.717500000000000000e+02 2.030910000000000193e-46
1.720000000000000000e+02 2.029270000000000033e-46
1.722500000000000000e+02 2.027170000000000114e-46
1.725000000000000000e+02 2.026179999999999819e-46
1.727500000000000000e+02 2.024260000000000059e-46
1.730000000000000000e+02 2.023140000000000102e-46
1.732500000000000000e+02 2.022339999999999910e-46
1.735000000000000000e+02 2.020850000000000079e-46
1.737500000000000000e+02 2.019600000000000071e-46
1.740000000000000000e+02 2.018649999999999941e-46
1.742500000000000000e+02 2.017990000000000133e-46
1.745000000000000000e+02 2.016960000000000062e-46
1.747500000000000000e+02 2.016099999999999817e-46
1.750000000000000000e+02 2.015650000000000001e-46
1.752500000000000000e+02 2.015179999999999908e-46
1.755000000000000000e+02 2.014909999999999862e-46
1.757500000000000000e+02 2.014409999999999937e-46
1.760000000000000000e+02 2.013519999999999860e-46
1.762500000000000000e+02 2.012759999999999834e-46
1.765000000000000000e+02 2.012710000000000114e-46
1.767500000000000000e+02 2.011989999999999863e-46
1.770000000000000000e+02 2.011540000000000047e-46
1.772500000000000000e+02 2.010929999999999960e-46
1.775000000000000000e+02 2.010809999999999853e-46
1.777500000000000000e+02 2.010229999999999987e-46
1.780000000000000000e+02 2.010169999999999933e-46
1.782500000000000000e+02 2.009209999999999859e-46
1.785000000000000000e+02 2.009209999999999859e-46
1.787500000000000000e+02 2.009030000000000088e-46
1.790000000000000000e+02 2.009059999999999920e-46
1.792500000000000000e+02 2.009290000000000189e-46
1.795000000000000000e+02 2.009370000000000131e-46
1.797500000000000000e+02 2.009149999999999806e-46
1.800000000000000000e+02 2.009059999999999920e-46
1.802500000000000000e+02 2.008909999999999982e-46
1.805000000000000000e+02 2.008670000000000158e-46
1.807500000000000000e+02 2.008299999999999894e-46
1.810000000000000000e+02 2.008130000000000067e-46
1.812500000000000000e+02 2.008400000000000112e-46
1.815000000000000000e+02 2.008169999999999843e-46
1.817500000000000000e+02 2.008460000000000166e-46
1.820000000000000000e+02 2.008040000000000182e-46
1.822500000000000000e+02 2.007819999999999857e-46
1.825000000000000000e+02 2.007679999999999862e-46
1.827500000000000000e+02 2.007780000000000081e-46
1.830000000000000000e+02 2.008130000000000067e-46
1.832500000000000000e+02 2.008190000000000120e-46
1.835000000000000000e+02 2.008620000000000048e-46
1.837500000000000000e+02 2.008110000000000179e-46
1.840000000000000000e+02 2.008659999999999825e-46
1.842500000000000000e+02 2.008839999999999984e-46
1.845000000000000000e+02 2.008670000000000158e-46
1.847500000000000000e+02 2.008769999999999987e-46
1.850000000000000000e+02 2.008939999999999814e-46
1.852500000000000000e+02 2.009139999999999862e-46
1.855000000000000000e+02 2.009430000000000184e-46
1.857500000000000000e+02 2.009850000000000168e-46
1.860000000000000000e+02 2.010340000000000149e-46
1.862500000000000000e+02 2.009850000000000168e-46
1.865000000000000000e+02 2.009969999999999885e-46
1.867500000000000000e+02 2.010290000000000040e-46
1.870000000000000000e+02 2.010780000000000021e-46
1.872500000000000000e+02 2.011270000000000002e-46
1.875000000000000000e+02 2.011649999999999821e-46
1.877500000000000000e+02 2.012010000000000140e-46
1.880000000000000000e+02 2.011829999999999981e-46
1.882500000000000000e+02 2.012319999999999962e-46
1.885000000000000000e+02 2.013089999999999932e-46
1.887500000000000000e+02 2.013410000000000087e-46
1.890000000000000000e+02 2.013659999999999855e-46
1.892500000000000000e+02 2.014209999999999889e-46
1.895000000000000000e+02 2.014839999999999865e-46
1.897500000000000000e+02 2.015749999999999830e-46
1.900000000000000000e+02 2.016779999999999902e-46
1.902500000000000000e+02 2.017759999999999864e-46
1.905000000000000000e+02 2.018529999999999835e-46
1.907500000000000000e+02 2.019370000000000191e-46
1.910000000000000000e+02 2.020119999999999885e-46
1.912500000000000000e+02 2.020840000000000135e-46
1.915000000000000000e+02 2.022100000000000086e-46
1.917500000000000000e+02 2.023410000000000147e-46
1.920000000000000000e+02 2.024619999999999990e-46
1.922500000000000000e+02 2.026070000000000045e-46
1.925000000000000000e+02 2.028469999999999842e-46
1.927500000000000000e+02 2.030629999999999814e-46
1.930000000000000000e+02 2.033259999999999880e-46
1.932500000000000000e+02 2.035570000000000180e-46
1.935000000000000000e+02 2.038430000000000126e-46
1.937500000000000000e+02 2.042530000000000135e-46
1.940000000000000000e+02 2.048139999999999864e-46
1.942500000000000000e+02 2.054080000000000081e-46
1.945000000000000000e+02 2.060989999999999927e-46
1.947500000000000000e+02 2.069510000000000099e-46
1.950000000000000000e+02 2.079959999999999976e-46
1.952500000000000000e+02 2.090139999999999807e-46
1.955000000000000000e+02 2.102629999999999939e-46
1.957500000000000000e+02 2.118040000000000070e-46
1.960000000000000000e+02 2.137140000000000170e-46
1.962500000000000000e+02 2.162380000000000145e-46
1.965000000000000000e+02 2.195859999999999915e-46
1.967500000000000000e+02 2.240120000000000049e-46
1.970000000000000000e+02 2.301570000000000079e-46
1.972500000000000000e+02 2.388209999999999975e-46
1.975000000000000000e+02 2.527990000000000108e-46
1.977500000000000000e+02 2.762830000000000091e-46
1.980000000000000000e+02 3.205320000000000103e-46
1.982500000000000000e+02 4.168930000000000106e-46
1.985000000000000000e+02 6.920549999999999906e-46
1.987500000000000000e+02 2.106779999999999980e-45
1.990000000000000000e+02 2.425770000000000224e-44
1.992500000000000000e+02 2.006140000000000155e-45
1.995000000000000000e+02 6.787410000000000351e-46
1.997500000000000000e+02 4.125329999999999780e-46
2.000000000000000000e+02 3.183920000000000035e-46
2.002500000000000000e+02 2.749890000000000144e-46
2.005000000000000000e+02 2.519139999999999837e-46
2.007500000000000000e+02 2.378950000000000052e-46
2.010000000000000000e+02 2.290220000000000181e-46
2.012500000000000000e+02 2.226589999999999902e-46
2.015000000000000000e+02 2.181990000000000114e-46
2.017500000000000000e+02 2.149730000000000131e-46
2.020000000000000000e+02 2.124100000000000004e-46
2.022500000000000000e+02 2.102839999999999931e-46
2.025000000000000000e+02 2.085679999999999868e-46
2.027500000000000000e+02 2.071730000000000125e-46
2.030000000000000000e+02 2.059650000000000034e-46
2.032500000000000000e+02 2.048030000000000091e-46
2.035000000000000000e+02 2.038339999999999852e-46
2.037500000000000000e+02 2.029439999999999860e-46
2.040000000000000000e+02 2.021779999999999932e-46
2.042500000000000000e+02 2.015580000000000003e-46
2.045000000000000000e+02 2.010640000000000026e-46
2.047500000000000000e+02 2.005890000000000153e-46
2.050000000000000000e+02 2.001899999999999917e-46
2.052500000000000000e+02 1.998279999999999945e-46
2.055000000000000000e+02 1.995070000000000013e-46
2.057500000000000000e+02 1.991179999999999996e-46
2.060000000000000000e+02 1.988289999999999829e-46
2.062500000000000000e+02 1.985060000000000008e-46
2.065000000000000000e+02 1.982470000000000108e-46
2.067500000000000000e+02 1.980100000000000143e-46
2.070000000000000000e+02 1.977299999999999862e-46
2.072500000000000000e+02 1.974569999999999967e-46
2.075000000000000000e+02 1.971999999999999954e-46
2.077500000000000000e+02 1.969200000000000062e-46
2.080000000000000000e+02 1.965980000000000186e-46
2.082500000000000000e+02 1.963589999999999944e-46
2.085000000000000000e+02 1.960560000000000171e-46
2.087500000000000000e+02 1.957930000000000106e-46
2.090000000000000000e+02 1.954610000000000011e-46
2.092500000000000000e+02 1.951130000000000033e-46
2.095000000000000000e+02 1.948610000000000130e-46
2.097500000000000000e+02 1.945760000000000128e-46
2.100000000000000000e+02 1.942819999999999852e-46
2.102500000000000000e+02 1.939959999999999907e-46
2.105000000000000000e+02 1.936709999999999809e-46
2.107500000000000000e+02 1.933460000000000101e-46
2.110000000000000000e+02 1.930000000000000011e-46
2.112500000000000000e+02 1.926990000000000127e-46
2.115000000000000000e+02 1.923759999999999918e-46
2.117500000000000000e+02 1.920509999999999820e-46
2.120000000000000000e+02 1.916729999999999965e-46
2.122500000000000000e+02 1.913290000000000153e-46
2.125000000000000000e+02 1.909630000000000016e-46
2.127500000000000000e+02 1.905800000000000052e-46
2.130000000000000000e+02 1.901970000000000088e-46
2.132500000000000000e+02 1.898579999999999995e-46
2.135000000000000000e+02 1.894810000000000085e-46
2.137500000000000000e+02 1.891099999999999838e-46
2.140000000000000000e+02 1.887109999999999991e-46
2.142500000000000000e+02 1.883070000000000035e-46
2.145000000000000000e+02 1.878799999999999810e-46
2.147500000000000000e+02 1.874660000000000025e-46
2.150000000000000000e+02 1.870330000000000136e-46
2.152500000000000000e+02 1.866469999999999950e-46
2.155000000000000000e+02 1.861920000000000125e-46
2.157500000000000000e+02 1.857729999999999842e-46
2.160000000000000000e+02 1.852909999999999971e-46
2.162500000000000000e+02 1.848440000000000087e-46
2.165000000000000000e+02 1.844029999999999868e-46
2.167500000000000000e+02 1.839750000000000087e-46
2.170000000000000000e+02 1.835529999999999972e-46
2.172500000000000000e+02 1.830980000000000146e-46
2.175000000000000000e+02 1.826680000000000089e-46
2.177500000000000000e+02 1.822170000000000040e-46
2.180000000000000000e+02 1.817030000000000015e-46
2.182500000000000000e+02 1.812000000000000153e-46
2.185000000000000000e+02 1.806899999999999904e-46
2.187500000000000000e+02 1.802159999999999975e-46
2.190000000000000000e+02 1.796780000000000126e-46
2.192500000000000000e+02 1.791459999999999941e-46
2.195000000000000000e+02 1.786350000000000138e-46
2.197500000000000000e+02 1.781090000000000006e-46
2.200000000000000000e+02 1.776210000000000083e-46
2.202500000000000000e+02 1.770889999999999898e-46
2.205000000000000000e+02 1.765500000000000105e-46
2.207500000000000000e+02 1.759909999999999875e-46
2.210000000000000000e+02 1.754090000000000154e-46
2.212500000000000000e+02 1.748319999999999959e-46
2.215000000000000000e+02 1.742700000000000091e-46
2.217500000000000000e+02 1.736730000000000043e-46
2.220000000000000000e+02 1.731009999999999957e-46
2.222500000000000000e+02 1.725080000000000073e-46
2.225000000000000000e+02 1.719320000000000017e-46
2.227500000000000000e+02 1.713309999999999998e-46
2.230000000000000000e+02 1.707250000000000064e-46
2.232500000000000000e+02 1.701399999999999927e-46
2.235000000000000000e+02 1.695349999999999937e-46
2.237500000000000000e+02 1.689189999999999979e-46
2.240000000000000000e+02 1.682780000000000059e-46
2.242500000000000000e+02 1.676709999999999986e-46
2.245000000000000000e+02 1.670279999999999983e-46
2.247500000000000000e+02 1.664040000000000084e-46
2.250000000000000000e+02 1.657450000000000003e-46
2.252500000000000000e+02 1.650989999999999974e-46
2.255000000000000000e+02 1.644450000000000002e-46
2.257500000000000000e+02 1.637380000000000079e-46
2.260000000000000000e+02 1.630610000000000034e-46
2.262500000000000000e+02 1.623979999999999983e-46
2.265000000000000000e+02 1.617080000000000081e-46
2.267500000000000000e+02 1.610340000000000062e-46
2.270000000000000000e+02 1.603390000000000051e-46
2.272500000000000000e+02 1.596279999999999963e-46
2.275000000000000000e+02 1.589270000000000093e-46
2.277500000000000000e+02 1.582320000000000082e-46
2.280000000000000000e+02 1.575179999999999967e-46
2.282500000000000000e+02 1.567340000000000074e-46
2.285000000000000000e+02 1.559530000000000013e-46
2.287500000000000000e+02 1.552109999999999909e-46
2.290000000000000000e+02 1.544769999999999941e-46
2.292500000000000000e+02 1.537009999999999989e-46
2.295000000000000000e+02 1.529539999999999970e-46
2.297500000000000000e+02 1.521729999999999909e-46
2.300000000000000000e+02 1.514100000000000007e-46
2.302500000000000000e+02 1.506000000000000012e-46
2.305000000000000000e+02 1.498590000000000047e-46
2.307500000000000000e+02 1.490679999999999962e-46
2.310000000000000000e+02 1.482810000000000042e-46
2.312500000000000000e+02 1.474740000000000074e-46
2.315000000000000000e+02 1.466410000000000005e-46
2.317500000000000000e+02 1.457750000000000032e-46
2.320000000000000000e+02 1.449300000000000051e-46
2.322500000000000000e+02 1.440920000000000067e-46
2.325000000000000000e+02 1.432340000000000035e-46
2.327500000000000000e+02 1.423620000000000009e-46
2.330000000000000000e+02 1.415100000000000030e-46
2.332500000000000000e+02 1.406289999999999924e-46
2.335000000000000000e+02 1.397279999999999964e-46
2.337500000000000000e+02 1.389020000000000087e-46
2.340000000000000000e+02 1.380790000000000042e-46
2.342500000000000000e+02 1.371550000000000008e-46
2.345000000000000000e+02 1.362759999999999984e-46
2.347500000000000000e+02 1.353580000000000003e-46
2.350000000000000000e+02 1.344630000000000097e-46
2.352500000000000000e+02 1.335390000000000063e-46
2.355000000000000000e+02 1.326940000000000082e-46
2.357500000000000000e+02 1.318069999999999922e-46
2.360000000000000000e+02 1.309330000000000008e-46
2.362500000000000000e+02 1.300180000000000054e-46
2.365000000000000000e+02 1.291700000000000046e-46
2.367500000000000000e+02 1.283199999999999955e-46
2.370000000000000000e+02 1.275020000000000020e-46
2.372500000000000000e+02 1.265469999999999970e-46
2.375000000000000000e+02 1.256849999999999967e-46
2.377500000000000000e+02 1.247949999999999976e-46
2.380000000000000000e+02 1.238720000000000080e-46
2.382500000000000000e+02 1.229349999999999995e-46
2.385000000000000000e+02 1.220330000000000092e-46
2.387500000000000000e+02 1.211069999999999975e-46
2.390000000000000000e+02 1.201759999999999943e-46
2.392500000000000000e+02 1.193349999999999933e-46
2.395000000000000000e+02 1.184129999999999981e-46
2.397500000000000000e+02 1.174859999999999921e-46
2.400000000000000000e+02 1.165240000000000068e-46
2.402500000000000000e+02 1.156509999999999903e-46
2.405000000000000000e+02 1.145810000000000064e-46
2.407500000000000000e+02 1.136059999999999966e-46
2.410000000000000000e+02 1.126739999999999990e-46
2.412500000000000000e+02 1.116979999999999948e-46
2.415000000000000000e+02 1.107400000000000066e-46
2.417500000000000000e+02 1.097740000000000048e-46
2.420000000000000000e+02 1.087329999999999948e-46
2.422500000000000000e+02 1.076750000000000021e-46
2.425000000000000000e+02 1.066929999999999926e-46
2.427500000000000000e+02 1.057819999999999942e-46
2.430000000000000000e+02 1.048669999999999988e-46
2.432500000000000000e+02 1.040280000000000060e-46
2.435000000000000000e+02 1.031789999999999914e-46
2.437500000000000000e+02 1.024150000000000068e-46
2.440000000000000000e+02 1.016589999999999969e-46
2.442500000000000000e+02 1.009319999999999999e-46
2.445000000000000000e+02 1.004160000000000086e-46
2.447500000000000000e+02 9.979020000000000536e-47
2.450000000000000000e+02 9.920910000000000100e-47
2.452500000000000000e+02 9.876090000000000376e-47
2.455000000000000000e+02 9.828239999999999713e-47
2.457500000000000000e+02 9.784059999999999521e-47
2.460000000000000000e+02 9.740090000000000876e-47
2.462500000000000000e+02 9.706939999999999648e-47
2.465000000000000000e+02 9.671390000000000180e-47
2.467500000000000000e+02 9.642190000000000190e-47
2.470000000000000000e+02 9.630100000000000543e-47
2.472500000000000000e+02 9.626449999999999572e-47
2.475000000000000000e+02 9.654530000000000383e-47
2.477500000000000000e+02 9.740860000000000068e-47
2.480000000000000000e+02 9.920080000000000465e-47
2.482500000000000000e+02 1.026140000000000019e-46
2.485000000000000000e+02 1.088590000000000094e-46
2.487500000000000000e+02 1.200989999999999973e-46
2.490000000000000000e+02 1.459270000000000084e-46
2.492500000000000000e+02 2.115680000000000049e-46
2.495000000000000000e+02 3.991159999999999765e-46
2.497500000000000000e+02 1.209619999999999958e-45
2.500000000000000000e+02 8.913020000000000308e-45
2.502500000000000000e+02 3.323419999999999713e-45
2.505000000000000000e+02 6.821819999999999974e-46
2.507500000000000000e+02 2.795300000000000067e-46
2.510000000000000000e+02 1.684189999999999949e-46
2.512500000000000000e+02 1.279239999999999941e-46
2.515000000000000000e+02 1.107939999999999962e-46
2.517500000000000000e+02 1.025319999999999940e-46
2.520000000000000000e+02 9.795939999999999565e-47
2.522500000000000000e+02 9.623589999999999237e-47
2.525000000000000000e+02 9.648349999999999564e-47
2.527500000000000000e+02 9.754520000000000266e-47
2.530000000000000000e+02 9.979530000000000405e-47
2.532500000000000000e+02 1.029589999999999970e-46
2.535000000000000000e+02 1.057900000000000078e-46
2.537500000000000000e+02 1.092849999999999986e-46
2.540000000000000000e+02 1.132990000000000028e-46
2.542500000000000000e+02 1.181559999999999969e-46
2.545000000000000000e+02 1.231159999999999981e-46
2.547500000000000000e+02 1.280029999999999994e-46
2.550000000000000000e+02 1.314880000000000072e-46
2.552500000000000000e+02 1.332769999999999941e-46
