0.000000000000000000e+00 inf
2.500000000000000000e-01 5.000000000000000000e-01
5.000000000000000000e-01 5.000000000000000000e-01
7.500000000000000000e-01 5.000000000000000000e-01
1.000000000000000000e+00 5.000000000000000000e-01
1.250000000000000000e+00 5.000000000000000000e-01
1.500000000000000000e+00 5.000000000000000000e-01
1.750000000000000000e+00 5.000000000000000000e-01
2.000000000000000000e+00 5.000000000000000000e-01
2.250000000000000000e+00 5.000000000000000000e-01
2.500000000000000000e+00 5.000000000000000000e-01
2.750000000000000000e+00 5.000000000000000000e-01
3.000000000000000000e+00 5.000000000000000000e-01
3.250000000000000000e+00 5.000000000000000000e-01
3.500000000000000000e+00 5.000000000000000000e-01
3.750000000000000000e+00 5.000000000000000000e-01
4.000000000000000000e+00 5.000000000000000000e-01
4.250000000000000000e+00 5.000000000000000000e-01
4.500000000000000000e+00 5.000000000000000000e-01
4.750000000000000000e+00 5.000000000000000000e-01
5.000000000000000000e+00 5.000000000000000000e-01
5.250000000000000000e+00 5.000000000000000000e-01
5.500000000000000000e+00 5.000000000000000000e-01
5.750000000000000000e+00 5.000000000000000000e-01
6.000000000000000000e+00 5.000000000000000000e-01
6.250000000000000000e+00 5.000000000000000000e-01
6.500000000000000000e+00 5.000000000000000000e-01
6.750000000000000000e+00 5.000000000000000000e-01
7.000000000000000000e+00 5.000000000000000000e-01
7.250000000000000000e+00 5.000000000000000000e-01
7.500000000000000000e+00 5.000000000000000000e-01
7.750000000000000000e+00 5.000000000000000000e-01
8.000000000000000000e+00 5.000000000000000000e-01
8.250000000000000000e+00 5.000000000000000000e-01
8.500000000000000000e+00 5.000000000000000000e-01
8.750000000000000000e+00 5.000000000000000000e-01
9.000000000000000000e+00 5.000000000000000000e-01
9.250000000000000000e+00 5.000000000000000000e-01
9.500000000000000000e+00 5.000000000000000000e-01
9.750000000000000000e+00 5.000000000000000000e-01
1.000000000000000000e+01 5.000000000000000000e-01
1.025000000000000000e+01 5.000000000000000000e-01
1.050000000000000000e+01 5.000000000000000000e-01
1.075000000000000000e+01 5.000000000000000000e-01
1.100000000000000000e+01 5.000000000000000000e-01
1.125000000000000000e+01 5.000000000000000000e-01
1.150000000000000000e+01 5.000000000000000000e-01
1.175000000000000000e+01 5.000000000000000000e-01
1.200000000000000000e+01 5.000000000000000000e-01
1.225000000000000000e+01 5.000000000000000000e-01
1.250000000000000000e+01 5.000000000000000000e-01
1.275000000000000000e+01 5.000000000000000000e-01
1.300000000000000000e+01 5.000000000000000000e-01
1.325000000000000000e+01 5.000000000000000000e-01
1.350000000000000000e+01 5.000000000000000000e-01
1.375000000000000000e+01 5.000000000000000000e-01
1.400000000000000000e+01 5.000000000000000000e-01
1.425000000000000000e+01 5.000000000000000000e-01
1.450000000000000000e+01 5.000000000000000000e-01
1.475000000000000000e+01 5.000000000000000000e-01
1.500000000000000000e+01 5.000000000000000000e-01
1.525000000000000000e+01 5.000000000000000000e-01
1.550000000000000000e+01 5.000000000000000000e-01
1.575000000000000000e+01 5.000000000000000000e-01
1.600000000000000000e+01 2.161950000000000083e-43
1.625000000000000000e+01 1.822239999999999975e-43
1.650000000000000000e+01 1.536800000000000040e-43
1.675000000000000000e+01 1.297989999999999958e-43
1.700000000000000000e+01 1.096059999999999949e-43
1.725000000000000000e+01 9.260649999999999567e-44
1.750000000000000000e+01 7.816470000000000424e-44
1.775000000000000000e+01 6.606409999999999536e-44
1.800000000000000000e+01 5.594630000000000271e-44
1.825000000000000000e+01 4.744690000000000143e-44
1.850000000000000000e+01 4.033519999999999965e-44
1.875000000000000000e+01 3.437309999999999836e-44
1.900000000000000000e+01 2.933459999999999991e-44
1.925000000000000000e+01 2.509789999999999998e-44
1.950000000000000000e+01 2.153010000000000091e-44
1.975000000000000000e+01 1.849769999999999974e-44
2.000000000000000000e+01 1.591900000000000112e-44
2.025000000000000000e+01 1.373109999999999915e-44
2.050000000000000000e+01 1.187320000000000041e-44
2.075000000000000000e+01 1.029420000000000019e-44
2.100000000000000000e+01 8.956159999999999785e-45
2.125000000000000000e+01 7.815850000000000532e-45
2.150000000000000000e+01 6.843250000000000496e-45
2.175000000000000000e+01 6.005250000000000403e-45
2.200000000000000000e+01 5.287739999999999851e-45
2.225000000000000000e+01 4.666909999999999809e-45
2.250000000000000000e+01 4.131129999999999691e-45
2.275000000000000000e+01 3.665330000000000108e-45
2.300000000000000000e+01 3.259770000000000168e-45
2.325000000000000000e+01 2.908190000000000044e-45
2.350000000000000000e+01 2.600060000000000152e-45
2.375000000000000000e+01 2.333000000000000116e-45
2.400000000000000000e+01 2.098829999999999963e-45
2.425000000000000000e+01 1.893310000000000076e-45
2.450000000000000000e+01 1.712340000000000057e-45
2.475000000000000000e+01 1.552210000000000127e-45
2.500000000000000000e+01 1.410869999999999932e-45
2.525000000000000000e+01 1.285449999999999969e-45
2.550000000000000000e+01 1.174350000000000012e-45
2.575000000000000000e+01 1.075850000000000039e-45
2.600000000000000000e+01 9.878920000000000490e-46
2.625000000000000000e+01 9.094099999999999400e-46
2.650000000000000000e+01 8.389210000000000741e-46
2.675000000000000000e+01 7.759420000000000421e-46
2.700000000000000000e+01 7.194310000000000729e-46
2.725000000000000000e+01 6.684759999999999792e-46
2.750000000000000000e+01 6.224450000000000298e-46
2.775000000000000000e+01 5.809690000000000334e-46
2.800000000000000000e+01 5.432790000000000137e-46
2.825000000000000000e+01 5.087219999999999683e-46
2.850000000000000000e+01 4.776299999999999843e-46
2.875000000000000000e+01 4.491790000000000044e-46
2.900000000000000000e+01 4.234209999999999711e-46
2.925000000000000000e+01 3.996660000000000109e-46
2.950000000000000000e+01 3.779160000000000349e-46
2.975000000000000000e+01 3.579629999999999620e-46
3.000000000000000000e+01 3.396980000000000133e-46
3.025000000000000000e+01 3.228600000000000153e-46
3.050000000000000000e+01 3.072960000000000073e-46
3.075000000000000000e+01 2.931000000000000079e-46
3.100000000000000000e+01 2.799260000000000082e-46
3.125000000000000000e+01 2.676260000000000193e-46
3.150000000000000000e+01 2.561759999999999811e-46
3.175000000000000000e+01 2.455709999999999994e-46
3.200000000000000000e+01 2.356220000000000036e-46
3.225000000000000000e+01 2.264020000000000132e-46
3.250000000000000000e+01 2.178950000000000009e-46
3.275000000000000000e+01 2.098510000000000042e-46
3.300000000000000000e+01 2.023570000000000030e-46
3.325000000000000000e+01 1.954610000000000011e-46
3.350000000000000000e+01 1.889639999999999839e-46
3.375000000000000000e+01 1.829969999999999963e-46
3.400000000000000000e+01 1.773980000000000113e-46
3.425000000000000000e+01 1.723369999999999917e-46
3.450000000000000000e+01 1.674939999999999971e-46
3.475000000000000000e+01 1.630029999999999973e-46
3.500000000000000000e+01 1.587869999999999953e-46
3.525000000000000000e+01 1.548489999999999937e-46
3.550000000000000000e+01 1.511620000000000074e-46
3.575000000000000000e+01 1.476450000000000036e-46
3.600000000000000000e+01 1.444090000000000028e-46
3.625000000000000000e+01 1.413260000000000018e-46
3.650000000000000000e+01 1.384249999999999937e-46
3.675000000000000000e+01 1.356539999999999973e-46
3.700000000000000000e+01 1.330290000000000009e-46
3.725000000000000000e+01 1.305670000000000065e-46
3.750000000000000000e+01 1.281830000000000036e-46
3.775000000000000000e+01 1.258909999999999916e-46
3.800000000000000000e+01 1.236729999999999934e-46
3.825000000000000000e+01 1.215939999999999954e-46
3.850000000000000000e+01 1.195970000000000055e-46
3.875000000000000000e+01 1.176559999999999939e-46
3.900000000000000000e+01 1.158069999999999926e-46
3.925000000000000000e+01 1.140430000000000020e-46
3.950000000000000000e+01 1.123059999999999965e-46
3.975000000000000000e+01 1.106360000000000051e-46
4.000000000000000000e+01 1.090109999999999952e-46
4.025000000000000000e+01 1.074149999999999982e-46
4.050000000000000000e+01 1.058630000000000078e-46
4.075000000000000000e+01 1.043160000000000088e-46
4.100000000000000000e+01 1.028229999999999995e-46
4.125000000000000000e+01 1.013720000000000080e-46
4.150000000000000000e+01 9.999170000000000595e-47
4.175000000000000000e+01 9.862499999999999398e-47
4.200000000000000000e+01 9.729459999999999672e-47
4.225000000000000000e+01 9.600019999999999253e-47
4.250000000000000000e+01 9.473270000000000509e-47
4.275000000000000000e+01 9.348379999999999915e-47
4.300000000000000000e+01 9.224949999999999709e-47
4.325000000000000000e+01 9.103610000000000646e-47
4.350000000000000000e+01 8.989480000000000917e-47
4.375000000000000000e+01 8.872060000000000925e-47
4.400000000000000000e+01 8.760620000000000926e-47
4.425000000000000000e+01 8.652169999999999950e-47
4.450000000000000000e+01 8.544969999999999761e-47
4.475000000000000000e+01 8.439699999999999858e-47
4.500000000000000000e+01 8.334439999999999705e-47
4.525000000000000000e+01 8.232460000000000065e-47
4.550000000000000000e+01 8.135289999999999573e-47
4.575000000000000000e+01 8.037979999999999670e-47
4.600000000000000000e+01 7.943979999999999529e-47
4.625000000000000000e+01 7.852820000000000224e-47
4.650000000000000000e+01 7.761060000000000386e-47
4.675000000000000000e+01 7.671790000000000424e-47
4.700000000000000000e+01 7.584449999999999777e-47
4.725000000000000000e+01 7.498679999999999681e-47
4.750000000000000000e+01 7.417340000000000471e-47
4.775000000000000000e+01 7.337139999999999939e-47
4.800000000000000000e+01 7.258180000000000443e-47
4.825000000000000000e+01 7.179910000000000198e-47
4.850000000000000000e+01 7.104089999999999859e-47
4.875000000000000000e+01 7.028059999999999917e-47
4.900000000000000000e+01 6.954909999999999809e-47
4.925000000000000000e+01 6.881040000000000228e-47
4.950000000000000000e+01 6.809820000000000407e-47
4.975000000000000000e+01 6.739249999999999867e-47
5.000000000000000000e+01 6.671459999999999719e-47
5.025000000000000000e+01 6.605240000000000123e-47
5.050000000000000000e+01 6.538859999999999671e-47
5.075000000000000000e+01 6.473929999999999859e-47
5.100000000000000000e+01 6.409890000000000123e-47
5.125000000000000000e+01 6.347159999999999670e-47
5.150000000000000000e+01 6.286400000000000448e-47
5.175000000000000000e+01 6.226319999999999754e-47
5.200000000000000000e+01 6.166489999999999607e-47
5.225000000000000000e+01 6.109350000000000162e-47
5.250000000000000000e+01 6.052209999999999745e-47
5.275000000000000000e+01 5.996029999999999596e-47
5.300000000000000000e+01 5.939930000000000361e-47
5.325000000000000000e+01 5.885840000000000382e-47
5.350000000000000000e+01 5.831920000000000036e-47
5.375000000000000000e+01 5.779640000000000432e-47
5.400000000000000000e+01 5.726829999999999515e-47
5.425000000000000000e+01 5.675390000000000268e-47
5.450000000000000000e+01 5.625890000000000085e-47
5.475000000000000000e+01 5.575950000000000224e-47
5.500000000000000000e+01 5.526919999999999940e-47
5.525000000000000000e+01 5.477710000000000274e-47
5.550000000000000000e+01 5.430279999999999789e-47
5.575000000000000000e+01 5.384050000000000370e-47
5.600000000000000000e+01 5.339360000000000308e-47
5.625000000000000000e+01 5.295960000000000030e-47
5.650000000000000000e+01 5.253510000000000271e-47
5.675000000000000000e+01 5.212160000000000192e-47
5.700000000000000000e+01 5.173170000000000328e-47
5.725000000000000000e+01 5.138759999999999537e-47
5.750000000000000000e+01 5.108670000000000443e-47
5.775000000000000000e+01 5.090329999999999786e-47
5.800000000000000000e+01 5.079370000000000040e-47
5.825000000000000000e+01 5.090299999999999565e-47
5.850000000000000000e+01 5.123440000000000070e-47
5.875000000000000000e+01 5.179719999999999659e-47
5.900000000000000000e+01 5.231779999999999911e-47
5.925000000000000000e+01 5.301569999999999564e-47
5.950000000000000000e+01 5.464620000000000388e-47
5.975000000000000000e+01 7.813790000000000389e-47
6.000000000000000000e+01 3.383269999999999982e-45
6.025000000000000000e+01 6.609559999999999874e-47
6.050000000000000000e+01 5.275469999999999733e-47
6.075000000000000000e+01 5.047819999999999584e-47
6.100000000000000000e+01 4.909699999999999693e-47
6.125000000000000000e+01 4.780580000000000012e-47
6.150000000000000000e+01 4.658540000000000003e-47
6.175000000000000000e+01 4.554430000000000222e-47
6.200000000000000000e+01 4.475229999999999929e-47
6.225000000000000000e+01 4.414819999999999721e-47
6.250000000000000000e+01 4.361969999999999806e-47
6.275000000000000000e+01 4.320100000000000108e-47
6.300000000000000000e+01 4.282019999999999820e-47
6.325000000000000000e+01 4.246449999999999880e-47
6.350000000000000000e+01 4.212560000000000167e-47
6.375000000000000000e+01 4.180539999999999813e-47
6.400000000000000000e+01 4.149859999999999936e-47
6.425000000000000000e+01 4.119310000000000206e-47
6.450000000000000000e+01 4.089160000000000183e-47
6.475000000000000000e+01 4.059409999999999867e-47
6.500000000000000000e+01 4.030630000000000055e-47
6.525000000000000000e+01 4.002380000000000098e-47
6.550000000000000000e+01 3.974640000000000010e-47
6.575000000000000000e+01 3.947329999999999850e-47
6.600000000000000000e+01 3.920470000000000090e-47
6.625000000000000000e+01 3.894069999999999992e-47
6.650000000000000000e+01 3.867519999999999762e-47
6.675000000000000000e+01 3.842219999999999830e-47
6.700000000000000000e+01 3.816700000000000060e-47
6.725000000000000000e+01 3.791590000000000233e-47
6.750000000000000000e+01 3.767310000000000040e-47
6.775000000000000000e+01 3.742960000000000141e-47
6.800000000000000000e+01 3.719080000000000141e-47
6.825000000000000000e+01 3.695599999999999848e-47
6.850000000000000000e+01 3.671570000000000202e-47
6.875000000000000000e+01 3.648669999999999970e-47
6.900000000000000000e+01 3.625979999999999827e-47
6.925000000000000000e+01 3.603580000000000201e-47
6.950000000000000000e+01 3.581909999999999797e-47
6.975000000000000000e+01 3.560179999999999923e-47
7.000000000000000000e+01 3.539050000000000095e-47
7.025000000000000000e+01 3.518200000000000062e-47
7.050000000000000000e+01 3.497259999999999852e-47
7.075000000000000000e+01 3.477009999999999866e-47
7.100000000000000000e+01 3.456389999999999908e-47
7.125000000000000000e+01 3.436409999999999966e-47
7.150000000000000000e+01 3.416749999999999791e-47
7.175000000000000000e+01 3.397240000000000234e-47
7.200000000000000000e+01 3.378309999999999766e-47
7.225000000000000000e+01 3.359629999999999845e-47
7.250000000000000000e+01 3.341330000000000131e-47
7.275000000000000000e+01 3.322910000000000019e-47
7.300000000000000000e+01 3.305129999999999923e-47
7.325000000000000000e+01 3.287380000000000049e-47
7.350000000000000000e+01 3.269960000000000176e-47
7.375000000000000000e+01 3.252800000000000113e-47
7.400000000000000000e+01 3.236160000000000155e-47
7.425000000000000000e+01 3.219390000000000049e-47
7.450000000000000000e+01 3.202540000000000001e-47
7.475000000000000000e+01 3.186449999999999883e-47
7.500000000000000000e+01 3.170629999999999810e-47
7.525000000000000000e+01 3.154580000000000148e-47
7.550000000000000000e+01 3.138569999999999971e-47
7.575000000000000000e+01 3.123409999999999900e-47
7.600000000000000000e+01 3.108590000000000066e-47
7.625000000000000000e+01 3.093999999999999821e-47
7.650000000000000000e+01 3.079439999999999797e-47
7.675000000000000000e+01 3.064710000000000140e-47
7.700000000000000000e+01 3.050380000000000190e-47
7.725000000000000000e+01 3.036910000000000096e-47
7.750000000000000000e+01 3.023160000000000208e-47
7.775000000000000000e+01 3.009900000000000203e-47
7.800000000000000000e+01 2.996609999999999977e-47
7.825000000000000000e+01 2.983859999999999841e-47
7.850000000000000000e+01 2.971020000000000015e-47
7.875000000000000000e+01 2.958340000000000071e-47
7.900000000000000000e+01 2.946050000000000085e-47
7.925000000000000000e+01 2.934050000000000129e-47
7.950000000000000000e+01 2.921949999999999760e-47
7.975000000000000000e+01 2.909650000000000024e-47
8.000000000000000000e+01 2.898040000000000025e-47
8.025000000000000000e+01 2.886500000000000218e-47
8.050000000000000000e+01 2.875179999999999764e-47
8.075000000000000000e+01 2.863429999999999868e-47
8.100000000000000000e+01 2.852439999999999901e-47
8.125000000000000000e+01 2.841600000000000067e-47
8.150000000000000000e+01 2.830829999999999939e-47
8.175000000000000000e+01 2.820050000000000061e-47
8.200000000000000000e+01 2.810110000000000054e-47
8.225000000000000000e+01 2.799880000000000016e-47
8.250000000000000000e+01 2.789680000000000200e-47
8.275000000000000000e+01 2.779619999999999794e-47
8.300000000000000000e+01 2.769149999999999932e-47
8.325000000000000000e+01 2.759429999999999764e-47
8.350000000000000000e+01 2.749799999999999772e-47
8.375000000000000000e+01 2.740600000000000195e-47
8.400000000000000000e+01 2.731210000000000028e-47
8.425000000000000000e+01 2.721950000000000008e-47
8.450000000000000000e+01 2.713210000000000094e-47
8.475000000000000000e+01 2.704220000000000120e-47
8.500000000000000000e+01 2.695500000000000190e-47
8.525000000000000000e+01 2.687029999999999835e-47
8.550000000000000000e+01 2.678420000000000068e-47
8.575000000000000000e+01 2.670400000000000112e-47
8.600000000000000000e+01 2.662150000000000082e-47
8.625000000000000000e+01 2.654079999999999920e-47
8.650000000000000000e+01 2.645800000000000154e-47
8.675000000000000000e+01 2.637690000000000021e-47
8.700000000000000000e+01 2.629539999999999917e-47
8.725000000000000000e+01 2.621659999999999859e-47
8.750000000000000000e+01 2.613559999999999961e-47
8.775000000000000000e+01 2.606089999999999845e-47
8.800000000000000000e+01 2.598559999999999773e-47
8.825000000000000000e+01 2.591110000000000129e-47
8.850000000000000000e+01 2.583640000000000013e-47
8.875000000000000000e+01 2.576439999999999942e-47
8.900000000000000000e+01 2.569170000000000166e-47
8.925000000000000000e+01 2.562519999999999935e-47
8.950000000000000000e+01 2.555899999999999925e-47
8.975000000000000000e+01 2.548699999999999854e-47
9.000000000000000000e+01 2.541549999999999990e-47
9.025000000000000000e+01 2.534699999999999906e-47
9.050000000000000000e+01 2.528560000000000030e-47
9.075000000000000000e+01 2.522199999999999830e-47
9.100000000000000000e+01 2.515920000000000057e-47
9.125000000000000000e+01 2.509829999999999902e-47
9.150000000000000000e+01 2.503719999999999762e-47
9.175000000000000000e+01 2.497100000000000238e-47
9.200000000000000000e+01 2.490419999999999786e-47
9.225000000000000000e+01 2.484419999999999808e-47
9.250000000000000000e+01 2.478219999999999977e-47
9.275000000000000000e+01 2.472499999999999794e-47
9.300000000000000000e+01 2.466579999999999757e-47
9.325000000000000000e+01 2.460869999999999810e-47
9.350000000000000000e+01 2.454539999999999831e-47
9.375000000000000000e+01 2.448829999999999883e-47
9.400000000000000000e+01 2.442869999999999876e-47
9.425000000000000000e+01 2.437090000000000223e-47
9.450000000000000000e+01 2.431310000000000084e-47
9.475000000000000000e+01 2.425749999999999783e-47
9.500000000000000000e+01 2.420160000000000234e-47
9.525000000000000000e+01 2.414510000000000243e-47
9.550000000000000000e+01 2.408819999999999794e-47
9.575000000000000000e+01 2.403530000000000025e-47
9.600000000000000000e+01 2.398099999999999873e-47
9.625000000000000000e+01 2.392890000000000045e-47
9.650000000000000000e+01 2.387220000000000068e-47
9.675000000000000000e+01 2.381769999999999930e-47
9.700000000000000000e+01 2.376629999999999808e-47
9.725000000000000000e+01 2.371729999999999996e-47
9.750000000000000000e+01 2.366520000000000168e-47
9.775000000000000000e+01 2.361750000000000018e-47
9.800000000000000000e+01 2.356859999999999956e-47
9.825000000000000000e+01 2.352020000000000100e-47
9.850000000000000000e+01 2.347050000000000096e-47
9.875000000000000000e+01 2.341929999999999960e-47
9.900000000000000000e+01 2.336809999999999823e-47
9.925000000000000000e+01 2.332370000000000160e-47
9.950000000000000000e+01 2.327730000000000158e-47
9.975000000000000000e+01 2.322780000000000139e-47
1.000000000000000000e+02 2.318280000000000034e-47
1.002500000000000000e+02 2.313890000000000092e-47
1.005000000000000000e+02 2.309739999999999973e-47
1.007500000000000000e+02 2.305390000000000002e-47
1.010000000000000000e+02 2.300980000000000074e-47
1.012500000000000000e+02 2.296889999999999911e-47
1.015000000000000000e+02 2.292849999999999955e-47
1.017500000000000000e+02 2.288639999999999881e-47
1.020000000000000000e+02 2.284570000000000190e-47
1.022500000000000000e+02 2.280679999999999881e-47
1.025000000000000000e+02 2.276750000000000087e-47
1.027500000000000000e+02 2.272750000000000102e-47
1.030000000000000000e+02 2.269109999999999853e-47
1.032500000000000000e+02 2.265559999999999781e-47
1.035000000000000000e+02 2.261539999999999810e-47
1.037500000000000000e+02 2.257860000000000076e-47
1.040000000000000000e+02 2.254449999999999902e-47
1.042500000000000000e+02 2.250939999999999800e-47
1.045000000000000000e+02 2.247340000000000008e-47
1.047500000000000000e+02 2.244139999999999923e-47
1.050000000000000000e+02 2.240919999999999852e-47
1.052500000000000000e+02 2.237599999999999854e-47
1.055000000000000000e+02 2.234139999999999959e-47
1.057500000000000000e+02 2.231059999999999786e-47
1.060000000000000000e+02 2.227710000000000053e-47
1.062500000000000000e+02 2.224709999999999821e-47
1.065000000000000000e+02 2.221650000000000119e-47
1.067500000000000000e+02 2.218560000000000196e-47
1.070000000000000000e+02 2.215559999999999964e-47
1.072500000000000000e+02 2.212780000000000057e-47
1.075000000000000000e+02 2.210189999999999768e-47
1.077500000000000000e+02 2.207839999999999788e-47
1.080000000000000000e+02 2.205090000000000102e-47
1.082500000000000000e+02 2.202419999999999872e-47
1.085000000000000000e+02 2.199929999999999995e-47
1.087500000000000000e+02 2.197349999999999941e-47
1.090000000000000000e+02 2.195010000000000198e-47
1.092500000000000000e+02 2.192459999999999879e-47
1.095000000000000000e+02 2.190149999999999870e-47
1.097500000000000000e+02 2.187479999999999883e-47
1.100000000000000000e+02 2.185029999999999977e-47
1.102500000000000000e+02 2.182449999999999923e-47
1.105000000000000000e+02 2.179950000000000054e-47
1.107500000000000000e+02 2.177550000000000111e-47
1.110000000000000000e+02 2.175419999999999971e-47
1.112500000000000000e+02 2.173380000000000007e-47
1.115000000000000000e+02 2.171240000000000117e-47
1.117500000000000000e+02 2.169089999999999992e-47
1.120000000000000000e+02 2.167070000000000014e-47
1.122500000000000000e+02 2.164779999999999990e-47
1.125000000000000000e+02 2.162760000000000012e-47
1.127500000000000000e+02 2.161159999999999970e-47
1.130000000000000000e+02 2.159630000000000119e-47
1.132500000000000000e+02 2.157990000000000105e-47
1.135000000000000000e+02 2.156030000000000083e-47
1.137500000000000000e+02 2.154380000000000077e-47
1.140000000000000000e+02 2.152859999999999976e-47
1.142500000000000000e+02 2.151269999999999926e-47
1.145000000000000000e+02 2.149820000000000016e-47
1.147500000000000000e+02 2.148180000000000003e-47
1.150000000000000000e+02 2.146770000000000064e-47
1.152500000000000000e+02 2.145249999999999962e-47
1.155000000000000000e+02 2.143969999999999928e-47
1.157500000000000000e+02 2.142410000000000099e-47
1.160000000000000000e+02 2.140939999999999961e-47
1.162500000000000000e+02 2.139490000000000052e-47
1.165000000000000000e+02 2.138329999999999929e-47
1.167500000000000000e+02 2.136969999999999954e-47
1.170000000000000000e+02 2.135639999999999956e-47
1.172500000000000000e+02 2.134289999999999973e-47
1.175000000000000000e+02 2.133250000000000006e-47
1.177500000000000000e+02 2.132150000000000083e-47
1.180000000000000000e+02 2.131319999999999962e-47
1.182500000000000000e+02 2.130190000000000061e-47
1.185000000000000000e+02 2.129260000000000014e-47
1.187500000000000000e+02 2.128309999999999981e-47
1.190000000000000000e+02 2.127510000000000081e-47
1.192500000000000000e+02 2.126959999999999998e-47
1.195000000000000000e+02 2.125979999999999987e-47
1.197500000000000000e+02 2.125349999999999963e-47
1.200000000000000000e+02 2.124870000000000071e-47
1.202500000000000000e+02 2.124300000000000003e-47
1.205000000000000000e+02 2.123739999999999927e-47
1.207500000000000000e+02 2.123089999999999917e-47
1.210000000000000000e+02 2.122349999999999974e-47
1.212500000000000000e+02 2.122019999999999972e-47
1.215000000000000000e+02 2.121419999999999926e-47
1.217500000000000000e+02 2.120699999999999967e-47
1.220000000000000000e+02 2.119990000000000002e-47
1.222500000000000000e+02 2.119429999999999926e-47
1.225000000000000000e+02 2.118660000000000004e-47
1.227500000000000000e+02 2.117850000000000112e-47
1.230000000000000000e+02 2.117349999999999992e-47
1.232500000000000000e+02 2.117009999999999998e-47
1.235000000000000000e+02 2.116079999999999950e-47
1.237500000000000000e+02 2.115459999999999919e-47
1.240000000000000000e+02 2.115010000000000005e-47
1.242500000000000000e+02 2.114290000000000047e-47
1.245000000000000000e+02 2.113769999999999942e-47
1.247500000000000000e+02 2.113590000000000074e-47
1.250000000000000000e+02 2.113359999999999999e-47
1.252500000000000000e+02 2.112880000000000108e-47
1.255000000000000000e+02 2.112779999999999938e-47
1.257500000000000000e+02 2.112409999999999966e-47
1.260000000000000000e+02 2.112409999999999966e-47
1.262500000000000000e+02 2.111829999999999905e-47
1.265000000000000000e+02 2.111449999999999941e-47
1.267500000000000000e+02 2.111169999999999903e-47
1.270000000000000000e+02 2.111089999999999961e-47
1.272500000000000000e+02 2.110670000000000026e-47
1.275000000000000000e+02 2.110709999999999997e-47
1.277500000000000000e+02 2.110300000000000054e-47
1.280000000000000000e+02 2.110129999999999936e-47
1.282500000000000000e+02 2.109789999999999942e-47
1.285000000000000000e+02 2.109350000000000021e-47
1.287500000000000000e+02 2.109310000000000051e-47
1.290000000000000000e+02 2.109419999999999970e-47
1.292500000000000000e+02 2.109290000000000065e-47
1.295000000000000000e+02 2.108900000000000108e-47
1.297500000000000000e+02 2.108809999999999931e-47
1.300000000000000000e+02 2.108819999999999924e-47
1.302500000000000000e+02 2.108779999999999953e-47
1.305000000000000000e+02 2.109000000000000035e-47
1.307500000000000000e+02 2.108910000000000101e-47
1.310000000000000000e+02 2.108729999999999990e-47
1.312500000000000000e+02 2.108439999999999959e-47
1.315000000000000000e+02 2.108069999999999987e-47
1.317500000000000000e+02 2.107799999999999942e-47
1.320000000000000000e+02 2.107739999999999986e-47
1.322500000000000000e+02 2.108050000000000002e-47
1.325000000000000000e+02 2.108079999999999980e-47
1.327500000000000000e+02 2.108560000000000114e-47
1.330000000000000000e+02 2.108930000000000086e-47
1.332500000000000000e+02 2.109330000000000036e-47
1.335000000000000000e+02 2.109610000000000074e-47
1.337500000000000000e+02 2.109849999999999898e-47
1.340000000000000000e+02 2.110469999999999930e-47
1.342500000000000000e+02 2.110739999999999975e-47
1.345000000000000000e+02 2.111320000000000036e-47
1.347500000000000000e+02 2.111970000000000046e-47
1.350000000000000000e+02 2.112550000000000107e-47
1.352500000000000000e+02 2.112789999999999931e-47
1.355000000000000000e+02 2.113280000000000058e-47
1.357500000000000000e+02 2.114109999999999936e-47
1.360000000000000000e+02 2.114900000000000086e-47
1.362500000000000000e+02 2.116099999999999936e-47
1.365000000000000000e+02 2.116940000000000049e-47
1.367500000000000000e+02 2.117469999999999904e-47
1.370000000000000000e+02 2.118099999999999928e-47
1.372500000000000000e+02 2.118910000000000064e-47
1.375000000000000000e+02 2.119880000000000082e-47
1.377500000000000000e+02 2.121160000000000116e-47
1.380000000000000000e+02 2.122480000000000121e-47
1.382500000000000000e+02 2.123500000000000103e-47
1.385000000000000000e+02 2.124490000000000107e-47
1.387500000000000000e+02 2.125419999999999911e-47
1.390000000000000000e+02 2.126649999999999982e-47
1.392500000000000000e+02 2.127739999999999912e-47
1.395000000000000000e+02 2.129049999999999925e-47
1.397500000000000000e+02 2.130160000000000083e-47
1.400000000000000000e+02 2.131820000000000082e-47
1.402500000000000000e+02 2.133430000000000118e-47
1.405000000000000000e+02 2.134989999999999947e-47
1.407500000000000000e+02 2.136480000000000070e-47
1.410000000000000000e+02 2.138180000000000039e-47
1.412500000000000000e+02 2.139649999999999934e-47
1.415000000000000000e+02 2.141160000000000043e-47
1.417500000000000000e+02 2.143120000000000065e-47
1.420000000000000000e+02 2.145009999999999895e-47
1.422500000000000000e+02 2.146840000000000012e-47
1.425000000000000000e+02 2.148569999999999960e-47
1.427500000000000000e+02 2.150509999999999997e-47
1.430000000000000000e+02 2.152289999999999907e-47
1.432500000000000000e+02 2.154340000000000106e-47
1.435000000000000000e+02 2.156450000000000018e-47
1.437500000000000000e+02 2.158579999999999916e-47
1.440000000000000000e+02 2.160559999999999923e-47
1.442500000000000000e+02 2.162330000000000084e-47
1.445000000000000000e+02 2.164229999999999907e-47
1.447500000000000000e+02 2.165799999999999972e-47
1.450000000000000000e+02 2.167980000000000076e-47
1.452500000000000000e+02 2.170119999999999966e-47
1.455000000000000000e+02 2.172799999999999946e-47
1.457500000000000000e+02 2.174819999999999924e-47
1.460000000000000000e+02 2.177350000000000015e-47
1.462500000000000000e+02 2.179530000000000118e-47
1.465000000000000000e+02 2.181449999999999927e-47
1.467500000000000000e+02 2.183699999999999979e-47
1.470000000000000000e+02 2.186240000000000062e-47
1.472500000000000000e+02 2.188510000000000100e-47
1.475000000000000000e+02 2.190979999999999991e-47
1.477500000000000000e+02 2.193500000000000089e-47
1.480000000000000000e+02 2.196080000000000143e-47
1.482500000000000000e+02 2.198279999999999989e-47
1.485000000000000000e+02 2.200829999999999821e-47
1.487500000000000000e+02 2.203159999999999815e-47
1.490000000000000000e+02 2.205759999999999854e-47
1.492500000000000000e+02 2.208239999999999981e-47
1.495000000000000000e+02 2.210540000000000240e-47
1.497500000000000000e+02 2.213179999999999764e-47
1.500000000000000000e+02 2.216020000000000113e-47
1.502500000000000000e+02 2.218700000000000094e-47
1.505000000000000000e+02 2.221719999999999825e-47
1.507500000000000000e+02 2.224729999999999807e-47
1.510000000000000000e+02 2.227530000000000185e-47
1.512500000000000000e+02 2.230520000000000182e-47
1.515000000000000000e+02 2.233340000000000059e-47
1.517500000000000000e+02 2.236000000000000055e-47
1.520000000000000000e+02 2.238979999999999815e-47
1.522500000000000000e+02 2.241880000000000120e-47
1.525000000000000000e+02 2.245060000000000221e-47
1.527500000000000000e+02 2.248110000000000173e-47
1.530000000000000000e+02 2.251269999999999802e-47
1.532500000000000000e+02 2.254320000000000240e-47
1.535000000000000000e+02 2.257359999999999957e-47
1.537500000000000000e+02 2.260679999999999954e-47
1.540000000000000000e+02 2.263979999999999966e-47
1.542500000000000000e+02 2.267069999999999889e-47
1.545000000000000000e+02 2.270280000000000211e-47
1.547500000000000000e+02 2.273470000000000060e-47
1.550000000000000000e+02 2.276679999999999895e-47
1.552500000000000000e+02 2.279859999999999996e-47
1.555000000000000000e+02 2.282980000000000140e-47
1.557500000000000000e+02 2.286130000000000019e-47
1.560000000000000000e+02 2.289529999999999958e-47
1.562500000000000000e+02 2.292710000000000058e-47
1.565000000000000000e+02 2.296030000000000055e-47
1.567500000000000000e+02 2.299410000000000009e-47
1.570000000000000000e+02 2.302820000000000184e-47
1.572500000000000000e+02 2.306220000000000122e-47
1.575000000000000000e+02 2.309719999999999988e-47
1.577500000000000000e+02 2.313239999999999839e-47
1.580000000000000000e+02 2.316459999999999910e-47
1.582500000000000000e+02 2.319870000000000084e-47
1.585000000000000000e+02 2.323429999999999906e-47
1.587500000000000000e+02 2.326929999999999772e-47
1.590000000000000000e+02 2.330539999999999800e-47
1.592500000000000000e+02 2.334000000000000181e-47
1.595000000000000000e+02 2.337369999999999899e-47
1.597500000000000000e+02 2.341139999999999809e-47
1.600000000000000000e+02 2.344519999999999763e-47
1.602500000000000000e+02 2.348549999999999969e-47
1.605000000000000000e+02 2.352089999999999806e-47
1.607500000000000000e+02 2.355829999999999982e-47
1.610000000000000000e+02 2.359599999999999892e-47
1.612500000000000000e+02 2.363510000000000187e-47
1.615000000000000000e+02 2.367280000000000098e-47
1.617500000000000000e+02 2.370819999999999934e-47
1.620000000000000000e+02 2.374409999999999977e-47
1.622500000000000000e+02 2.378239999999999843e-47
1.625000000000000000e+02 2.382199999999999858e-47
1.627500000000000000e+02 2.385829999999999871e-47
1.630000000000000000e+02 2.389470000000000121e-47
1.632500000000000000e+02 2.393459999999999870e-47
1.635000000000000000e+02 2.397550000000000033e-47
1.637500000000000000e+02 2.401310000000000194e-47
1.640000000000000000e+02 2.404960000000000193e-47
1.642500000000000000e+02 2.409169999999999781e-47
1.645000000000000000e+02 2.412770000000000059e-47
1.647500000000000000e+02 2.416690000000000103e-47
1.650000000000000000e+02 2.420779999999999780e-47
1.652500000000000000e+02 2.424800000000000236e-47
1.655000000000000000e+02 2.428630000000000103e-47
1.657500000000000000e+02 2.432920000000000119e-47
1.660000000000000000e+02 2.437299999999999826e-47
1.662500000000000000e+02 2.441870000000000123e-47
1.665000000000000000e+02 2.446029999999999991e-47
1.667500000000000000e+02 2.450570000000000066e-47
1.670000000000000000e+02 2.455039999999999950e-47
1.672500000000000000e+02 2.459420000000000143e-47
1.675000000000000000e+02 2.463730000000000144e-47
1.677500000000000000e+02 2.468100000000000102e-47
1.680000000000000000e+02 2.472209999999999763e-47
1.682500000000000000e+02 2.476930000000000193e-47
1.685000000000000000e+02 2.481380000000000092e-47
1.687500000000000000e+02 2.486029999999999844e-47
1.690000000000000000e+02 2.490589999999999905e-47
1.692500000000000000e+02 2.495510000000000188e-47
1.695000000000000000e+02 2.500799999999999957e-47
1.697500000000000000e+02 2.505329999999999797e-47
1.700000000000000000e+02 2.510030000000000242e-47
1.702500000000000000e+02 2.514679999999999994e-47
1.705000000000000000e+02 2.519470000000000129e-47
1.707500000000000000e+02 2.524509999999999839e-47
1.710000000000000000e+02 2.529229999999999782e-47
1.712500000000000000e+02 2.534139999999999830e-47
1.715000000000000000e+02 2.539450000000000071e-47
1.717500000000000000e+02 2.544830000000000017e-47
1.720000000000000000e+02 2.549709999999999843e-47
1.722500000000000000e+02 2.555379999999999820e-47
1.725000000000000000e+02 2.560510000000000193e-47
1.727500000000000000e+02 2.565669999999999814e-47
1.730000000000000000e+02 2.570679999999999788e-47
1.732500000000000000e+02 2.576200000000000118e-47
1.735000000000000000e+02 2.581030000000000224e-47
1.737500000000000000e+02 2.585670000000000227e-47
1.740000000000000000e+02 2.590470000000000112e-47
1.742500000000000000e+02 2.595219999999999791e-47
1.745000000000000000e+02 2.599650000000000190e-47
1.747500000000000000e+02 2.603920000000000220e-47
1.750000000000000000e+02 2.608270000000000192e-47
1.752500000000000000e+02 2.612620000000000164e-47
1.755000000000000000e+02 2.617059999999999827e-47
1.757500000000000000e+02 2.621519999999999961e-47
1.760000000000000000e+02 2.626080000000000022e-47
1.762500000000000000e+02 2.630469999999999965e-47
1.765000000000000000e+02 2.635169999999999923e-47
1.767500000000000000e+02 2.639760000000000206e-47
1.770000000000000000e+02 2.643920000000000074e-47
1.772500000000000000e+02 2.648030000000000221e-47
1.775000000000000000e+02 2.652320000000000237e-47
1.777500000000000000e+02 2.656290000000000001e-47
1.780000000000000000e+02 2.660540000000000047e-47
1.782500000000000000e+02 2.664670000000000180e-47
1.785000000000000000e+02 2.669129999999999828e-47
1.787500000000000000e+02 2.673210000000000241e-47
1.790000000000000000e+02 2.677549999999999977e-47
1.792500000000000000e+02 2.681789999999999786e-47
1.795000000000000000e+02 2.685640000000000125e-47
1.797500000000000000e+02 2.689279999999999888e-47
1.800000000000000000e+02 2.693760000000000007e-47
1.802500000000000000e+02 2.697489999999999947e-47
1.805000000000000000e+02 2.701339999999999800e-47
1.807500000000000000e+02 2.705219999999999873e-47
1.810000000000000000e+02 2.708920000000000078e-47
1.812500000000000000e+02 2.712570000000000077e-47
1.815000000000000000e+02 2.716570000000000062e-47
1.817500000000000000e+02 2.720439999999999900e-47
1.820000000000000000e+02 2.723989999999999972e-47
1.822500000000000000e+02 2.727540000000000044e-47
1.825000000000000000e+02 2.731139999999999836e-47
1.827500000000000000e+02 2.734439999999999848e-47
1.830000000000000000e+02 2.738069999999999862e-47
1.832500000000000000e+02 2.741630000000000169e-47
1.835000000000000000e+02 2.745070000000000079e-47
1.837500000000000000e+02 2.748509999999999988e-47
1.840000000000000000e+02 2.751969999999999883e-47
1.842500000000000000e+02 2.755220000000000175e-47
1.845000000000000000e+02 2.758219999999999921e-47
1.847500000000000000e+02 2.762009999999999817e-47
1.850000000000000000e+02 2.764799999999999960e-47
1.852500000000000000e+02 2.768210000000000135e-47
1.855000000000000000e+02 2.771300000000000058e-47
1.857500000000000000e+02 2.774680000000000012e-47
1.860000000000000000e+02 2.777459999999999919e-47
1.862500000000000000e+02 2.779920000000000060e-47
1.865000000000000000e+02 2.782679999999999982e-47
1.867500000000000000e+02 2.785470000000000125e-47
1.870000000000000000e+02 2.788179999999999840e-47
1.872500000000000000e+02 2.790960000000000234e-47
1.875000000000000000e+02 2.793390000000000154e-47
1.877500000000000000e+02 2.795649999999999956e-47
1.880000000000000000e+02 2.797769999999999861e-47
1.882500000000000000e+02 2.800170000000000047e-47
1.885000000000000000e+02 2.802229999999999995e-47
1.887500000000000000e+02 2.804409999999999856e-47
1.890000000000000000e+02 2.806650000000000159e-47
1.892500000000000000e+02 2.808980000000000153e-47
1.895000000000000000e+02 2.810690000000000115e-47
1.897500000000000000e+02 2.812249999999999944e-47
1.900000000000000000e+02 2.814329999999999878e-47
1.902500000000000000e+02 2.816499999999999989e-47
1.905000000000000000e+02 2.818420000000000041e-47
1.907500000000000000e+02 2.820590000000000152e-47
1.910000000000000000e+02 2.822420000000000026e-47
1.912500000000000000e+02 2.824320000000000092e-47
1.915000000000000000e+02 2.825529999999999934e-47
1.917500000000000000e+02 2.826949999999999866e-47
1.920000000000000000e+02 2.828699999999999799e-47
1.922500000000000000e+02 2.830209999999999907e-47
1.925000000000000000e+02 2.831410000000000000e-47
1.927500000000000000e+02 2.832519999999999916e-47
1.930000000000000000e+02 2.833620000000000082e-47
1.932500000000000000e+02 2.834929999999999851e-47
1.935000000000000000e+02 2.835939999999999840e-47
1.937500000000000000e+02 2.836659999999999799e-47
1.940000000000000000e+02 2.837480000000000170e-47
1.942500000000000000e+02 2.838280000000000070e-47
1.945000000000000000e+02 2.838969999999999807e-47
1.947500000000000000e+02 2.839649999999999795e-47
1.950000000000000000e+02 2.840069999999999973e-47
1.952500000000000000e+02 2.840089999999999959e-47
1.955000000000000000e+02 2.840530000000000122e-47
1.957500000000000000e+02 2.840539999999999872e-47
1.960000000000000000e+02 2.840329999999999783e-47
1.962500000000000000e+02 2.840229999999999856e-47
1.965000000000000000e+02 2.840390000000000225e-47
1.967500000000000000e+02 2.840280000000000062e-47
1.970000000000000000e+02 2.840169999999999900e-47
1.972500000000000000e+02 2.839669999999999780e-47
1.975000000000000000e+02 2.839330000000000029e-47
1.977500000000000000e+02 2.839039999999999999e-47
1.980000000000000000e+02 2.838039999999999759e-47
1.982500000000000000e+02 2.837230000000000110e-47
1.985000000000000000e+02 2.836129999999999944e-47
1.987500000000000000e+02 2.834809999999999939e-47
1.990000000000000000e+02 2.833620000000000082e-47
1.992500000000000000e+02 2.832670000000000049e-47
1.995000000000000000e+02 2.831689999999999795e-47
1.997500000000000000e+02 2.830309999999999834e-47
2.000000000000000000e+02 2.828519999999999931e-47
2.002500000000000000e+02 2.826829999999999954e-47
2.005000000000000000e+02 2.824980000000000094e-47
2.007500000000000000e+02 2.823540000000000177e-47
2.010000000000000000e+02 2.821489999999999978e-47
2.012500000000000000e+02 2.819480000000000236e-47
2.015000000000000000e+02 2.817870000000000201e-47
2.017500000000000000e+02 2.816499999999999989e-47
2.020000000000000000e+02 2.814389999999999834e-47
2.022500000000000000e+02 2.812849999999999990e-47
2.025000000000000000e+02 2.810550000000000218e-47
2.027500000000000000e+02 2.808269999999999944e-47
2.030000000000000000e+02 2.806019999999999892e-47
2.032500000000000000e+02 2.802900000000000234e-47
2.035000000000000000e+02 2.800520000000000033e-47
2.037500000000000000e+02 2.797620000000000214e-47
2.040000000000000000e+02 2.794449999999999864e-47
2.042500000000000000e+02 2.791740000000000148e-47
2.045000000000000000e+02 2.788600000000000019e-47
2.047500000000000000e+02 2.784830000000000108e-47
2.050000000000000000e+02 2.781960000000000024e-47
2.052500000000000000e+02 2.778429999999999937e-47
2.055000000000000000e+02 2.774520000000000129e-47
2.057500000000000000e+02 2.770569999999999864e-47
2.060000000000000000e+02 2.766709999999999776e-47
2.062500000000000000e+02 2.762660000000000070e-47
2.065000000000000000e+02 2.758769999999999761e-47
2.067500000000000000e+02 2.754789999999999761e-47
2.070000000000000000e+02 2.750669999999999864e-47
2.072500000000000000e+02 2.746410000000000069e-47
2.075000000000000000e+02 2.742370000000000113e-47
2.077500000000000000e+02 2.737699999999999890e-47
2.080000000000000000e+02 2.732519999999999797e-47
2.082500000000000000e+02 2.727340000000000190e-47
2.085000000000000000e+02 2.722390000000000172e-47
2.087500000000000000e+02 2.717110000000000152e-47
2.090000000000000000e+02 2.711890000000000089e-47
2.092500000000000000e+02 2.706639999999999804e-47
2.095000000000000000e+02 2.701230000000000123e-47
2.097500000000000000e+02 2.695740000000000015e-47
2.100000000000000000e+02 2.689549999999999933e-47
2.102500000000000000e+02 2.683199999999999968e-47
2.105000000000000000e+02 2.677089999999999828e-47
2.107500000000000000e+02 2.670759999999999849e-47
2.110000000000000000e+02 2.664670000000000180e-47
2.112500000000000000e+02 2.658569999999999789e-47
2.115000000000000000e+02 2.652409999999999928e-47
2.117500000000000000e+02 2.646179999999999876e-47
2.120000000000000000e+02 2.639570000000000102e-47
2.122500000000000000e+02 2.632899999999999886e-47
2.125000000000000000e+02 2.626549999999999921e-47
2.127500000000000000e+02 2.619369999999999836e-47
2.130000000000000000e+02 2.612339999999999883e-47
2.132500000000000000e+02 2.604479999999999810e-47
2.135000000000000000e+02 2.596709999999999914e-47
2.137500000000000000e+02 2.589050000000000180e-47
2.140000000000000000e+02 2.581119999999999915e-47
2.142500000000000000e+02 2.573119999999999945e-47
2.145000000000000000e+02 2.565680000000000050e-47
2.147500000000000000e+02 2.557520000000000196e-47
2.150000000000000000e+02 2.548860000000000223e-47
2.152500000000000000e+02 2.540790000000000061e-47
2.155000000000000000e+02 2.532199999999999793e-47
2.157500000000000000e+02 2.522939999999999774e-47
2.160000000000000000e+02 2.513670000000000005e-47
2.162500000000000000e+02 2.504930000000000090e-47
2.165000000000000000e+02 2.495829999999999954e-47
2.167500000000000000e+02 2.486720000000000067e-47
2.170000000000000000e+02 2.477269999999999944e-47
2.172500000000000000e+02 2.467650000000000188e-47
2.175000000000000000e+02 2.458229999999999800e-47
2.177500000000000000e+02 2.448570000000000074e-47
2.180000000000000000e+02 2.438969999999999817e-47
2.182500000000000000e+02 2.428599999999999882e-47
2.185000000000000000e+02 2.419120000000000024e-47
2.187500000000000000e+02 2.409189999999999766e-47
2.190000000000000000e+02 2.398850000000000052e-47
2.192500000000000000e+02 2.388650000000000235e-47
2.195000000000000000e+02 2.378759999999999948e-47
2.197500000000000000e+02 2.368520000000000161e-47
2.200000000000000000e+02 2.358060000000000049e-47
2.202500000000000000e+02 2.347699999999999863e-47
2.205000000000000000e+02 2.336959999999999956e-47
2.207500000000000000e+02 2.326550000000000050e-47
2.210000000000000000e+02 2.315930000000000055e-47
2.212500000000000000e+02 2.305060000000000000e-47
2.215000000000000000e+02 2.293680000000000076e-47
2.217500000000000000e+02 2.282170000000000004e-47
2.220000000000000000e+02 2.270380000000000137e-47
2.222500000000000000e+02 2.259080000000000155e-47
2.225000000000000000e+02 2.247900000000000084e-47
2.227500000000000000e+02 2.235780000000000216e-47
2.230000000000000000e+02 2.223989999999999863e-47
2.232500000000000000e+02 2.212199999999999996e-47
2.235000000000000000e+02 2.200029999999999922e-47
2.237500000000000000e+02 2.187620000000000023e-47
2.240000000000000000e+02 2.175350000000000022e-47
2.242500000000000000e+02 2.162650000000000093e-47
2.245000000000000000e+02 2.150179999999999995e-47
2.247500000000000000e+02 2.137810000000000067e-47
2.250000000000000000e+02 2.125109999999999895e-47
2.252500000000000000e+02 2.112699999999999997e-47
2.255000000000000000e+02 2.100380000000000032e-47
2.257500000000000000e+02 2.087609999999999911e-47
2.260000000000000000e+02 2.074860000000000019e-47
2.262500000000000000e+02 2.062059999999999920e-47
2.265000000000000000e+02 2.048880000000000100e-47
2.267500000000000000e+02 2.035960000000000089e-47
2.270000000000000000e+02 2.022710000000000077e-47
2.272500000000000000e+02 2.009039999999999886e-47
2.275000000000000000e+02 1.995180000000000078e-47
2.277500000000000000e+02 1.982109999999999934e-47
2.280000000000000000e+02 1.968489999999999950e-47
2.282500000000000000e+02 1.954609999999999914e-47
2.285000000000000000e+02 1.940619999999999958e-47
2.287500000000000000e+02 1.926679999999999965e-47
2.290000000000000000e+02 1.912940000000000069e-47
2.292500000000000000e+02 1.899020000000000062e-47
2.295000000000000000e+02 1.884959999999999914e-47
2.297500000000000000e+02 1.871140000000000077e-47
2.300000000000000000e+02 1.856669999999999986e-47
2.302500000000000000e+02 1.842300000000000066e-47
2.305000000000000000e+02 1.827380000000000062e-47
2.307500000000000000e+02 1.813440000000000070e-47
2.310000000000000000e+02 1.799600000000000004e-47
2.312500000000000000e+02 1.785210000000000098e-47
2.315000000000000000e+02 1.770620000000000096e-47
2.317500000000000000e+02 1.755969999999999894e-47
2.320000000000000000e+02 1.741389999999999885e-47
2.322500000000000000e+02 1.726870000000000074e-47
2.325000000000000000e+02 1.712560000000000110e-47
2.327500000000000000e+02 1.697770000000000011e-47
2.330000000000000000e+02 1.683209999999999986e-47
2.332500000000000000e+02 1.668530000000000050e-47
2.335000000000000000e+02 1.653890000000000084e-47
2.337500000000000000e+02 1.639209999999999905e-47
2.340000000000000000e+02 1.624569999999999939e-47
2.342500000000000000e+02 1.609460000000000075e-47
2.345000000000000000e+02 1.594590000000000035e-47
2.347500000000000000e+02 1.579300000000000059e-47
2.350000000000000000e+02 1.564539999999999939e-47
2.352500000000000000e+02 1.550060000000000099e-47
2.355000000000000000e+02 1.535510000000000067e-47
2.357500000000000000e+02 1.520860000000000109e-47
2.360000000000000000e+02 1.505960000000000090e-47
2.362500000000000000e+02 1.491730000000000067e-47
2.365000000000000000e+02 1.477130000000000072e-47
2.367500000000000000e+02 1.462749999999999916e-47
2.370000000000000000e+02 1.447980000000000046e-47
2.372500000000000000e+02 1.433360000000000065e-47
2.375000000000000000e+02 1.418730000000000092e-47
2.377500000000000000e+02 1.404470000000000091e-47
2.380000000000000000e+02 1.390260000000000053e-47
2.382500000000000000e+02 1.375620000000000088e-47
2.385000000000000000e+02 1.361690000000000088e-47
2.387500000000000000e+02 1.347110000000000078e-47
2.390000000000000000e+02 1.333109999999999886e-47
2.392500000000000000e+02 1.319099999999999945e-47
2.395000000000000000e+02 1.304879999999999915e-47
2.397500000000000000e+02 1.290559999999999958e-47
2.400000000000000000e+02 1.276870000000000025e-47
2.402500000000000000e+02 1.262940000000000025e-47
2.405000000000000000e+02 1.248799999999999936e-47
2.407500000000000000e+02 1.234990000000000091e-47
2.410000000000000000e+02 1.220929999999999943e-47
2.412500000000000000e+02 1.207279999999999981e-47
2.415000000000000000e+02 1.193369999999999967e-47
2.417500000000000000e+02 1.179139999999999944e-47
2.420000000000000000e+02 1.164949999999999891e-47
2.422500000000000000e+02 1.151450000000000062e-47
2.425000000000000000e+02 1.137349999999999944e-47
2.427500000000000000e+02 1.123839999999999879e-47
2.430000000000000000e+02 1.109889999999999894e-47
2.432500000000000000e+02 1.095969999999999887e-47
2.435000000000000000e+02 1.081870000000000012e-47
2.437500000000000000e+02 1.067910000000000034e-47
2.440000000000000000e+02 1.054089999999999953e-47
2.442500000000000000e+02 1.039930000000000000e-47
2.445000000000000000e+02 1.025610000000000043e-47
2.447500000000000000e+02 1.011819999999999941e-47
2.450000000000000000e+02 9.983039999999999534e-48
2.452500000000000000e+02 9.847490000000000433e-48
2.455000000000000000e+02 9.705229999999999686e-48
2.457500000000000000e+02 9.564889999999999720e-48
2.460000000000000000e+02 9.430359999999999628e-48
2.462500000000000000e+02 9.294279999999999457e-48
2.465000000000000000e+02 9.161149999999999554e-48
2.467500000000000000e+02 9.028449999999999580e-48
2.470000000000000000e+02 8.891939999999999481e-48
2.472500000000000000e+02 8.759009999999999432e-48
2.475000000000000000e+02 8.628599999999999723e-48
2.477500000000000000e+02 8.495960000000000191e-48
2.480000000000000000e+02 8.370309999999999911e-48
2.482500000000000000e+02 8.248649999999999867e-48
2.485000000000000000e+02 8.122139999999999731e-48
2.487500000000000000e+02 7.997880000000000377e-48
2.490000000000000000e+02 7.875380000000000219e-48
2.492500000000000000e+02 7.759590000000000491e-48
2.495000000000000000e+02 7.644869999999999735e-48
2.497500000000000000e+02 7.533839999999999436e-48
2.500000000000000000e+02 7.423509999999999838e-48
2.502500000000000000e+02 7.316339999999999627e-48
2.505000000000000000e+02 7.207249999999999850e-48
2.507500000000000000e+02 7.095140000000000098e-48
2.510000000000000000e+02 6.989530000000000445e-48
2.512500000000000000e+02 6.886800000000000139e-48
2.515000000000000000e+02 6.782830000000000013e-48
2.517500000000000000e+02 6.681929999999999824e-48
2.520000000000000000e+02 6.579440000000000072e-48
2.522500000000000000e+02 6.482360000000000487e-48
2.525000000000000000e+02 6.385190000000000238e-48
2.527500000000000000e+02 6.288210000000000580e-48
2.530000000000000000e+02 6.194420000000000528e-48
2.532500000000000000e+02 6.102940000000000484e-48
2.535000000000000000e+02 6.012859999999999415e-48
2.537500000000000000e+02 5.925970000000000383e-48
2.540000000000000000e+02 5.839900000000000507e-48
2.542500000000000000e+02 5.751820000000000403e-48
2.545000000000000000e+02 5.667199999999999464e-48
2.547500000000000000e+02 5.582820000000000294e-48
2.550000000000000000e+02 5.498789999999999652e-48
2.552500000000000000e+02 5.417550000000000125e-48
2.555000000000000000e+02 5.337499999999999848e-48
