0.000000000000000000e+00 5.000000000000000000e-01
2.500000000000000000e-01 5.000000000000000000e-01
5.000000000000000000e-01 5.000000000000000000e-01
7.500000000000000000e-01 5.000000000000000000e-01
1.000000000000000000e+00 5.000000000000000000e-01
1.250000000000000000e+00 5.000000000000000000e-01
1.500000000000000000e+00 5.000000000000000000e-01
1.750000000000000000e+00 5.000000000000000000e-01
2.000000000000000000e+00 5.000000000000000000e-01
2.250000000000000000e+00 5.000000000000000000e-01
2.500000000000000000e+00 5.000000000000000000e-01
2.750000000000000000e+00 5.000000000000000000e-01
3.000000000000000000e+00 5.000000000000000000e-01
3.250000000000000000e+00 5.000000000000000000e-01
3.500000000000000000e+00 5.000000000000000000e-01
3.750000000000000000e+00 5.000000000000000000e-01
4.000000000000000000e+00 5.000000000000000000e-01
4.250000000000000000e+00 5.000000000000000000e-01
4.500000000000000000e+00 5.000000000000000000e-01
4.750000000000000000e+00 5.000000000000000000e-01
5.000000000000000000e+00 5.000000000000000000e-01
5.250000000000000000e+00 5.000000000000000000e-01
5.500000000000000000e+00 5.000000000000000000e-01
5.750000000000000000e+00 5.000000000000000000e-01
6.000000000000000000e+00 5.000000000000000000e-01
6.250000000000000000e+00 5.000000000000000000e-01
6.500000000000000000e+00 5.000000000000000000e-01
6.750000000000000000e+00 5.000000000000000000e-01
7.000000000000000000e+00 5.000000000000000000e-01
7.250000000000000000e+00 5.000000000000000000e-01
7.500000000000000000e+00 5.000000000000000000e-01
7.750000000000000000e+00 5.000000000000000000e-01
8.000000000000000000e+00 5.000000000000000000e-01
8.250000000000000000e+00 5.000000000000000000e-01
8.500000000000000000e+00 5.000000000000000000e-01
8.750000000000000000e+00 5.000000000000000000e-01
9.000000000000000000e+00 5.000000000000000000e-01
9.250000000000000000e+00 5.000000000000000000e-01
9.500000000000000000e+00 5.000000000000000000e-01
9.750000000000000000e+00 5.000000000000000000e-01
1.000000000000000000e+01 5.000000000000000000e-01
1.025000000000000000e+01 5.000000000000000000e-01
1.050000000000000000e+01 5.000000000000000000e-01
1.075000000000000000e+01 5.000000000000000000e-01
1.100000000000000000e+01 5.000000000000000000e-01
1.125000000000000000e+01 5.000000000000000000e-01
1.150000000000000000e+01 5.000000000000000000e-01
1.175000000000000000e+01 5.000000000000000000e-01
1.200000000000000000e+01 5.000000000000000000e-01
1.225000000000000000e+01 5.000000000000000000e-01
1.250000000000000000e+01 5.000000000000000000e-01
1.275000000000000000e+01 5.000000000000000000e-01
1.300000000000000000e+01 5.000000000000000000e-01
1.325000000000000000e+01 5.000000000000000000e-01
1.350000000000000000e+01 5.000000000000000000e-01
1.375000000000000000e+01 5.000000000000000000e-01
1.400000000000000000e+01 5.000000000000000000e-01
1.425000000000000000e+01 5.000000000000000000e-01
1.450000000000000000e+01 5.000000000000000000e-01
1.475000000000000000e+01 5.000000000000000000e-01
1.500000000000000000e+01 5.000000000000000000e-01
1.525000000000000000e+01 5.000000000000000000e-01
1.550000000000000000e+01 5.000000000000000000e-01
1.575000000000000000e+01 5.000000000000000000e-01
1.600000000000000000e+01 5.362480000000000022e-42
1.625000000000000000e+01 4.589019999999999720e-42
1.650000000000000000e+01 3.924719999999999725e-42
1.675000000000000000e+01 3.389270000000000078e-42
1.700000000000000000e+01 2.930020000000000259e-42
1.725000000000000000e+01 2.539019999999999969e-42
1.750000000000000000e+01 2.198459999999999969e-42
1.775000000000000000e+01 1.898160000000000007e-42
1.800000000000000000e+01 1.647300000000000124e-42
1.825000000000000000e+01 1.435400000000000069e-42
1.850000000000000000e+01 1.253630000000000063e-42
1.875000000000000000e+01 1.090889999999999972e-42
1.900000000000000000e+01 9.368370000000000244e-43
1.925000000000000000e+01 8.001309999999999576e-43
1.950000000000000000e+01 6.809209999999999917e-43
1.975000000000000000e+01 5.782539999999999684e-43
2.000000000000000000e+01 4.912630000000000076e-43
2.025000000000000000e+01 4.180159999999999608e-43
2.050000000000000000e+01 3.577570000000000000e-43
2.075000000000000000e+01 3.115599999999999986e-43
2.100000000000000000e+01 2.733659999999999803e-43
2.125000000000000000e+01 2.401259999999999833e-43
2.150000000000000000e+01 2.113619999999999809e-43
2.175000000000000000e+01 1.846730000000000005e-43
2.200000000000000000e+01 1.575660000000000014e-43
2.225000000000000000e+01 1.335100000000000002e-43
2.250000000000000000e+01 1.102929999999999910e-43
2.275000000000000000e+01 8.990559999999999744e-44
2.300000000000000000e+01 7.430300000000000346e-44
2.325000000000000000e+01 6.269709999999999801e-44
2.350000000000000000e+01 5.364790000000000224e-44
2.375000000000000000e+01 4.598770000000000056e-44
2.400000000000000000e+01 3.939860000000000108e-44
2.425000000000000000e+01 3.379750000000000010e-44
2.450000000000000000e+01 2.901390000000000127e-44
2.475000000000000000e+01 2.498060000000000219e-44
2.500000000000000000e+01 2.156300000000000043e-44
2.525000000000000000e+01 1.865920000000000040e-44
2.550000000000000000e+01 1.618389999999999955e-44
2.575000000000000000e+01 1.402529999999999981e-44
2.600000000000000000e+01 1.219100000000000097e-44
2.625000000000000000e+01 1.060370000000000051e-44
2.650000000000000000e+01 9.242149999999999393e-45
2.675000000000000000e+01 8.070720000000000002e-45
2.700000000000000000e+01 7.067870000000000250e-45
2.725000000000000000e+01 6.209409999999999498e-45
2.750000000000000000e+01 5.475030000000000294e-45
2.775000000000000000e+01 4.841669999999999722e-45
2.800000000000000000e+01 4.266120000000000252e-45
2.825000000000000000e+01 3.772029999999999945e-45
2.850000000000000000e+01 3.345929999999999793e-45
2.875000000000000000e+01 2.975490000000000016e-45
2.900000000000000000e+01 2.652300000000000057e-45
2.925000000000000000e+01 2.369940000000000054e-45
2.950000000000000000e+01 2.123510000000000037e-45
2.975000000000000000e+01 1.906110000000000029e-45
3.000000000000000000e+01 1.714359999999999957e-45
3.025000000000000000e+01 1.546029999999999853e-45
3.050000000000000000e+01 1.399110000000000072e-45
3.075000000000000000e+01 1.268679999999999980e-45
3.100000000000000000e+01 1.153770000000000025e-45
3.125000000000000000e+01 1.052040000000000075e-45
3.150000000000000000e+01 9.617280000000000313e-46
3.175000000000000000e+01 8.808189999999999655e-46
3.200000000000000000e+01 8.092169999999999478e-46
3.225000000000000000e+01 7.451469999999999522e-46
3.250000000000000000e+01 6.880929999999999871e-46
3.275000000000000000e+01 6.374259999999999935e-46
3.300000000000000000e+01 5.914349999999999760e-46
3.325000000000000000e+01 5.504329999999999724e-46
3.350000000000000000e+01 5.135940000000000146e-46
3.375000000000000000e+01 4.801759999999999754e-46
3.400000000000000000e+01 4.501760000000000272e-46
3.425000000000000000e+01 4.227519999999999801e-46
3.450000000000000000e+01 3.975240000000000154e-46
3.475000000000000000e+01 3.742399999999999871e-46
3.500000000000000000e+01 3.534340000000000193e-46
3.525000000000000000e+01 3.346189999999999972e-46
3.550000000000000000e+01 3.176419999999999990e-46
3.575000000000000000e+01 3.024420000000000159e-46
3.600000000000000000e+01 2.884089999999999991e-46
3.625000000000000000e+01 2.756860000000000043e-46
3.650000000000000000e+01 2.641100000000000098e-46
3.675000000000000000e+01 2.535459999999999932e-46
3.700000000000000000e+01 2.438670000000000037e-46
3.725000000000000000e+01 2.349540000000000070e-46
3.750000000000000000e+01 2.266180000000000104e-46
3.775000000000000000e+01 2.190449999999999845e-46
3.800000000000000000e+01 2.122179999999999855e-46
3.825000000000000000e+01 2.057369999999999954e-46
3.850000000000000000e+01 1.998789999999999815e-46
3.875000000000000000e+01 1.943779999999999927e-46
3.900000000000000000e+01 1.893439999999999971e-46
3.925000000000000000e+01 1.847359999999999906e-46
3.950000000000000000e+01 1.804799999999999985e-46
3.975000000000000000e+01 1.764470000000000033e-46
4.000000000000000000e+01 1.726230000000000057e-46
4.025000000000000000e+01 1.690899999999999941e-46
4.050000000000000000e+01 1.658030000000000064e-46
4.075000000000000000e+01 1.627450000000000016e-46
4.100000000000000000e+01 1.597609999999999912e-46
4.125000000000000000e+01 1.570559999999999950e-46
4.150000000000000000e+01 1.544190000000000074e-46
4.175000000000000000e+01 1.519329999999999917e-46
4.200000000000000000e+01 1.497240000000000015e-46
4.225000000000000000e+01 1.476529999999999977e-46
4.250000000000000000e+01 1.456829999999999928e-46
4.275000000000000000e+01 1.438140000000000062e-46
4.300000000000000000e+01 1.419769999999999962e-46
4.325000000000000000e+01 1.403980000000000013e-46
4.350000000000000000e+01 1.387139999999999909e-46
4.375000000000000000e+01 1.371519999999999981e-46
4.400000000000000000e+01 1.356420000000000061e-46
4.425000000000000000e+01 1.341920000000000090e-46
4.450000000000000000e+01 1.327829999999999964e-46
4.475000000000000000e+01 1.313899999999999916e-46
4.500000000000000000e+01 1.300010000000000032e-46
4.525000000000000000e+01 1.286469999999999941e-46
4.550000000000000000e+01 1.273439999999999914e-46
4.575000000000000000e+01 1.260599999999999990e-46
4.600000000000000000e+01 1.248549999999999925e-46
4.625000000000000000e+01 1.236290000000000062e-46
4.650000000000000000e+01 1.224769999999999949e-46
4.675000000000000000e+01 1.213010000000000011e-46
4.700000000000000000e+01 1.201719999999999973e-46
4.725000000000000000e+01 1.190900000000000027e-46
4.750000000000000000e+01 1.180080000000000081e-46
4.775000000000000000e+01 1.168879999999999928e-46
4.800000000000000000e+01 1.158339999999999972e-46
4.825000000000000000e+01 1.147930000000000066e-46
4.850000000000000000e+01 1.137270000000000003e-46
4.875000000000000000e+01 1.127250000000000054e-46
4.900000000000000000e+01 1.117159999999999914e-46
4.925000000000000000e+01 1.107190000000000074e-46
4.950000000000000000e+01 1.097619999999999942e-46
4.975000000000000000e+01 1.088159999999999972e-46
5.000000000000000000e+01 1.079000000000000073e-46
5.025000000000000000e+01 1.069569999999999935e-46
5.050000000000000000e+01 1.060330000000000096e-46
5.075000000000000000e+01 1.051240000000000000e-46
5.100000000000000000e+01 1.042079999999999907e-46
5.125000000000000000e+01 1.033090000000000030e-46
5.150000000000000000e+01 1.024619999999999967e-46
5.175000000000000000e+01 1.015859999999999970e-46
5.200000000000000000e+01 1.007489999999999930e-46
5.225000000000000000e+01 9.993089999999999217e-47
5.250000000000000000e+01 9.912659999999999583e-47
5.275000000000000000e+01 9.830160000000000251e-47
5.300000000000000000e+01 9.753129999999999097e-47
5.325000000000000000e+01 9.676339999999999712e-47
5.350000000000000000e+01 9.598100000000000660e-47
5.375000000000000000e+01 9.524590000000000816e-47
5.400000000000000000e+01 9.449460000000000701e-47
5.425000000000000000e+01 9.375810000000000473e-47
5.450000000000000000e+01 9.305800000000000494e-47
5.475000000000000000e+01 9.235920000000000177e-47
5.500000000000000000e+01 9.167969999999999175e-47
5.525000000000000000e+01 9.101420000000000063e-47
5.550000000000000000e+01 9.035650000000000866e-47
5.575000000000000000e+01 8.975769999999999054e-47
5.600000000000000000e+01 8.913400000000000282e-47
5.625000000000000000e+01 8.854980000000000803e-47
5.650000000000000000e+01 8.802070000000000445e-47
5.675000000000000000e+01 8.754620000000000461e-47
5.700000000000000000e+01 8.716180000000000437e-47
5.725000000000000000e+01 8.689299999999999719e-47
5.750000000000000000e+01 8.677499999999999617e-47
5.775000000000000000e+01 8.697539999999999514e-47
5.800000000000000000e+01 8.759229999999999757e-47
5.825000000000000000e+01 8.870929999999999079e-47
5.850000000000000000e+01 9.069619999999999062e-47
5.875000000000000000e+01 9.402059999999999465e-47
5.900000000000000000e+01 9.950190000000000031e-47
5.925000000000000000e+01 1.098039999999999926e-46
5.950000000000000000e+01 1.396150000000000063e-46
5.975000000000000000e+01 2.494799999999999882e-46
6.000000000000000000e+01 9.173629999999999402e-46
6.025000000000000000e+01 6.693450000000000181e-46
6.050000000000000000e+01 2.238570000000000164e-46
6.075000000000000000e+01 1.307690000000000043e-46
6.100000000000000000e+01 1.032430000000000028e-46
6.125000000000000000e+01 9.289329999999999682e-47
6.150000000000000000e+01 8.687380000000000154e-47
6.175000000000000000e+01 8.286420000000000382e-47
6.200000000000000000e+01 8.003879999999999868e-47
6.225000000000000000e+01 7.806190000000000125e-47
6.250000000000000000e+01 7.661259999999999634e-47
6.275000000000000000e+01 7.552339999999999732e-47
6.300000000000000000e+01 7.465110000000000220e-47
6.325000000000000000e+01 7.391760000000000259e-47
6.350000000000000000e+01 7.328729999999999540e-47
6.375000000000000000e+01 7.271630000000000065e-47
6.400000000000000000e+01 7.220039999999999713e-47
6.425000000000000000e+01 7.170740000000000356e-47
6.450000000000000000e+01 7.123250000000000401e-47
6.475000000000000000e+01 7.077160000000000393e-47
6.500000000000000000e+01 7.032440000000000110e-47
6.525000000000000000e+01 6.989509999999999730e-47
6.550000000000000000e+01 6.947459999999999678e-47
6.575000000000000000e+01 6.905970000000000188e-47
6.600000000000000000e+01 6.864059999999999547e-47
6.625000000000000000e+01 6.823289999999999529e-47
6.650000000000000000e+01 6.784090000000000062e-47
6.675000000000000000e+01 6.744489999999999915e-47
6.700000000000000000e+01 6.705340000000000169e-47
6.725000000000000000e+01 6.666019999999999817e-47
6.750000000000000000e+01 6.628399999999999678e-47
6.775000000000000000e+01 6.590149999999999758e-47
6.800000000000000000e+01 6.553200000000000343e-47
6.825000000000000000e+01 6.515380000000000351e-47
6.850000000000000000e+01 6.478770000000000201e-47
6.875000000000000000e+01 6.442669999999999920e-47
6.900000000000000000e+01 6.406400000000000007e-47
6.925000000000000000e+01 6.370830000000000067e-47
6.950000000000000000e+01 6.336420000000000249e-47
6.975000000000000000e+01 6.301379999999999678e-47
7.000000000000000000e+01 6.267140000000000465e-47
7.025000000000000000e+01 6.233010000000000442e-47
7.050000000000000000e+01 6.200680000000000072e-47
7.075000000000000000e+01 6.167409999999999905e-47
7.100000000000000000e+01 6.134150000000000460e-47
7.125000000000000000e+01 6.100930000000000013e-47
7.150000000000000000e+01 6.068129999999999744e-47
7.175000000000000000e+01 6.036129999999999862e-47
7.200000000000000000e+01 6.004029999999999567e-47
7.225000000000000000e+01 5.972930000000000483e-47
7.250000000000000000e+01 5.941109999999999982e-47
7.275000000000000000e+01 5.910240000000000001e-47
7.300000000000000000e+01 5.879710000000000256e-47
7.325000000000000000e+01 5.849620000000000189e-47
7.350000000000000000e+01 5.819440000000000432e-47
7.375000000000000000e+01 5.790210000000000220e-47
7.400000000000000000e+01 5.761229999999999583e-47
7.425000000000000000e+01 5.732329999999999859e-47
7.450000000000000000e+01 5.703479999999999856e-47
7.475000000000000000e+01 5.674690000000000295e-47
7.500000000000000000e+01 5.646850000000000280e-47
7.525000000000000000e+01 5.618799999999999690e-47
7.550000000000000000e+01 5.590120000000000291e-47
7.575000000000000000e+01 5.562120000000000394e-47
7.600000000000000000e+01 5.534950000000000132e-47
7.625000000000000000e+01 5.508479999999999843e-47
7.650000000000000000e+01 5.481550000000000377e-47
7.675000000000000000e+01 5.455049999999999866e-47
7.700000000000000000e+01 5.429429999999999683e-47
7.725000000000000000e+01 5.402840000000000454e-47
7.750000000000000000e+01 5.376899999999999533e-47
7.775000000000000000e+01 5.351069999999999747e-47
7.800000000000000000e+01 5.325289999999999681e-47
7.825000000000000000e+01 5.300220000000000311e-47
7.850000000000000000e+01 5.275790000000000471e-47
7.875000000000000000e+01 5.251519999999999541e-47
7.900000000000000000e+01 5.226720000000000216e-47
7.925000000000000000e+01 5.202220000000000184e-47
7.950000000000000000e+01 5.178429999999999875e-47
7.975000000000000000e+01 5.154909999999999612e-47
8.000000000000000000e+01 5.131510000000000233e-47
8.025000000000000000e+01 5.108720000000000163e-47
8.050000000000000000e+01 5.085909999999999622e-47
8.075000000000000000e+01 5.063370000000000099e-47
8.100000000000000000e+01 5.040490000000000338e-47
8.125000000000000000e+01 5.018740000000000479e-47
8.150000000000000000e+01 4.997019999999999868e-47
8.175000000000000000e+01 4.974899999999999551e-47
8.200000000000000000e+01 4.952959999999999588e-47
8.225000000000000000e+01 4.931920000000000423e-47
8.250000000000000000e+01 4.910140000000000343e-47
8.275000000000000000e+01 4.888940000000000323e-47
8.300000000000000000e+01 4.867670000000000112e-47
8.325000000000000000e+01 4.847369999999999919e-47
8.350000000000000000e+01 4.826540000000000358e-47
8.375000000000000000e+01 4.806510000000000210e-47
8.400000000000000000e+01 4.786649999999999695e-47
8.425000000000000000e+01 4.767069999999999947e-47
8.450000000000000000e+01 4.747570000000000140e-47
8.475000000000000000e+01 4.728059999999999611e-47
8.500000000000000000e+01 4.709019999999999953e-47
8.525000000000000000e+01 4.689910000000000104e-47
8.550000000000000000e+01 4.670849999999999974e-47
8.575000000000000000e+01 4.652130000000000082e-47
8.600000000000000000e+01 4.633769999999999926e-47
8.625000000000000000e+01 4.616109999999999743e-47
8.650000000000000000e+01 4.597279999999999688e-47
8.675000000000000000e+01 4.579179999999999827e-47
8.700000000000000000e+01 4.561070000000000217e-47
8.725000000000000000e+01 4.543710000000000300e-47
8.750000000000000000e+01 4.526740000000000341e-47
8.775000000000000000e+01 4.510029999999999704e-47
8.800000000000000000e+01 4.493089999999999966e-47
8.825000000000000000e+01 4.476420000000000273e-47
8.850000000000000000e+01 4.460510000000000022e-47
8.875000000000000000e+01 4.443840000000000329e-47
8.900000000000000000e+01 4.427679999999999533e-47
8.925000000000000000e+01 4.411070000000000282e-47
8.950000000000000000e+01 4.395249999999999722e-47
8.975000000000000000e+01 4.379049999999999928e-47
9.000000000000000000e+01 4.363269999999999825e-47
9.025000000000000000e+01 4.347789999999999989e-47
9.050000000000000000e+01 4.332199999999999990e-47
9.075000000000000000e+01 4.317679999999999937e-47
9.100000000000000000e+01 4.302689999999999984e-47
9.125000000000000000e+01 4.287199999999999913e-47
9.150000000000000000e+01 4.272409999999999814e-47
9.175000000000000000e+01 4.257470000000000068e-47
9.200000000000000000e+01 4.242019999999999967e-47
9.225000000000000000e+01 4.228000000000000033e-47
9.250000000000000000e+01 4.213449999999999758e-47
9.275000000000000000e+01 4.199269999999999941e-47
9.300000000000000000e+01 4.184880000000000035e-47
9.325000000000000000e+01 4.170689999999999983e-47
9.350000000000000000e+01 4.156699999999999784e-47
9.375000000000000000e+01 4.142759999999999791e-47
9.400000000000000000e+01 4.129499999999999787e-47
9.425000000000000000e+01 4.116119999999999870e-47
9.450000000000000000e+01 4.102270000000000054e-47
9.475000000000000000e+01 4.089200000000000153e-47
9.500000000000000000e+01 4.076190000000000208e-47
9.525000000000000000e+01 4.063110000000000072e-47
9.550000000000000000e+01 4.049890000000000038e-47
9.575000000000000000e+01 4.036849999999999872e-47
9.600000000000000000e+01 4.024260000000000105e-47
9.625000000000000000e+01 4.011419999999999792e-47
9.650000000000000000e+01 3.998710000000000114e-47
9.675000000000000000e+01 3.986199999999999802e-47
9.700000000000000000e+01 3.974380000000000201e-47
9.725000000000000000e+01 3.962379999999999759e-47
9.750000000000000000e+01 3.949510000000000197e-47
9.775000000000000000e+01 3.937389999999999843e-47
9.800000000000000000e+01 3.925480000000000064e-47
9.825000000000000000e+01 3.913630000000000241e-47
9.850000000000000000e+01 3.901810000000000154e-47
9.875000000000000000e+01 3.890699999999999788e-47
9.900000000000000000e+01 3.879120000000000011e-47
9.925000000000000000e+01 3.867450000000000056e-47
9.950000000000000000e+01 3.856429999999999868e-47
9.975000000000000000e+01 3.844959999999999767e-47
1.000000000000000000e+02 3.833650000000000034e-47
1.002500000000000000e+02 3.822540000000000155e-47
1.005000000000000000e+02 3.811530000000000203e-47
1.007500000000000000e+02 3.799830000000000027e-47
1.010000000000000000e+02 3.788749999999999883e-47
1.012500000000000000e+02 3.778049999999999947e-47
1.015000000000000000e+02 3.767079999999999965e-47
1.017500000000000000e+02 3.756380000000000029e-47
1.020000000000000000e+02 3.745540000000000195e-47
1.022500000000000000e+02 3.735020000000000127e-47
1.025000000000000000e+02 3.724750000000000118e-47
1.027500000000000000e+02 3.714569999999999801e-47
1.030000000000000000e+02 3.704509999999999881e-47
1.032500000000000000e+02 3.694469999999999947e-47
1.035000000000000000e+02 3.684210000000000175e-47
1.037500000000000000e+02 3.674430000000000050e-47
1.040000000000000000e+02 3.664910000000000221e-47
1.042500000000000000e+02 3.654840000000000066e-47
1.045000000000000000e+02 3.645239999999999810e-47
1.047500000000000000e+02 3.635319999999999788e-47
1.050000000000000000e+02 3.625330000000000060e-47
1.052500000000000000e+02 3.616050000000000055e-47
1.055000000000000000e+02 3.606650000000000139e-47
1.057500000000000000e+02 3.596719999999999881e-47
1.060000000000000000e+02 3.587459999999999861e-47
1.062500000000000000e+02 3.578030000000000210e-47
1.065000000000000000e+02 3.568330000000000026e-47
1.067500000000000000e+02 3.559280000000000096e-47
1.070000000000000000e+02 3.550029999999999826e-47
1.072500000000000000e+02 3.540680000000000116e-47
1.075000000000000000e+02 3.531639999999999935e-47
1.077500000000000000e+02 3.522680000000000182e-47
1.080000000000000000e+02 3.513509999999999853e-47
1.082500000000000000e+02 3.504900000000000087e-47
1.085000000000000000e+02 3.495930000000000098e-47
1.087500000000000000e+02 3.486840000000000197e-47
1.090000000000000000e+02 3.477950000000000149e-47
1.092500000000000000e+02 3.469459999999999809e-47
1.095000000000000000e+02 3.460730000000000130e-47
1.097500000000000000e+02 3.451889999999999803e-47
1.100000000000000000e+02 3.443320000000000007e-47
1.102500000000000000e+02 3.435109999999999947e-47
1.105000000000000000e+02 3.426689999999999798e-47
1.107500000000000000e+02 3.418549999999999930e-47
1.110000000000000000e+02 3.410199999999999973e-47
1.112500000000000000e+02 3.402430000000000077e-47
1.115000000000000000e+02 3.394140000000000075e-47
1.117500000000000000e+02 3.386310000000000223e-47
1.120000000000000000e+02 3.378339999999999988e-47
1.122500000000000000e+02 3.370189999999999884e-47
1.125000000000000000e+02 3.362430000000000223e-47
1.127500000000000000e+02 3.354510000000000194e-47
1.130000000000000000e+02 3.346039999999999839e-47
1.132500000000000000e+02 3.338240000000000208e-47
1.135000000000000000e+02 3.330360000000000149e-47
1.137500000000000000e+02 3.322619999999999988e-47
1.140000000000000000e+02 3.315060000000000181e-47
1.142500000000000000e+02 3.307080000000000196e-47
1.145000000000000000e+02 3.299410000000000226e-47
1.147500000000000000e+02 3.291630000000000094e-47
1.150000000000000000e+02 3.284029999999999831e-47
1.152500000000000000e+02 3.276379999999999847e-47
1.155000000000000000e+02 3.269240000000000218e-47
1.157500000000000000e+02 3.262020000000000162e-47
1.160000000000000000e+02 3.254579999999999781e-47
1.162500000000000000e+02 3.247480000000000123e-47
1.165000000000000000e+02 3.239999999999999771e-47
1.167500000000000000e+02 3.232690000000000024e-47
1.170000000000000000e+02 3.225199999999999923e-47
1.172500000000000000e+02 3.218079999999999793e-47
1.175000000000000000e+02 3.210989999999999885e-47
1.177500000000000000e+02 3.203860000000000006e-47
1.180000000000000000e+02 3.196799999999999833e-47
1.182500000000000000e+02 3.190230000000000029e-47
1.185000000000000000e+02 3.183310000000000239e-47
1.187500000000000000e+02 3.176310000000000022e-47
1.190000000000000000e+02 3.169639999999999806e-47
1.192500000000000000e+02 3.163059999999999767e-47
1.195000000000000000e+02 3.156279999999999874e-47
1.197500000000000000e+02 3.149969999999999881e-47
1.200000000000000000e+02 3.143320000000000136e-47
1.202500000000000000e+02 3.136800000000000053e-47
1.205000000000000000e+02 3.130330000000000176e-47
1.207500000000000000e+02 3.123600000000000004e-47
1.210000000000000000e+02 3.117469999999999878e-47
1.212500000000000000e+02 3.110940000000000046e-47
1.215000000000000000e+02 3.104579999999999845e-47
1.217500000000000000e+02 3.098369999999999778e-47
1.220000000000000000e+02 3.092100000000000241e-47
1.222500000000000000e+02 3.086079999999999792e-47
1.225000000000000000e+02 3.079910000000000182e-47
1.227500000000000000e+02 3.073899999999999968e-47
1.230000000000000000e+02 3.067979999999999931e-47
1.232500000000000000e+02 3.062179999999999807e-47
1.235000000000000000e+02 3.056170000000000079e-47
1.237500000000000000e+02 3.050279999999999777e-47
1.240000000000000000e+02 3.044509999999999874e-47
1.242500000000000000e+02 3.038850000000000133e-47
1.245000000000000000e+02 3.033149999999999935e-47
1.247500000000000000e+02 3.027220000000000149e-47
1.250000000000000000e+02 3.021539999999999936e-47
1.252500000000000000e+02 3.015719999999999827e-47
1.255000000000000000e+02 3.010100000000000056e-47
1.257500000000000000e+02 3.004680000000000139e-47
1.260000000000000000e+02 2.999079999999999868e-47
1.262500000000000000e+02 2.993599999999999995e-47
1.265000000000000000e+02 2.988060000000000166e-47
1.267500000000000000e+02 2.982680000000000220e-47
1.270000000000000000e+02 2.977540000000000098e-47
1.272500000000000000e+02 2.972360000000000005e-47
1.275000000000000000e+02 2.967099999999999971e-47
1.277500000000000000e+02 2.961930000000000114e-47
1.280000000000000000e+02 2.956770000000000007e-47
1.282500000000000000e+02 2.951669999999999855e-47
1.285000000000000000e+02 2.946710000000000087e-47
1.287500000000000000e+02 2.941540000000000230e-47
1.290000000000000000e+02 2.936280000000000196e-47
1.292500000000000000e+02 2.931359999999999913e-47
1.295000000000000000e+02 2.926289999999999982e-47
1.297500000000000000e+02 2.920939999999999771e-47
1.300000000000000000e+02 2.915789999999999899e-47
1.302500000000000000e+02 2.910810000000000146e-47
1.305000000000000000e+02 2.906119999999999937e-47
1.307500000000000000e+02 2.901530000000000141e-47
1.310000000000000000e+02 2.896640000000000079e-47
1.312500000000000000e+02 2.891719999999999796e-47
1.315000000000000000e+02 2.886950000000000132e-47
1.317500000000000000e+02 2.882290000000000144e-47
1.320000000000000000e+02 2.877610000000000171e-47
1.322500000000000000e+02 2.873159999999999786e-47
1.325000000000000000e+02 2.868569999999999990e-47
1.327500000000000000e+02 2.863940000000000223e-47
1.330000000000000000e+02 2.859409999999999897e-47
1.332500000000000000e+02 2.854789999999999880e-47
1.335000000000000000e+02 2.850319999999999996e-47
1.337500000000000000e+02 2.845890000000000083e-47
1.340000000000000000e+02 2.841449999999999934e-47
1.342500000000000000e+02 2.837290000000000066e-47
1.345000000000000000e+02 2.833170000000000169e-47
1.347500000000000000e+02 2.829000000000000065e-47
1.350000000000000000e+02 2.824570000000000152e-47
1.352500000000000000e+02 2.820289999999999885e-47
1.355000000000000000e+02 2.816099999999999796e-47
1.357500000000000000e+02 2.811939999999999928e-47
1.360000000000000000e+02 2.807840000000000016e-47
1.362500000000000000e+02 2.803890000000000237e-47
1.365000000000000000e+02 2.799660000000000177e-47
1.367500000000000000e+02 2.795579999999999765e-47
1.370000000000000000e+02 2.791539999999999809e-47
1.372500000000000000e+02 2.787430000000000147e-47
1.375000000000000000e+02 2.783430000000000162e-47
1.377500000000000000e+02 2.779339999999999999e-47
1.380000000000000000e+02 2.775450000000000176e-47
1.382500000000000000e+02 2.771679999999999779e-47
1.385000000000000000e+02 2.767780000000000207e-47
1.387500000000000000e+02 2.764090000000000238e-47
1.390000000000000000e+02 2.760170000000000194e-47
1.392500000000000000e+02 2.756219999999999929e-47
1.395000000000000000e+02 2.752640000000000122e-47
1.397500000000000000e+02 2.748859999999999975e-47
1.400000000000000000e+02 2.745340000000000124e-47
1.402500000000000000e+02 2.741830000000000023e-47
1.405000000000000000e+02 2.738209999999999759e-47
1.407500000000000000e+02 2.734950000000000204e-47
1.410000000000000000e+02 2.731280000000000219e-47
1.412500000000000000e+02 2.727699999999999926e-47
1.415000000000000000e+02 2.724140000000000105e-47
1.417500000000000000e+02 2.720669999999999974e-47
1.420000000000000000e+02 2.717239999999999814e-47
1.422500000000000000e+02 2.713629999999999786e-47
1.425000000000000000e+02 2.710240000000000083e-47
1.427500000000000000e+02 2.707000000000000027e-47
1.430000000000000000e+02 2.703629999999999823e-47
1.432500000000000000e+02 2.700369999999999781e-47
1.435000000000000000e+02 2.697029999999999798e-47
1.437500000000000000e+02 2.693500000000000198e-47
1.440000000000000000e+02 2.689930000000000140e-47
1.442500000000000000e+02 2.686460000000000010e-47
1.445000000000000000e+02 2.683159999999999998e-47
1.447500000000000000e+02 2.679919999999999941e-47
1.450000000000000000e+02 2.676630000000000165e-47
1.452500000000000000e+02 2.673689999999999889e-47
1.455000000000000000e+02 2.670590000000000216e-47
1.457500000000000000e+02 2.667510000000000043e-47
1.460000000000000000e+02 2.664610000000000224e-47
1.462500000000000000e+02 2.661579999999999770e-47
1.465000000000000000e+02 2.658659999999999966e-47
1.467500000000000000e+02 2.655669999999999970e-47
1.470000000000000000e+02 2.652870000000000077e-47
1.472500000000000000e+02 2.649769999999999918e-47
1.475000000000000000e+02 2.646580000000000069e-47
1.477500000000000000e+02 2.643610000000000058e-47
1.480000000000000000e+02 2.640540000000000120e-47
1.482500000000000000e+02 2.637599999999999844e-47
1.485000000000000000e+02 2.634640000000000069e-47
1.487500000000000000e+02 2.631820000000000191e-47
1.490000000000000000e+02 2.628990000000000077e-47
1.492500000000000000e+02 2.626439999999999759e-47
1.495000000000000000e+02 2.623539999999999939e-47
1.497500000000000000e+02 2.620720000000000062e-47
1.500000000000000000e+02 2.617920000000000169e-47
1.502500000000000000e+02 2.615180000000000233e-47
1.505000000000000000e+02 2.612410000000000075e-47
1.507500000000000000e+02 2.609590000000000197e-47
1.510000000000000000e+02 2.606820000000000040e-47
1.512500000000000000e+02 2.603850000000000029e-47
1.515000000000000000e+02 2.601150000000000063e-47
1.517500000000000000e+02 2.598270000000000229e-47
1.520000000000000000e+02 2.595520000000000057e-47
1.522500000000000000e+02 2.592999999999999959e-47
1.525000000000000000e+02 2.590350000000000200e-47
1.527500000000000000e+02 2.588060000000000177e-47
1.530000000000000000e+02 2.585290000000000019e-47
1.532500000000000000e+02 2.582700000000000216e-47
1.535000000000000000e+02 2.580430000000000178e-47
1.537500000000000000e+02 2.577930000000000065e-47
1.540000000000000000e+02 2.575219999999999864e-47
1.542500000000000000e+02 2.572860000000000135e-47
1.545000000000000000e+02 2.570380000000000008e-47
1.547500000000000000e+02 2.567850000000000161e-47
1.550000000000000000e+02 2.565230000000000136e-47
1.552500000000000000e+02 2.562699999999999803e-47
1.555000000000000000e+02 2.560389999999999794e-47
1.557500000000000000e+02 2.557950000000000124e-47
1.560000000000000000e+02 2.555589999999999909e-47
1.562500000000000000e+02 2.553199999999999959e-47
1.565000000000000000e+02 2.550650000000000127e-47
1.567500000000000000e+02 2.548500000000000001e-47
1.570000000000000000e+02 2.545820000000000021e-47
1.572500000000000000e+02 2.543219999999999981e-47
1.575000000000000000e+02 2.540790000000000061e-47
1.577500000000000000e+02 2.538590000000000215e-47
1.580000000000000000e+02 2.536389999999999883e-47
1.582500000000000000e+02 2.534230000000000007e-47
1.585000000000000000e+02 2.531930000000000234e-47
1.587500000000000000e+02 2.529900000000000021e-47
1.590000000000000000e+02 2.527649999999999968e-47
1.592500000000000000e+02 2.525430000000000137e-47
1.595000000000000000e+02 2.523439999999999894e-47
1.597500000000000000e+02 2.521169999999999856e-47
1.600000000000000000e+02 2.519060000000000187e-47
1.602500000000000000e+02 2.516679999999999987e-47
1.605000000000000000e+02 2.514480000000000140e-47
1.607500000000000000e+02 2.512150000000000147e-47
1.610000000000000000e+02 2.509829999999999902e-47
1.612500000000000000e+02 2.507559999999999864e-47
1.615000000000000000e+02 2.505720000000000241e-47
1.617500000000000000e+02 2.503599999999999850e-47
1.620000000000000000e+02 2.501559999999999886e-47
1.622500000000000000e+02 2.499389999999999775e-47
1.625000000000000000e+02 2.497340000000000062e-47
1.627500000000000000e+02 2.495380000000000040e-47
1.630000000000000000e+02 2.493180000000000194e-47
1.632500000000000000e+02 2.491059999999999803e-47
1.635000000000000000e+02 2.488870000000000193e-47
1.637500000000000000e+02 2.487169999999999981e-47
1.640000000000000000e+02 2.485030000000000091e-47
1.642500000000000000e+02 2.482910000000000186e-47
1.645000000000000000e+02 2.480979999999999899e-47
1.647500000000000000e+02 2.478939999999999935e-47
1.650000000000000000e+02 2.476769999999999824e-47
1.652500000000000000e+02 2.474760000000000082e-47
1.655000000000000000e+02 2.472809999999999810e-47
1.657500000000000000e+02 2.470680000000000155e-47
1.660000000000000000e+02 2.468709999999999898e-47
1.662500000000000000e+02 2.466880000000000024e-47
1.665000000000000000e+02 2.464869999999999795e-47
1.667500000000000000e+02 2.463079999999999892e-47
1.670000000000000000e+02 2.460999999999999958e-47
1.672500000000000000e+02 2.459130000000000113e-47
1.675000000000000000e+02 2.457569999999999798e-47
1.677500000000000000e+02 2.455779999999999894e-47
1.680000000000000000e+02 2.454140000000000124e-47
1.682500000000000000e+02 2.452430000000000162e-47
1.685000000000000000e+02 2.450650000000000008e-47
1.687500000000000000e+02 2.448780000000000163e-47
1.690000000000000000e+02 2.447019999999999994e-47
1.692500000000000000e+02 2.445279999999999811e-47
1.695000000000000000e+02 2.443689999999999761e-47
1.697500000000000000e+02 2.441999999999999784e-47
1.700000000000000000e+02 2.440200000000000131e-47
1.702500000000000000e+02 2.438579999999999860e-47
1.705000000000000000e+02 2.436809999999999942e-47
1.707500000000000000e+02 2.434880000000000141e-47
1.710000000000000000e+02 2.433319999999999826e-47
1.712500000000000000e+02 2.431520000000000173e-47
1.715000000000000000e+02 2.429939999999999872e-47
1.717500000000000000e+02 2.428400000000000029e-47
1.720000000000000000e+02 2.426789999999999993e-47
1.722500000000000000e+02 2.425109999999999766e-47
1.725000000000000000e+02 2.423520000000000202e-47
1.727500000000000000e+02 2.421870000000000196e-47
1.730000000000000000e+02 2.420409999999999808e-47
1.732500000000000000e+02 2.418699999999999846e-47
1.735000000000000000e+02 2.417199999999999973e-47
1.737500000000000000e+02 2.415450000000000040e-47
1.740000000000000000e+02 2.413999999999999887e-47
1.742500000000000000e+02 2.412520000000000000e-47
1.745000000000000000e+02 2.411040000000000112e-47
1.747500000000000000e+02 2.409279999999999943e-47
1.750000000000000000e+02 2.407549999999999996e-47
1.752500000000000000e+02 2.406199999999999770e-47
1.755000000000000000e+02 2.404599999999999970e-47
1.757500000000000000e+02 2.403009999999999920e-47
1.760000000000000000e+02 2.401600000000000224e-47
1.762500000000000000e+02 2.400230000000000013e-47
1.765000000000000000e+02 2.398739999999999890e-47
1.767500000000000000e+02 2.397459999999999855e-47
1.770000000000000000e+02 2.395920000000000012e-47
1.772500000000000000e+02 2.394349999999999947e-47
1.775000000000000000e+02 2.392919999999999780e-47
1.777500000000000000e+02 2.391419999999999907e-47
1.780000000000000000e+02 2.389869999999999827e-47
1.782500000000000000e+02 2.388629999999999764e-47
1.785000000000000000e+02 2.387439999999999907e-47
1.787500000000000000e+02 2.385920000000000049e-47
1.790000000000000000e+02 2.384609999999999793e-47
1.792500000000000000e+02 2.383320000000000009e-47
1.795000000000000000e+02 2.381969999999999784e-47
1.797500000000000000e+02 2.380739999999999956e-47
1.800000000000000000e+02 2.379550000000000099e-47
1.802500000000000000e+02 2.378210000000000108e-47
1.805000000000000000e+02 2.377049999999999986e-47
1.807500000000000000e+02 2.375749999999999967e-47
1.810000000000000000e+02 2.374600000000000080e-47
1.812500000000000000e+02 2.373430000000000209e-47
1.815000000000000000e+02 2.372279999999999836e-47
1.817500000000000000e+02 2.370959999999999831e-47
1.820000000000000000e+02 2.369800000000000195e-47
1.822500000000000000e+02 2.368620000000000088e-47
1.825000000000000000e+02 2.367510000000000172e-47
1.827500000000000000e+02 2.366250000000000123e-47
1.830000000000000000e+02 2.365120000000000222e-47
1.832500000000000000e+02 2.363889999999999908e-47
1.835000000000000000e+02 2.362790000000000228e-47
1.837500000000000000e+02 2.361570000000000150e-47
1.840000000000000000e+02 2.360370000000000057e-47
1.842500000000000000e+02 2.359160000000000215e-47
1.845000000000000000e+02 2.357989999999999857e-47
1.847500000000000000e+02 2.356930000000000148e-47
1.850000000000000000e+02 2.355599999999999907e-47
1.852500000000000000e+02 2.354729999999999815e-47
1.855000000000000000e+02 2.353630000000000136e-47
1.857500000000000000e+02 2.352489999999999999e-47
1.860000000000000000e+02 2.351349999999999862e-47
1.862500000000000000e+02 2.350040000000000093e-47
1.865000000000000000e+02 2.348930000000000177e-47
1.867500000000000000e+02 2.347819999999999775e-47
1.870000000000000000e+02 2.346649999999999903e-47
1.872500000000000000e+02 2.345659999999999900e-47
1.875000000000000000e+02 2.344729999999999852e-47
1.877500000000000000e+02 2.343750000000000084e-47
1.880000000000000000e+02 2.342680000000000139e-47
1.882500000000000000e+02 2.341679999999999900e-47
1.885000000000000000e+02 2.340729999999999867e-47
1.887500000000000000e+02 2.339630000000000187e-47
1.890000000000000000e+02 2.338519999999999785e-47
1.892500000000000000e+02 2.337480000000000061e-47
1.895000000000000000e+02 2.336609999999999970e-47
1.897500000000000000e+02 2.335630000000000202e-47
1.900000000000000000e+02 2.334539999999999785e-47
1.902500000000000000e+02 2.333590000000000238e-47
1.905000000000000000e+02 2.332510000000000057e-47
1.907500000000000000e+02 2.331349999999999935e-47
1.910000000000000000e+02 2.330089999999999886e-47
1.912500000000000000e+02 2.328920000000000015e-47
1.915000000000000000e+02 2.327790000000000114e-47
1.917500000000000000e+02 2.326780000000000125e-47
1.920000000000000000e+02 2.325650000000000224e-47
1.922500000000000000e+02 2.324929999999999779e-47
1.925000000000000000e+02 2.324009999999999967e-47
1.927500000000000000e+02 2.323030000000000199e-47
1.930000000000000000e+02 2.321980000000000240e-47
1.932500000000000000e+02 2.321079999999999927e-47
1.935000000000000000e+02 2.320129999999999894e-47
1.937500000000000000e+02 2.319059999999999949e-47
1.940000000000000000e+02 2.318160000000000122e-47
1.942500000000000000e+02 2.317210000000000089e-47
1.945000000000000000e+02 2.316120000000000159e-47
1.947500000000000000e+02 2.315259999999999817e-47
1.950000000000000000e+02 2.314430000000000182e-47
1.952500000000000000e+02 2.313380000000000223e-47
1.955000000000000000e+02 2.312399999999999968e-47
1.957500000000000000e+02 2.311730000000000216e-47
1.960000000000000000e+02 2.310849999999999889e-47
1.962500000000000000e+02 2.309660000000000032e-47
1.965000000000000000e+02 2.308749999999999970e-47
1.967500000000000000e+02 2.307870000000000129e-47
1.970000000000000000e+02 2.307059999999999993e-47
1.972500000000000000e+02 2.305959999999999827e-47
1.975000000000000000e+02 2.304960000000000074e-47
1.977500000000000000e+02 2.304069999999999997e-47
1.980000000000000000e+02 2.303230000000000126e-47
1.982500000000000000e+02 2.302249999999999872e-47
1.985000000000000000e+02 2.301569999999999884e-47
1.987500000000000000e+02 2.300780000000000220e-47
1.990000000000000000e+02 2.299970000000000085e-47
1.992500000000000000e+02 2.299210000000000155e-47
1.995000000000000000e+02 2.298349999999999813e-47
1.997500000000000000e+02 2.297549999999999914e-47
2.000000000000000000e+02 2.296860000000000176e-47
2.002500000000000000e+02 2.296109999999999997e-47
2.005000000000000000e+02 2.295170000000000199e-47
2.007500000000000000e+02 2.294369999999999813e-47
2.010000000000000000e+02 2.293689999999999826e-47
2.012500000000000000e+02 2.292909999999999911e-47
2.015000000000000000e+02 2.291919999999999908e-47
2.017500000000000000e+02 2.291100000000000022e-47
2.020000000000000000e+02 2.290269999999999901e-47
2.022500000000000000e+02 2.289359999999999839e-47
2.025000000000000000e+02 2.288530000000000204e-47
2.027500000000000000e+02 2.287540000000000201e-47
2.030000000000000000e+02 2.286719999999999829e-47
2.032500000000000000e+02 2.285970000000000136e-47
2.035000000000000000e+02 2.284799999999999778e-47
2.037500000000000000e+02 2.283930000000000173e-47
2.040000000000000000e+02 2.283210000000000214e-47
2.042500000000000000e+02 2.282380000000000093e-47
2.045000000000000000e+02 2.281689999999999870e-47
2.047500000000000000e+02 2.280920000000000191e-47
2.050000000000000000e+02 2.279959999999999922e-47
2.052500000000000000e+02 2.279419999999999832e-47
2.055000000000000000e+02 2.278839999999999771e-47
2.057500000000000000e+02 2.278059999999999856e-47
2.060000000000000000e+02 2.277160000000000030e-47
2.062500000000000000e+02 2.276159999999999790e-47
2.065000000000000000e+02 2.275419999999999847e-47
2.067500000000000000e+02 2.274779999999999829e-47
2.070000000000000000e+02 2.273910000000000224e-47
2.072500000000000000e+02 2.273230000000000236e-47
2.075000000000000000e+02 2.272449999999999836e-47
2.077500000000000000e+02 2.271760000000000098e-47
2.080000000000000000e+02 2.271310000000000185e-47
2.082500000000000000e+02 2.270650000000000183e-47
2.085000000000000000e+02 2.269789999999999841e-47
2.087500000000000000e+02 2.268899999999999764e-47
2.090000000000000000e+02 2.267860000000000040e-47
2.092500000000000000e+02 2.266960000000000213e-47
2.095000000000000000e+02 2.266170000000000063e-47
2.097500000000000000e+02 2.265209999999999794e-47
2.100000000000000000e+02 2.264429999999999880e-47
2.102500000000000000e+02 2.263579999999999773e-47
2.105000000000000000e+02 2.262600000000000005e-47
2.107500000000000000e+02 2.261709999999999929e-47
2.110000000000000000e+02 2.260730000000000161e-47
2.112500000000000000e+02 2.259840000000000084e-47
2.115000000000000000e+02 2.259109999999999889e-47
2.117500000000000000e+02 2.258219999999999813e-47
2.120000000000000000e+02 2.257249999999999794e-47
2.122500000000000000e+02 2.256349999999999968e-47
2.125000000000000000e+02 2.255530000000000082e-47
2.127500000000000000e+02 2.254850000000000095e-47
2.130000000000000000e+02 2.253809999999999885e-47
2.132500000000000000e+02 2.252859999999999852e-47
2.135000000000000000e+02 2.251949999999999789e-47
2.137500000000000000e+02 2.251000000000000243e-47
2.140000000000000000e+02 2.250039999999999974e-47
2.142500000000000000e+02 2.249009999999999999e-47
2.145000000000000000e+02 2.247989999999999775e-47
2.147500000000000000e+02 2.246970000000000036e-47
2.150000000000000000e+02 2.245960000000000047e-47
2.152500000000000000e+02 2.245010000000000014e-47
2.155000000000000000e+02 2.243849999999999892e-47
2.157500000000000000e+02 2.242890000000000109e-47
2.160000000000000000e+02 2.241909999999999855e-47
2.162500000000000000e+02 2.240790000000000190e-47
2.165000000000000000e+02 2.239679999999999788e-47
2.167500000000000000e+02 2.238540000000000138e-47
2.170000000000000000e+02 2.237389999999999765e-47
2.172500000000000000e+02 2.236170000000000173e-47
2.175000000000000000e+02 2.235140000000000199e-47
2.177500000000000000e+02 2.234159999999999945e-47
2.180000000000000000e+02 2.233070000000000014e-47
2.182500000000000000e+02 2.231880000000000157e-47
2.185000000000000000e+02 2.230720000000000035e-47
2.187500000000000000e+02 2.229639999999999854e-47
2.190000000000000000e+02 2.228649999999999851e-47
2.192500000000000000e+02 2.227679999999999832e-47
2.195000000000000000e+02 2.226460000000000240e-47
2.197500000000000000e+02 2.225490000000000222e-47
2.200000000000000000e+02 2.224450000000000012e-47
2.202500000000000000e+02 2.223320000000000111e-47
2.205000000000000000e+02 2.222089999999999797e-47
2.207500000000000000e+02 2.220899999999999940e-47
2.210000000000000000e+02 2.219519999999999979e-47
2.212500000000000000e+02 2.218290000000000151e-47
2.215000000000000000e+02 2.216919999999999940e-47
2.217500000000000000e+02 2.215500000000000008e-47
2.220000000000000000e+02 2.214359999999999871e-47
2.222500000000000000e+02 2.213119999999999808e-47
2.225000000000000000e+02 2.211810000000000039e-47
2.227500000000000000e+02 2.210299999999999930e-47
2.230000000000000000e+02 2.209190000000000014e-47
2.232500000000000000e+02 2.207819999999999803e-47
2.235000000000000000e+02 2.206419999999999857e-47
2.237500000000000000e+02 2.205070000000000117e-47
2.240000000000000000e+02 2.203850000000000039e-47
2.242500000000000000e+02 2.202539999999999784e-47
2.245000000000000000e+02 2.201030000000000161e-47
2.247500000000000000e+02 2.199819999999999832e-47
2.250000000000000000e+02 2.198330000000000195e-47
2.252500000000000000e+02 2.197019999999999940e-47
2.255000000000000000e+02 2.195500000000000082e-47
2.257500000000000000e+02 2.194120000000000121e-47
2.260000000000000000e+02 2.192749999999999909e-47
2.262500000000000000e+02 2.191560000000000052e-47
2.265000000000000000e+02 2.190539999999999828e-47
2.267500000000000000e+02 2.188940000000000028e-47
2.270000000000000000e+02 2.187659999999999994e-47
2.272500000000000000e+02 2.186399999999999945e-47
2.275000000000000000e+02 2.184920000000000057e-47
2.277500000000000000e+02 2.183590000000000060e-47
2.280000000000000000e+02 2.182389999999999967e-47
2.282500000000000000e+02 2.180920000000000072e-47
2.285000000000000000e+02 2.179260000000000073e-47
2.287500000000000000e+02 2.178089999999999958e-47
2.290000000000000000e+02 2.176819999999999917e-47
2.292500000000000000e+02 2.175300000000000059e-47
2.295000000000000000e+02 2.174050000000000002e-47
2.297500000000000000e+02 2.172149999999999937e-47
2.300000000000000000e+02 2.170739999999999998e-47
2.302500000000000000e+02 2.169169999999999933e-47
2.305000000000000000e+02 2.167600000000000111e-47
2.307500000000000000e+02 2.166050000000000032e-47
2.310000000000000000e+02 2.164579999999999894e-47
2.312500000000000000e+02 2.163159999999999962e-47
2.315000000000000000e+02 2.161300000000000110e-47
2.317500000000000000e+02 2.159949999999999884e-47
2.320000000000000000e+02 2.158130000000000003e-47
2.322500000000000000e+02 2.156090000000000039e-47
2.325000000000000000e+02 2.154249999999999929e-47
2.327500000000000000e+02 2.152299999999999900e-47
2.330000000000000000e+02 2.149999999999999884e-47
2.332500000000000000e+02 2.148130000000000039e-47
2.335000000000000000e+02 2.145959999999999928e-47
2.337500000000000000e+02 2.144040000000000120e-47
2.340000000000000000e+02 2.141790000000000067e-47
2.342500000000000000e+02 2.139939999999999965e-47
2.345000000000000000e+02 2.137929999999999980e-47
2.347500000000000000e+02 2.135900000000000009e-47
2.350000000000000000e+02 2.133870000000000038e-47
2.352500000000000000e+02 2.131629999999999978e-47
2.355000000000000000e+02 2.129659999999999964e-47
2.357500000000000000e+02 2.127230000000000043e-47
2.360000000000000000e+02 2.125230000000000050e-47
2.362500000000000000e+02 2.123029999999999961e-47
2.365000000000000000e+02 2.121240000000000058e-47
2.367500000000000000e+02 2.119079999999999939e-47
2.370000000000000000e+02 2.117210000000000094e-47
2.372500000000000000e+02 2.115039999999999983e-47
2.375000000000000000e+02 2.113079999999999961e-47
2.377500000000000000e+02 2.110890000000000108e-47
2.380000000000000000e+02 2.108950000000000071e-47
2.382500000000000000e+02 2.107000000000000042e-47
2.385000000000000000e+02 2.104859999999999909e-47
2.387500000000000000e+02 2.102449999999999974e-47
2.390000000000000000e+02 2.100229999999999899e-47
2.392500000000000000e+02 2.097970000000000097e-47
2.395000000000000000e+02 2.095680000000000074e-47
2.397500000000000000e+02 2.093420000000000029e-47
2.400000000000000000e+02 2.091279999999999896e-47
2.402500000000000000e+02 2.089070000000000057e-47
2.405000000000000000e+02 2.086569999999999944e-47
2.407500000000000000e+02 2.084209999999999973e-47
2.410000000000000000e+02 2.081579999999999955e-47
2.412500000000000000e+02 2.079190000000000006e-47
2.415000000000000000e+02 2.076770000000000078e-47
2.417500000000000000e+02 2.073740000000000111e-47
2.420000000000000000e+02 2.071190000000000035e-47
2.422500000000000000e+02 2.068669999999999937e-47
2.425000000000000000e+02 2.065989999999999957e-47
2.427500000000000000e+02 2.063419999999999896e-47
2.430000000000000000e+02 2.060679999999999959e-47
2.432500000000000000e+02 2.058129999999999884e-47
2.435000000000000000e+02 2.055230000000000064e-47
2.437500000000000000e+02 2.052170000000000119e-47
2.440000000000000000e+02 2.049000000000000012e-47
2.442500000000000000e+02 2.046439999999999944e-47
2.445000000000000000e+02 2.042169999999999913e-47
2.447500000000000000e+02 2.035260000000000116e-47
2.450000000000000000e+02 2.024700000000000077e-47
2.452500000000000000e+02 2.009100000000000086e-47
2.455000000000000000e+02 1.987270000000000042e-47
2.457500000000000000e+02 1.958269999999999905e-47
2.460000000000000000e+02 1.919999999999999999e-47
2.462500000000000000e+02 1.873589999999999983e-47
2.465000000000000000e+02 1.817859999999999990e-47
2.467500000000000000e+02 1.755659999999999878e-47
2.470000000000000000e+02 1.685569999999999958e-47
2.472500000000000000e+02 1.615689999999999884e-47
2.475000000000000000e+02 1.515010000000000021e-47
2.477500000000000000e+02 1.406339999999999936e-47
2.480000000000000000e+02 1.296090000000000037e-47
2.482500000000000000e+02 1.185389999999999982e-47
2.485000000000000000e+02 1.075070000000000012e-47
2.487500000000000000e+02 9.693219999999999494e-48
2.490000000000000000e+02 8.720550000000000394e-48
2.492500000000000000e+02 7.833370000000000137e-48
2.495000000000000000e+02 7.030550000000000523e-48
2.497500000000000000e+02 6.302329999999999711e-48
2.500000000000000000e+02 5.664580000000000412e-48
2.502500000000000000e+02 5.113520000000000291e-48
2.505000000000000000e+02 4.664180000000000123e-48
2.507500000000000000e+02 4.311120000000000126e-48
2.510000000000000000e+02 4.051109999999999994e-48
2.512500000000000000e+02 3.886800000000000216e-48
2.515000000000000000e+02 3.818770000000000001e-48
2.517500000000000000e+02 3.845139999999999878e-48
2.520000000000000000e+02 3.974650000000000246e-48
2.522500000000000000e+02 4.220950000000000217e-48
2.525000000000000000e+02 4.599710000000000216e-48
2.527500000000000000e+02 5.145769999999999747e-48
2.530000000000000000e+02 5.877449999999999725e-48
2.532500000000000000e+02 6.838810000000000551e-48
2.535000000000000000e+02 8.144260000000000291e-48
2.537500000000000000e+02 9.862110000000000413e-48
2.540000000000000000e+02 1.211850000000000035e-47
2.542500000000000000e+02 1.516940000000000065e-47
2.545000000000000000e+02 1.921349999999999982e-47
2.547500000000000000e+02 2.457910000000000035e-47
2.550000000000000000e+02 3.176750000000000186e-47
2.552500000000000000e+02 4.126719999999999880e-47
