0.000000000000000000e+00 5.000000000000000000e-01
2.500000000000000000e-01 5.000000000000000000e-01
5.000000000000000000e-01 5.000000000000000000e-01
7.500000000000000000e-01 5.000000000000000000e-01
1.000000000000000000e+00 5.000000000000000000e-01
1.250000000000000000e+00 5.000000000000000000e-01
1.500000000000000000e+00 5.000000000000000000e-01
1.750000000000000000e+00 5.000000000000000000e-01
2.000000000000000000e+00 5.000000000000000000e-01
2.250000000000000000e+00 5.000000000000000000e-01
2.500000000000000000e+00 5.000000000000000000e-01
2.750000000000000000e+00 5.000000000000000000e-01
3.000000000000000000e+00 5.000000000000000000e-01
3.250000000000000000e+00 5.000000000000000000e-01
3.500000000000000000e+00 5.000000000000000000e-01
3.750000000000000000e+00 5.000000000000000000e-01
4.000000000000000000e+00 5.000000000000000000e-01
4.250000000000000000e+00 5.000000000000000000e-01
4.500000000000000000e+00 5.000000000000000000e-01
4.750000000000000000e+00 5.000000000000000000e-01
5.000000000000000000e+00 5.000000000000000000e-01
5.250000000000000000e+00 5.000000000000000000e-01
5.500000000000000000e+00 5.000000000000000000e-01
5.750000000000000000e+00 5.000000000000000000e-01
6.000000000000000000e+00 5.000000000000000000e-01
6.250000000000000000e+00 5.000000000000000000e-01
6.500000000000000000e+00 5.000000000000000000e-01
6.750000000000000000e+00 5.000000000000000000e-01
7.000000000000000000e+00 5.000000000000000000e-01
7.250000000000000000e+00 5.000000000000000000e-01
7.500000000000000000e+00 5.000000000000000000e-01
7.750000000000000000e+00 5.000000000000000000e-01
8.000000000000000000e+00 5.000000000000000000e-01
8.250000000000000000e+00 5.000000000000000000e-01
8.500000000000000000e+00 5.000000000000000000e-01
8.750000000000000000e+00 5.000000000000000000e-01
9.000000000000000000e+00 5.000000000000000000e-01
9.250000000000000000e+00 5.000000000000000000e-01
9.500000000000000000e+00 5.000000000000000000e-01
9.750000000000000000e+00 5.000000000000000000e-01
1.000000000000000000e+01 5.000000000000000000e-01
1.025000000000000000e+01 5.000000000000000000e-01
1.050000000000000000e+01 5.000000000000000000e-01
1.075000000000000000e+01 5.000000000000000000e-01
1.100000000000000000e+01 5.000000000000000000e-01
1.125000000000000000e+01 5.000000000000000000e-01
1.150000000000000000e+01 5.000000000000000000e-01
1.175000000000000000e+01 5.000000000000000000e-01
1.200000000000000000e+01 5.000000000000000000e-01
1.225000000000000000e+01 5.000000000000000000e-01
1.250000000000000000e+01 5.000000000000000000e-01
1.275000000000000000e+01 5.000000000000000000e-01
1.300000000000000000e+01 5.000000000000000000e-01
1.325000000000000000e+01 5.000000000000000000e-01
1.350000000000000000e+01 5.000000000000000000e-01
1.375000000000000000e+01 5.000000000000000000e-01
1.400000000000000000e+01 5.000000000000000000e-01
1.425000000000000000e+01 5.000000000000000000e-01
1.450000000000000000e+01 5.000000000000000000e-01
1.475000000000000000e+01 5.000000000000000000e-01
1.500000000000000000e+01 5.000000000000000000e-01
1.525000000000000000e+01 5.000000000000000000e-01
1.550000000000000000e+01 5.000000000000000000e-01
1.575000000000000000e+01 5.000000000000000000e-01
1.600000000000000000e+01 7.211639999999999608e-44
1.625000000000000000e+01 6.405759999999999535e-44
1.650000000000000000e+01 5.684210000000000053e-44
1.675000000000000000e+01 5.052180000000000068e-44
1.700000000000000000e+01 4.492909999999999503e-44
1.725000000000000000e+01 3.991090000000000063e-44
1.750000000000000000e+01 3.546150000000000021e-44
1.775000000000000000e+01 3.151030000000000169e-44
1.800000000000000000e+01 2.800899999999999836e-44
1.825000000000000000e+01 2.487410000000000124e-44
1.850000000000000000e+01 2.214839999999999986e-44
1.875000000000000000e+01 1.973709999999999940e-44
1.900000000000000000e+01 1.759559999999999920e-44
1.925000000000000000e+01 1.571459999999999964e-44
1.950000000000000000e+01 1.403499999999999968e-44
1.975000000000000000e+01 1.255809999999999889e-44
2.000000000000000000e+01 1.123620000000000091e-44
2.025000000000000000e+01 1.006860000000000032e-44
2.050000000000000000e+01 9.038130000000000137e-45
2.075000000000000000e+01 8.121360000000000458e-45
2.100000000000000000e+01 7.318620000000000367e-45
2.125000000000000000e+01 6.605259999999999933e-45
2.150000000000000000e+01 5.965129999999999588e-45
2.175000000000000000e+01 5.400929999999999783e-45
2.200000000000000000e+01 4.898659999999999811e-45
2.225000000000000000e+01 4.452229999999999829e-45
2.250000000000000000e+01 4.049029999999999754e-45
2.275000000000000000e+01 3.685450000000000180e-45
2.300000000000000000e+01 3.358559999999999764e-45
2.325000000000000000e+01 3.067099999999999954e-45
2.350000000000000000e+01 2.805730000000000133e-45
2.375000000000000000e+01 2.568179999999999909e-45
2.400000000000000000e+01 2.352070000000000151e-45
2.425000000000000000e+01 2.159229999999999955e-45
2.450000000000000000e+01 1.982479999999999974e-45
2.475000000000000000e+01 1.823340000000000106e-45
2.500000000000000000e+01 1.679740000000000109e-45
2.525000000000000000e+01 1.549210000000000109e-45
2.550000000000000000e+01 1.430609999999999951e-45
2.575000000000000000e+01 1.323109999999999923e-45
2.600000000000000000e+01 1.225139999999999940e-45
2.625000000000000000e+01 1.136009999999999973e-45
2.650000000000000000e+01 1.054800000000000036e-45
2.675000000000000000e+01 9.811769999999999679e-46
2.700000000000000000e+01 9.140529999999999450e-46
2.725000000000000000e+01 8.530069999999999888e-46
2.750000000000000000e+01 7.969219999999999699e-46
2.775000000000000000e+01 7.458550000000000361e-46
2.800000000000000000e+01 6.994259999999999798e-46
2.825000000000000000e+01 6.571749999999999631e-46
2.850000000000000000e+01 6.184440000000000112e-46
2.875000000000000000e+01 5.824119999999999724e-46
2.900000000000000000e+01 5.493079999999999656e-46
2.925000000000000000e+01 5.187179999999999734e-46
2.950000000000000000e+01 4.905889999999999812e-46
2.975000000000000000e+01 4.649339999999999939e-46
3.000000000000000000e+01 4.415059999999999934e-46
3.025000000000000000e+01 4.194480000000000292e-46
3.050000000000000000e+01 3.994550000000000246e-46
3.075000000000000000e+01 3.806690000000000347e-46
3.100000000000000000e+01 3.631560000000000016e-46
3.125000000000000000e+01 3.467039999999999832e-46
3.150000000000000000e+01 3.311880000000000178e-46
3.175000000000000000e+01 3.165710000000000012e-46
3.200000000000000000e+01 3.030330000000000155e-46
3.225000000000000000e+01 2.901190000000000002e-46
3.250000000000000000e+01 2.779139999999999854e-46
3.275000000000000000e+01 2.665790000000000039e-46
3.300000000000000000e+01 2.558290000000000167e-46
3.325000000000000000e+01 2.458169999999999844e-46
3.350000000000000000e+01 2.363360000000000151e-46
3.375000000000000000e+01 2.273869999999999864e-46
3.400000000000000000e+01 2.189459999999999939e-46
3.425000000000000000e+01 2.110050000000000043e-46
3.450000000000000000e+01 2.035269999999999914e-46
3.475000000000000000e+01 1.964940000000000170e-46
3.500000000000000000e+01 1.898710000000000046e-46
3.525000000000000000e+01 1.835520000000000028e-46
3.550000000000000000e+01 1.775580000000000107e-46
3.575000000000000000e+01 1.718949999999999948e-46
3.600000000000000000e+01 1.665640000000000078e-46
3.625000000000000000e+01 1.615079999999999991e-46
3.650000000000000000e+01 1.567310000000000047e-46
3.675000000000000000e+01 1.521999999999999954e-46
3.700000000000000000e+01 1.479230000000000040e-46
3.725000000000000000e+01 1.438269999999999918e-46
3.750000000000000000e+01 1.399690000000000094e-46
3.775000000000000000e+01 1.363209999999999995e-46
3.800000000000000000e+01 1.328949999999999921e-46
3.825000000000000000e+01 1.296250000000000066e-46
3.850000000000000000e+01 1.264669999999999972e-46
3.875000000000000000e+01 1.234860000000000089e-46
3.900000000000000000e+01 1.206360000000000072e-46
3.925000000000000000e+01 1.179299999999999972e-46
3.950000000000000000e+01 1.153740000000000037e-46
3.975000000000000000e+01 1.129610000000000075e-46
4.000000000000000000e+01 1.106339999999999968e-46
4.025000000000000000e+01 1.083749999999999946e-46
4.050000000000000000e+01 1.062600000000000036e-46
4.075000000000000000e+01 1.042720000000000022e-46
4.100000000000000000e+01 1.023579999999999951e-46
4.125000000000000000e+01 1.005670000000000000e-46
4.150000000000000000e+01 9.882619999999999237e-47
4.175000000000000000e+01 9.711889999999999180e-47
4.200000000000000000e+01 9.545719999999999671e-47
4.225000000000000000e+01 9.387830000000000900e-47
4.250000000000000000e+01 9.240349999999999118e-47
4.275000000000000000e+01 9.099009999999999156e-47
4.300000000000000000e+01 8.957729999999999635e-47
4.325000000000000000e+01 8.822739999999999151e-47
4.350000000000000000e+01 8.691290000000000448e-47
4.375000000000000000e+01 8.565920000000000206e-47
4.400000000000000000e+01 8.443119999999999782e-47
4.425000000000000000e+01 8.325170000000000422e-47
4.450000000000000000e+01 8.208629999999999785e-47
4.475000000000000000e+01 8.097849999999999788e-47
4.500000000000000000e+01 7.989599999999999639e-47
4.525000000000000000e+01 7.884700000000000194e-47
4.550000000000000000e+01 7.780900000000000429e-47
4.575000000000000000e+01 7.679769999999999923e-47
4.600000000000000000e+01 7.581290000000000149e-47
4.625000000000000000e+01 7.484560000000000307e-47
4.650000000000000000e+01 7.390339999999999841e-47
4.675000000000000000e+01 7.297239999999999527e-47
4.700000000000000000e+01 7.205819999999999925e-47
4.725000000000000000e+01 7.116650000000000377e-47
4.750000000000000000e+01 7.027890000000000285e-47
4.775000000000000000e+01 6.940960000000000067e-47
4.800000000000000000e+01 6.858480000000000233e-47
4.825000000000000000e+01 6.774899999999999748e-47
4.850000000000000000e+01 6.696309999999999737e-47
4.875000000000000000e+01 6.617900000000000081e-47
4.900000000000000000e+01 6.538279999999999610e-47
4.925000000000000000e+01 6.461910000000000404e-47
4.950000000000000000e+01 6.387149999999999774e-47
4.975000000000000000e+01 6.312340000000000396e-47
5.000000000000000000e+01 6.239629999999999965e-47
5.025000000000000000e+01 6.167059999999999918e-47
5.050000000000000000e+01 6.097820000000000105e-47
5.075000000000000000e+01 6.027389999999999947e-47
5.100000000000000000e+01 5.958939999999999798e-47
5.125000000000000000e+01 5.892220000000000082e-47
5.150000000000000000e+01 5.827440000000000402e-47
5.175000000000000000e+01 5.762079999999999689e-47
5.200000000000000000e+01 5.699000000000000222e-47
5.225000000000000000e+01 5.637380000000000171e-47
5.250000000000000000e+01 5.577960000000000453e-47
5.275000000000000000e+01 5.517259999999999728e-47
5.300000000000000000e+01 5.458929999999999939e-47
5.325000000000000000e+01 5.401309999999999874e-47
5.350000000000000000e+01 5.344469999999999723e-47
5.375000000000000000e+01 5.288749999999999723e-47
5.400000000000000000e+01 5.234560000000000304e-47
5.425000000000000000e+01 5.180980000000000194e-47
5.450000000000000000e+01 5.126369999999999624e-47
5.475000000000000000e+01 5.074139999999999741e-47
5.500000000000000000e+01 5.021930000000000329e-47
5.525000000000000000e+01 4.970680000000000213e-47
5.550000000000000000e+01 4.921549999999999516e-47
5.575000000000000000e+01 4.872889999999999690e-47
5.600000000000000000e+01 4.825629999999999810e-47
5.625000000000000000e+01 4.779330000000000198e-47
5.650000000000000000e+01 4.733409999999999823e-47
5.675000000000000000e+01 4.688329999999999803e-47
5.700000000000000000e+01 4.643209999999999813e-47
5.725000000000000000e+01 4.599280000000000167e-47
5.750000000000000000e+01 4.556079999999999742e-47
5.775000000000000000e+01 4.513860000000000057e-47
5.800000000000000000e+01 4.472610000000000391e-47
5.825000000000000000e+01 4.432209999999999859e-47
5.850000000000000000e+01 4.392390000000000360e-47
5.875000000000000000e+01 4.353470000000000202e-47
5.900000000000000000e+01 4.314849999999999823e-47
5.925000000000000000e+01 4.277629999999999877e-47
5.950000000000000000e+01 4.240409999999999931e-47
5.975000000000000000e+01 4.203969999999999900e-47
6.000000000000000000e+01 4.168329999999999768e-47
6.025000000000000000e+01 4.133210000000000228e-47
6.050000000000000000e+01 4.098159999999999907e-47
6.075000000000000000e+01 4.064100000000000075e-47
6.100000000000000000e+01 4.030659999999999790e-47
6.125000000000000000e+01 3.997490000000000036e-47
6.150000000000000000e+01 3.964839999999999900e-47
6.175000000000000000e+01 3.933360000000000123e-47
6.200000000000000000e+01 3.901930000000000066e-47
6.225000000000000000e+01 3.871330000000000129e-47
6.250000000000000000e+01 3.841300000000000018e-47
6.275000000000000000e+01 3.811829999999999983e-47
6.300000000000000000e+01 3.783010000000000201e-47
6.325000000000000000e+01 3.753680000000000063e-47
6.350000000000000000e+01 3.725259999999999987e-47
6.375000000000000000e+01 3.698050000000000241e-47
6.400000000000000000e+01 3.670149999999999784e-47
6.425000000000000000e+01 3.642829999999999874e-47
6.450000000000000000e+01 3.616630000000000117e-47
6.475000000000000000e+01 3.590190000000000048e-47
6.500000000000000000e+01 3.564310000000000056e-47
6.525000000000000000e+01 3.539240000000000199e-47
6.550000000000000000e+01 3.514809999999999873e-47
6.575000000000000000e+01 3.490120000000000224e-47
6.600000000000000000e+01 3.465479999999999809e-47
6.625000000000000000e+01 3.441760000000000178e-47
6.650000000000000000e+01 3.418629999999999871e-47
6.675000000000000000e+01 3.395119999999999843e-47
6.700000000000000000e+01 3.372610000000000055e-47
6.725000000000000000e+01 3.349549999999999940e-47
6.750000000000000000e+01 3.327109999999999857e-47
6.775000000000000000e+01 3.304620000000000054e-47
6.800000000000000000e+01 3.283229999999999931e-47
6.825000000000000000e+01 3.262339999999999927e-47
6.850000000000000000e+01 3.241270000000000056e-47
6.875000000000000000e+01 3.220479999999999979e-47
6.900000000000000000e+01 3.199660000000000167e-47
6.925000000000000000e+01 3.179900000000000065e-47
6.950000000000000000e+01 3.160170000000000183e-47
6.975000000000000000e+01 3.140629999999999920e-47
7.000000000000000000e+01 3.121150000000000098e-47
7.025000000000000000e+01 3.102450000000000191e-47
7.050000000000000000e+01 3.083640000000000122e-47
7.075000000000000000e+01 3.065220000000000009e-47
7.100000000000000000e+01 3.046979999999999765e-47
7.125000000000000000e+01 3.029380000000000024e-47
7.150000000000000000e+01 3.011309999999999899e-47
7.175000000000000000e+01 2.993980000000000203e-47
7.200000000000000000e+01 2.977059999999999964e-47
7.225000000000000000e+01 2.960349999999999813e-47
7.250000000000000000e+01 2.943470000000000031e-47
7.275000000000000000e+01 2.927029999999999926e-47
7.300000000000000000e+01 2.910759999999999940e-47
7.325000000000000000e+01 2.895019999999999808e-47
7.350000000000000000e+01 2.879460000000000030e-47
7.375000000000000000e+01 2.863980000000000194e-47
7.400000000000000000e+01 2.848419999999999930e-47
7.425000000000000000e+01 2.833000000000000050e-47
7.450000000000000000e+01 2.817919999999999921e-47
7.475000000000000000e+01 2.803310000000000176e-47
7.500000000000000000e+01 2.788930000000000020e-47
7.525000000000000000e+01 2.774699999999999997e-47
7.550000000000000000e+01 2.760700000000000048e-47
7.575000000000000000e+01 2.746890000000000204e-47
7.600000000000000000e+01 2.733409999999999874e-47
7.625000000000000000e+01 2.720160000000000105e-47
7.650000000000000000e+01 2.706960000000000056e-47
7.675000000000000000e+01 2.693609999999999874e-47
7.700000000000000000e+01 2.680810000000000018e-47
7.725000000000000000e+01 2.668230000000000001e-47
7.750000000000000000e+01 2.655979999999999986e-47
7.775000000000000000e+01 2.643789999999999926e-47
7.800000000000000000e+01 2.631749999999999999e-47
7.825000000000000000e+01 2.619929999999999911e-47
7.850000000000000000e+01 2.608009999999999897e-47
7.875000000000000000e+01 2.596709999999999914e-47
7.900000000000000000e+01 2.585360000000000211e-47
7.925000000000000000e+01 2.574249999999999846e-47
7.950000000000000000e+01 2.563399999999999776e-47
7.975000000000000000e+01 2.552639999999999884e-47
8.000000000000000000e+01 2.541990000000000154e-47
8.025000000000000000e+01 2.531539999999999791e-47
8.050000000000000000e+01 2.521040000000000194e-47
8.075000000000000000e+01 2.510839999999999891e-47
8.100000000000000000e+01 2.500660000000000060e-47
8.125000000000000000e+01 2.490660000000000097e-47
8.150000000000000000e+01 2.480899999999999957e-47
8.175000000000000000e+01 2.471190000000000025e-47
8.200000000000000000e+01 2.461839999999999828e-47
8.225000000000000000e+01 2.452749999999999927e-47
8.250000000000000000e+01 2.443879999999999865e-47
8.275000000000000000e+01 2.434530000000000154e-47
8.300000000000000000e+01 2.425769999999999769e-47
8.325000000000000000e+01 2.416949999999999913e-47
8.350000000000000000e+01 2.408529999999999764e-47
8.375000000000000000e+01 2.400260000000000234e-47
8.400000000000000000e+01 2.391999999999999968e-47
8.425000000000000000e+01 2.383769999999999923e-47
8.450000000000000000e+01 2.375699999999999760e-47
8.475000000000000000e+01 2.367630000000000084e-47
8.500000000000000000e+01 2.359840000000000203e-47
8.525000000000000000e+01 2.352219999999999954e-47
8.550000000000000000e+01 2.344430000000000072e-47
8.575000000000000000e+01 2.336829999999999808e-47
8.600000000000000000e+01 2.329610000000000238e-47
8.625000000000000000e+01 2.322229999999999813e-47
8.650000000000000000e+01 2.315210000000000097e-47
8.675000000000000000e+01 2.308149999999999923e-47
8.700000000000000000e+01 2.301259999999999868e-47
8.725000000000000000e+01 2.294679999999999829e-47
8.750000000000000000e+01 2.287830000000000231e-47
8.775000000000000000e+01 2.281930000000000180e-47
8.800000000000000000e+01 2.275620000000000186e-47
8.825000000000000000e+01 2.269299999999999957e-47
8.850000000000000000e+01 2.263260000000000008e-47
8.875000000000000000e+01 2.257049999999999941e-47
8.900000000000000000e+01 2.251149999999999890e-47
8.925000000000000000e+01 2.245349999999999765e-47
8.950000000000000000e+01 2.239769999999999965e-47
8.975000000000000000e+01 2.234399999999999769e-47
9.000000000000000000e+01 2.228709999999999807e-47
9.025000000000000000e+01 2.223409999999999802e-47
9.050000000000000000e+01 2.218040000000000091e-47
9.075000000000000000e+01 2.212990000000000146e-47
9.100000000000000000e+01 2.207909999999999980e-47
9.125000000000000000e+01 2.202820000000000065e-47
9.150000000000000000e+01 2.197850000000000061e-47
9.175000000000000000e+01 2.193290000000000000e-47
9.200000000000000000e+01 2.188540000000000078e-47
9.225000000000000000e+01 2.184089999999999936e-47
9.250000000000000000e+01 2.179499999999999897e-47
9.275000000000000000e+01 2.174940000000000079e-47
9.300000000000000000e+01 2.170360000000000033e-47
9.325000000000000000e+01 2.166229999999999900e-47
9.350000000000000000e+01 2.162040000000000054e-47
9.375000000000000000e+01 2.157970000000000120e-47
9.400000000000000000e+01 2.154299999999999893e-47
9.425000000000000000e+01 2.150120000000000039e-47
9.450000000000000000e+01 2.146180000000000010e-47
9.475000000000000000e+01 2.142430000000000085e-47
9.500000000000000000e+01 2.138389999999999885e-47
9.525000000000000000e+01 2.134780000000000100e-47
9.550000000000000000e+01 2.131299999999999977e-47
9.575000000000000000e+01 2.127600000000000015e-47
9.600000000000000000e+01 2.124270000000000025e-47
9.625000000000000000e+01 2.120860000000000093e-47
9.650000000000000000e+01 2.117550000000000088e-47
9.675000000000000000e+01 2.114200000000000113e-47
9.700000000000000000e+01 2.111020000000000013e-47
9.725000000000000000e+01 2.108040000000000009e-47
9.750000000000000000e+01 2.105260000000000102e-47
9.775000000000000000e+01 2.102370000000000032e-47
9.800000000000000000e+01 2.099579999999999889e-47
9.825000000000000000e+01 2.096760000000000012e-47
9.850000000000000000e+01 2.094030000000000068e-47
9.875000000000000000e+01 2.091420000000000036e-47
9.900000000000000000e+01 2.088859999999999968e-47
9.925000000000000000e+01 2.086670000000000114e-47
9.950000000000000000e+01 2.084130000000000031e-47
9.975000000000000000e+01 2.081519999999999999e-47
1.000000000000000000e+02 2.079500000000000021e-47
1.002500000000000000e+02 2.077110000000000072e-47
1.005000000000000000e+02 2.074579999999999981e-47
1.007500000000000000e+02 2.072019999999999913e-47
1.010000000000000000e+02 2.069770000000000103e-47
1.012500000000000000e+02 2.067580000000000007e-47
1.015000000000000000e+02 2.065570000000000022e-47
1.017500000000000000e+02 2.063389999999999918e-47
1.020000000000000000e+02 2.061280000000000006e-47
1.022500000000000000e+02 2.059399999999999925e-47
1.025000000000000000e+02 2.057379999999999947e-47
1.027500000000000000e+02 2.055809999999999882e-47
1.030000000000000000e+02 2.053789999999999904e-47
1.032500000000000000e+02 2.052000000000000001e-47
1.035000000000000000e+02 2.050520000000000113e-47
1.037500000000000000e+02 2.049000000000000012e-47
1.040000000000000000e+02 2.047769999999999941e-47
1.042500000000000000e+02 2.046260000000000075e-47
1.045000000000000000e+02 2.044990000000000034e-47
1.047500000000000000e+02 2.043519999999999896e-47
1.050000000000000000e+02 2.042089999999999972e-47
1.052500000000000000e+02 2.040809999999999937e-47
1.055000000000000000e+02 2.039509999999999918e-47
1.057500000000000000e+02 2.038479999999999944e-47
1.060000000000000000e+02 2.037449999999999969e-47
1.062500000000000000e+02 2.036459999999999966e-47
1.065000000000000000e+02 2.035410000000000006e-47
1.067500000000000000e+02 2.034159999999999950e-47
1.070000000000000000e+02 2.033219999999999909e-47
1.072500000000000000e+02 2.032040000000000045e-47
1.075000000000000000e+02 2.030919999999999894e-47
1.077500000000000000e+02 2.030340000000000076e-47
1.080000000000000000e+02 2.029300000000000109e-47
1.082500000000000000e+02 2.028300000000000112e-47
1.085000000000000000e+02 2.027400000000000043e-47
1.087500000000000000e+02 2.026650000000000106e-47
1.090000000000000000e+02 2.025919999999999912e-47
1.092500000000000000e+02 2.025080000000000041e-47
1.095000000000000000e+02 2.024559999999999936e-47
1.097500000000000000e+02 2.024040000000000074e-47
1.100000000000000000e+02 2.023430000000000035e-47
1.102500000000000000e+02 2.023110000000000027e-47
1.105000000000000000e+02 2.022390000000000068e-47
1.107500000000000000e+02 2.021829999999999993e-47
1.110000000000000000e+02 2.021340000000000109e-47
1.112500000000000000e+02 2.020979999999999886e-47
1.115000000000000000e+02 2.020979999999999886e-47
1.117500000000000000e+02 2.020660000000000121e-47
1.120000000000000000e+02 2.020559999999999951e-47
1.122500000000000000e+02 2.020289999999999906e-47
1.125000000000000000e+02 2.019899999999999949e-47
1.127500000000000000e+02 2.019760000000000051e-47
1.130000000000000000e+02 2.019440000000000043e-47
1.132500000000000000e+02 2.019350000000000109e-47
1.135000000000000000e+02 2.019519999999999984e-47
1.137500000000000000e+02 2.019519999999999984e-47
1.140000000000000000e+02 2.019350000000000109e-47
1.142500000000000000e+02 2.019169999999999997e-47
1.145000000000000000e+02 2.019340000000000116e-47
1.147500000000000000e+02 2.019299999999999902e-47
1.150000000000000000e+02 2.019309999999999895e-47
1.152500000000000000e+02 2.019279999999999917e-47
1.155000000000000000e+02 2.019390000000000079e-47
1.157500000000000000e+02 2.019480000000000013e-47
1.160000000000000000e+02 2.019780000000000037e-47
1.162500000000000000e+02 2.019780000000000037e-47
1.165000000000000000e+02 2.019879999999999963e-47
1.167500000000000000e+02 2.020189999999999979e-47
1.170000000000000000e+02 2.020480000000000010e-47
1.172500000000000000e+02 2.020790000000000026e-47
1.175000000000000000e+02 2.021259999999999924e-47
1.177500000000000000e+02 2.021680000000000103e-47
1.180000000000000000e+02 2.022219999999999950e-47
1.182500000000000000e+02 2.022529999999999966e-47
1.185000000000000000e+02 2.023140000000000005e-47
1.187500000000000000e+02 2.023650000000000117e-47
1.190000000000000000e+02 2.024209999999999950e-47
1.192500000000000000e+02 2.024829999999999982e-47
1.195000000000000000e+02 2.025869999999999949e-47
1.197500000000000000e+02 2.026269999999999898e-47
1.200000000000000000e+02 2.026909999999999916e-47
1.202500000000000000e+02 2.027390000000000050e-47
1.205000000000000000e+02 2.027970000000000111e-47
1.207500000000000000e+02 2.028919999999999901e-47
1.210000000000000000e+02 2.029509999999999955e-47
1.212500000000000000e+02 2.029819999999999971e-47
1.215000000000000000e+02 2.030330000000000083e-47
1.217500000000000000e+02 2.030950000000000115e-47
1.220000000000000000e+02 2.031519999999999940e-47
1.222500000000000000e+02 2.032239999999999898e-47
1.225000000000000000e+02 2.032980000000000085e-47
1.227500000000000000e+02 2.033720000000000029e-47
1.230000000000000000e+02 2.034529999999999922e-47
1.232500000000000000e+02 2.035640000000000080e-47
1.235000000000000000e+02 2.036330000000000061e-47
1.237500000000000000e+02 2.036970000000000078e-47
1.240000000000000000e+02 2.038129999999999957e-47
1.242500000000000000e+02 2.038799999999999952e-47
1.245000000000000000e+02 2.039910000000000111e-47
1.247500000000000000e+02 2.040710000000000011e-47
1.250000000000000000e+02 2.041819999999999926e-47
1.252500000000000000e+02 2.042680000000000025e-47
1.255000000000000000e+02 2.043529999999999889e-47
1.257500000000000000e+02 2.044630000000000055e-47
1.260000000000000000e+02 2.045600000000000073e-47
1.262500000000000000e+02 2.046640000000000040e-47
1.265000000000000000e+02 2.047680000000000007e-47
1.267500000000000000e+02 2.048540000000000106e-47
1.270000000000000000e+02 2.049799999999999912e-47
1.272500000000000000e+02 2.051019999999999990e-47
1.275000000000000000e+02 2.052190000000000105e-47
1.277500000000000000e+02 2.053280000000000035e-47
1.280000000000000000e+02 2.054379999999999958e-47
1.282500000000000000e+02 2.055689999999999970e-47
1.285000000000000000e+02 2.057059999999999939e-47
1.287500000000000000e+02 2.058150000000000112e-47
1.290000000000000000e+02 2.059649999999999985e-47
1.292500000000000000e+02 2.061190000000000072e-47
1.295000000000000000e+02 2.062280000000000002e-47
1.297500000000000000e+02 2.063619999999999992e-47
1.300000000000000000e+02 2.064759999999999886e-47
1.302500000000000000e+02 2.066150000000000083e-47
1.305000000000000000e+02 2.067460000000000095e-47
1.307500000000000000e+02 2.068709999999999908e-47
1.310000000000000000e+02 2.069979999999999949e-47
1.312500000000000000e+02 2.071200000000000028e-47
1.315000000000000000e+02 2.072490000000000055e-47
1.317500000000000000e+02 2.074090000000000097e-47
1.320000000000000000e+02 2.075639999999999934e-47
1.322500000000000000e+02 2.076939999999999953e-47
1.325000000000000000e+02 2.078279999999999943e-47
1.327500000000000000e+02 2.079679999999999890e-47
1.330000000000000000e+02 2.081170000000000013e-47
1.332500000000000000e+02 2.082830000000000012e-47
1.335000000000000000e+02 2.084249999999999943e-47
1.337500000000000000e+02 2.085820000000000008e-47
1.340000000000000000e+02 2.087259999999999925e-47
1.342500000000000000e+02 2.088690000000000092e-47
1.345000000000000000e+02 2.090209999999999951e-47
1.347500000000000000e+02 2.091549999999999941e-47
1.350000000000000000e+02 2.092720000000000056e-47
1.352500000000000000e+02 2.094279999999999885e-47
1.355000000000000000e+02 2.095660000000000089e-47
1.357500000000000000e+02 2.097420000000000014e-47
1.360000000000000000e+02 2.099109999999999991e-47
1.362500000000000000e+02 2.100559999999999900e-47
1.365000000000000000e+02 2.102080000000000002e-47
1.367500000000000000e+02 2.103519999999999919e-47
1.370000000000000000e+02 2.105129999999999954e-47
1.372500000000000000e+02 2.106539999999999893e-47
1.375000000000000000e+02 2.108310000000000054e-47
1.377500000000000000e+02 2.109829999999999913e-47
1.380000000000000000e+02 2.111449999999999941e-47
1.382500000000000000e+02 2.113169999999999895e-47
1.385000000000000000e+02 2.114839999999999887e-47
1.387500000000000000e+02 2.116270000000000054e-47
1.390000000000000000e+02 2.117990000000000009e-47
1.392500000000000000e+02 2.119809999999999890e-47
1.395000000000000000e+02 2.121329999999999992e-47
1.397500000000000000e+02 2.122950000000000020e-47
1.400000000000000000e+02 2.124610000000000019e-47
1.402500000000000000e+02 2.126130000000000120e-47
1.405000000000000000e+02 2.127739999999999912e-47
1.407500000000000000e+02 2.129270000000000006e-47
1.410000000000000000e+02 2.130930000000000005e-47
1.412500000000000000e+02 2.132629999999999975e-47
1.415000000000000000e+02 2.134230000000000017e-47
1.417500000000000000e+02 2.136190000000000039e-47
1.420000000000000000e+02 2.137900000000000002e-47
1.422500000000000000e+02 2.139659999999999927e-47
1.425000000000000000e+02 2.141379999999999882e-47
1.427500000000000000e+02 2.142989999999999917e-47
1.430000000000000000e+02 2.144840000000000020e-47
1.432500000000000000e+02 2.146440000000000063e-47
1.435000000000000000e+02 2.148020000000000120e-47
1.437500000000000000e+02 2.149659999999999890e-47
1.440000000000000000e+02 2.151340000000000117e-47
1.442500000000000000e+02 2.152879999999999961e-47
1.445000000000000000e+02 2.154229999999999944e-47
1.447500000000000000e+02 2.155790000000000016e-47
1.450000000000000000e+02 2.157470000000000000e-47
1.452500000000000000e+02 2.159189999999999955e-47
1.455000000000000000e+02 2.160630000000000115e-47
1.457500000000000000e+02 2.162199999999999937e-47
1.460000000000000000e+02 2.163799999999999979e-47
1.462500000000000000e+02 2.165090000000000006e-47
1.465000000000000000e+02 2.166740000000000012e-47
1.467500000000000000e+02 2.168350000000000048e-47
1.470000000000000000e+02 2.169740000000000001e-47
1.472500000000000000e+02 2.171149999999999940e-47
1.475000000000000000e+02 2.172749999999999983e-47
1.477500000000000000e+02 2.174330000000000040e-47
1.480000000000000000e+02 2.175990000000000039e-47
1.482500000000000000e+02 2.177039999999999999e-47
1.485000000000000000e+02 2.178330000000000026e-47
1.487500000000000000e+02 2.179849999999999884e-47
1.490000000000000000e+02 2.181270000000000059e-47
1.492500000000000000e+02 2.182489999999999894e-47
1.495000000000000000e+02 2.184119999999999914e-47
1.497500000000000000e+02 2.185590000000000052e-47
1.500000000000000000e+02 2.186920000000000050e-47
1.502500000000000000e+02 2.188039999999999958e-47
1.505000000000000000e+02 2.189409999999999927e-47
1.507500000000000000e+02 2.190809999999999873e-47
1.510000000000000000e+02 2.192189999999999834e-47
1.512500000000000000e+02 2.193690000000000193e-47
1.515000000000000000e+02 2.194689999999999946e-47
1.517500000000000000e+02 2.196020000000000187e-47
1.520000000000000000e+02 2.197409999999999897e-47
1.522500000000000000e+02 2.198959999999999977e-47
1.525000000000000000e+02 2.200069999999999892e-47
1.527500000000000000e+02 2.201309999999999956e-47
1.530000000000000000e+02 2.202390000000000137e-47
1.532500000000000000e+02 2.203429999999999861e-47
1.535000000000000000e+02 2.204760000000000101e-47
1.537500000000000000e+02 2.205839999999999796e-47
1.540000000000000000e+02 2.206979999999999933e-47
1.542500000000000000e+02 2.208149999999999804e-47
1.545000000000000000e+02 2.209190000000000014e-47
1.547500000000000000e+02 2.210120000000000062e-47
1.550000000000000000e+02 2.210990000000000154e-47
1.552500000000000000e+02 2.211980000000000157e-47
1.555000000000000000e+02 2.213039999999999867e-47
1.557500000000000000e+02 2.213969999999999914e-47
1.560000000000000000e+02 2.214930000000000183e-47
1.562500000000000000e+02 2.216009999999999878e-47
1.565000000000000000e+02 2.217309999999999897e-47
1.567500000000000000e+02 2.218160000000000003e-47
1.570000000000000000e+02 2.219099999999999801e-47
1.572500000000000000e+02 2.219980000000000128e-47
1.575000000000000000e+02 2.221019999999999852e-47
1.577500000000000000e+02 2.221690000000000090e-47
1.580000000000000000e+02 2.222370000000000078e-47
1.582500000000000000e+02 2.223510000000000215e-47
1.585000000000000000e+02 2.224250000000000158e-47
1.587500000000000000e+02 2.224919999999999910e-47
1.590000000000000000e+02 2.225619999999999884e-47
1.592500000000000000e+02 2.226540000000000182e-47
1.595000000000000000e+02 2.227039999999999815e-47
1.597500000000000000e+02 2.227659999999999847e-47
1.600000000000000000e+02 2.228399999999999791e-47
1.602500000000000000e+02 2.229039999999999808e-47
1.605000000000000000e+02 2.229849999999999943e-47
1.607500000000000000e+02 2.230199999999999930e-47
1.610000000000000000e+02 2.230640000000000094e-47
1.612500000000000000e+02 2.231200000000000169e-47
1.615000000000000000e+02 2.231809999999999965e-47
1.617500000000000000e+02 2.232629999999999851e-47
1.620000000000000000e+02 2.233149999999999956e-47
1.622500000000000000e+02 2.233420000000000001e-47
1.625000000000000000e+02 2.233869999999999914e-47
1.627500000000000000e+02 2.234239999999999886e-47
1.630000000000000000e+02 2.234839999999999932e-47
1.632500000000000000e+02 2.235280000000000096e-47
1.635000000000000000e+02 2.235699999999999788e-47
1.637500000000000000e+02 2.236270000000000100e-47
1.640000000000000000e+02 2.236569999999999880e-47
1.642500000000000000e+02 2.236870000000000146e-47
1.645000000000000000e+02 2.237240000000000118e-47
1.647500000000000000e+02 2.237510000000000163e-47
1.650000000000000000e+02 2.237809999999999943e-47
1.652500000000000000e+02 2.237980000000000062e-47
1.655000000000000000e+02 2.238239999999999871e-47
1.657500000000000000e+02 2.238549999999999887e-47
1.660000000000000000e+02 2.238720000000000006e-47
1.662500000000000000e+02 2.239160000000000169e-47
1.665000000000000000e+02 2.239679999999999788e-47
1.667500000000000000e+02 2.239710000000000009e-47
1.670000000000000000e+02 2.239760000000000216e-47
1.672500000000000000e+02 2.239829999999999921e-47
1.675000000000000000e+02 2.239909999999999863e-47
1.677500000000000000e+02 2.239760000000000216e-47
1.680000000000000000e+02 2.239740000000000230e-47
1.682500000000000000e+02 2.239780000000000201e-47
1.685000000000000000e+02 2.239760000000000216e-47
1.687500000000000000e+02 2.239630000000000068e-47
1.690000000000000000e+02 2.239349999999999787e-47
1.692500000000000000e+02 2.239249999999999860e-47
1.695000000000000000e+02 2.239189999999999904e-47
1.697500000000000000e+02 2.239069999999999992e-47
1.700000000000000000e+02 2.238930000000000095e-47
1.702500000000000000e+02 2.239010000000000036e-47
1.705000000000000000e+02 2.238739999999999991e-47
1.707500000000000000e+02 2.238440000000000211e-47
1.710000000000000000e+02 2.238190000000000151e-47
1.712500000000000000e+02 2.238290000000000078e-47
1.715000000000000000e+02 2.238130000000000195e-47
1.717500000000000000e+02 2.237719999999999766e-47
1.720000000000000000e+02 2.237300000000000074e-47
1.722500000000000000e+02 2.236649999999999821e-47
1.725000000000000000e+02 2.236290000000000085e-47
1.727500000000000000e+02 2.236170000000000173e-47
1.730000000000000000e+02 2.235499999999999935e-47
1.732500000000000000e+02 2.234959999999999844e-47
1.735000000000000000e+02 2.234449999999999975e-47
1.737500000000000000e+02 2.234239999999999886e-47
1.740000000000000000e+02 2.233650000000000075e-47
1.742500000000000000e+02 2.232990000000000073e-47
1.745000000000000000e+02 2.232170000000000188e-47
1.747500000000000000e+02 2.231209999999999919e-47
1.750000000000000000e+02 2.230440000000000240e-47
1.752500000000000000e+02 2.229670000000000075e-47
1.755000000000000000e+02 2.228959999999999866e-47
1.757500000000000000e+02 2.228460000000000233e-47
1.760000000000000000e+02 2.227820000000000216e-47
1.762500000000000000e+02 2.227070000000000036e-47
1.765000000000000000e+02 2.226419999999999783e-47
1.767500000000000000e+02 2.225969999999999870e-47
1.770000000000000000e+02 2.225510000000000207e-47
1.772500000000000000e+02 2.224890000000000176e-47
1.775000000000000000e+02 2.223929999999999907e-47
1.777500000000000000e+02 2.222890000000000183e-47
1.780000000000000000e+02 2.221989999999999870e-47
1.782500000000000000e+02 2.220979999999999881e-47
1.785000000000000000e+02 2.219900000000000187e-47
1.787500000000000000e+02 2.218930000000000168e-47
1.790000000000000000e+02 2.217960000000000150e-47
1.792500000000000000e+02 2.216829999999999763e-47
1.795000000000000000e+02 2.215880000000000216e-47
1.797500000000000000e+02 2.214720000000000094e-47
1.800000000000000000e+02 2.213699999999999869e-47
1.802500000000000000e+02 2.212279999999999937e-47
1.805000000000000000e+02 2.211190000000000007e-47
1.807500000000000000e+02 2.209790000000000061e-47
1.810000000000000000e+02 2.208519999999999776e-47
1.812500000000000000e+02 2.207360000000000140e-47
1.815000000000000000e+02 2.205989999999999929e-47
1.817500000000000000e+02 2.204519999999999791e-47
1.820000000000000000e+02 2.202999999999999933e-47
1.822500000000000000e+02 2.201590000000000237e-47
1.825000000000000000e+02 2.199910000000000010e-47
1.827500000000000000e+02 2.198590000000000005e-47
1.830000000000000000e+02 2.197079999999999896e-47
1.832500000000000000e+02 2.195580000000000023e-47
1.835000000000000000e+02 2.193870000000000061e-47
1.837500000000000000e+02 2.192209999999999819e-47
1.840000000000000000e+02 2.190780000000000138e-47
1.842500000000000000e+02 2.189119999999999896e-47
1.845000000000000000e+02 2.187170000000000110e-47
1.847500000000000000e+02 2.185389999999999956e-47
1.850000000000000000e+02 2.183870000000000098e-47
1.852500000000000000e+02 2.182079999999999951e-47
1.855000000000000000e+02 2.179940000000000061e-47
1.857500000000000000e+02 2.177940000000000068e-47
1.860000000000000000e+02 2.176199999999999885e-47
1.862500000000000000e+02 2.174529999999999894e-47
1.865000000000000000e+02 2.172280000000000084e-47
1.867500000000000000e+02 2.170409999999999996e-47
1.870000000000000000e+02 2.168680000000000049e-47
1.872500000000000000e+02 2.166549999999999908e-47
1.875000000000000000e+02 2.164650000000000086e-47
1.877500000000000000e+02 2.162700000000000056e-47
1.880000000000000000e+02 2.160440000000000011e-47
1.882500000000000000e+02 2.158720000000000056e-47
1.885000000000000000e+02 2.156650000000000115e-47
1.887500000000000000e+02 2.154239999999999937e-47
1.890000000000000000e+02 2.151830000000000001e-47
1.892500000000000000e+02 2.149639999999999905e-47
1.895000000000000000e+02 2.147370000000000110e-47
1.897500000000000000e+02 2.145040000000000116e-47
1.900000000000000000e+02 2.142699999999999887e-47
1.902500000000000000e+02 2.140359999999999900e-47
1.905000000000000000e+02 2.137860000000000031e-47
1.907500000000000000e+02 2.135719999999999898e-47
1.910000000000000000e+02 2.133329999999999948e-47
1.912500000000000000e+02 2.130500000000000077e-47
1.915000000000000000e+02 2.127900000000000038e-47
1.917500000000000000e+02 2.125590000000000030e-47
1.920000000000000000e+02 2.122779999999999901e-47
1.922500000000000000e+02 2.120109999999999914e-47
1.925000000000000000e+02 2.117320000000000014e-47
1.927500000000000000e+02 2.114709999999999982e-47
1.930000000000000000e+02 2.112179999999999892e-47
1.932500000000000000e+02 2.109340000000000029e-47
1.935000000000000000e+02 2.106560000000000121e-47
1.937500000000000000e+02 2.103740000000000001e-47
1.940000000000000000e+02 2.100859999999999924e-47
1.942500000000000000e+02 2.097869999999999927e-47
1.945000000000000000e+02 2.095000000000000086e-47
1.947500000000000000e+02 2.091670000000000096e-47
1.950000000000000000e+02 2.088829999999999990e-47
1.952500000000000000e+02 2.085889999999999957e-47
1.955000000000000000e+02 2.082629999999999915e-47
1.957500000000000000e+02 2.079510000000000014e-47
1.960000000000000000e+02 2.076239999999999980e-47
1.962500000000000000e+02 2.072989999999999931e-47
1.965000000000000000e+02 2.069870000000000030e-47
1.967500000000000000e+02 2.066949999999999982e-47
1.970000000000000000e+02 2.063749999999999897e-47
1.972500000000000000e+02 2.060830000000000092e-47
1.975000000000000000e+02 2.057540000000000073e-47
1.977500000000000000e+02 2.054049999999999957e-47
1.980000000000000000e+02 2.050749999999999945e-47
1.982500000000000000e+02 2.047550000000000102e-47
1.985000000000000000e+02 2.044250000000000090e-47
1.987500000000000000e+02 2.040819999999999930e-47
1.990000000000000000e+02 2.037429999999999984e-47
1.992500000000000000e+02 2.033600000000000117e-47
1.995000000000000000e+02 2.030249999999999898e-47
1.997500000000000000e+02 2.026589999999999907e-47
2.000000000000000000e+02 2.023080000000000049e-47
2.002500000000000000e+02 2.019750000000000059e-47
2.005000000000000000e+02 2.016080000000000074e-47
2.007500000000000000e+02 2.012170000000000023e-47
2.010000000000000000e+02 2.008390000000000120e-47
2.012500000000000000e+02 2.004629999999999959e-47
2.015000000000000000e+02 2.001069999999999894e-47
2.017500000000000000e+02 1.997260000000000012e-47
2.020000000000000000e+02 1.993510000000000087e-47
2.022500000000000000e+02 1.989769999999999911e-47
2.025000000000000000e+02 1.985940000000000044e-47
2.027500000000000000e+02 1.981980000000000030e-47
2.030000000000000000e+02 1.978119999999999942e-47
2.032500000000000000e+02 1.974219999999999883e-47
2.035000000000000000e+02 1.970270000000000104e-47
2.037500000000000000e+02 1.966479999999999965e-47
2.040000000000000000e+02 1.962569999999999914e-47
2.042500000000000000e+02 1.958519999999999965e-47
2.045000000000000000e+02 1.954619999999999906e-47
2.047500000000000000e+02 1.950510000000000002e-47
2.050000000000000000e+02 1.946589999999999958e-47
2.052500000000000000e+02 1.942339999999999913e-47
2.055000000000000000e+02 1.938120000000000088e-47
2.057500000000000000e+02 1.934019999999999933e-47
2.060000000000000000e+02 1.929910000000000029e-47
2.062500000000000000e+02 1.925739999999999925e-47
2.065000000000000000e+02 1.921759999999999925e-47
2.067500000000000000e+02 1.917550000000000094e-47
2.070000000000000000e+02 1.913189999999999886e-47
2.072500000000000000e+02 1.909059999999999996e-47
2.075000000000000000e+02 1.904410000000000001e-47
2.077500000000000000e+02 1.900290000000000103e-47
2.080000000000000000e+02 1.896030000000000066e-47
2.082500000000000000e+02 1.891460000000000012e-47
2.085000000000000000e+02 1.887209999999999967e-47
2.087500000000000000e+02 1.882599999999999942e-47
2.090000000000000000e+02 1.878540000000000001e-47
2.092500000000000000e+02 1.873890000000000006e-47
2.095000000000000000e+02 1.869349999999999930e-47
2.097500000000000000e+02 1.864649999999999972e-47
2.100000000000000000e+02 1.859920000000000035e-47
2.102500000000000000e+02 1.855280000000000033e-47
2.105000000000000000e+02 1.850680000000000001e-47
2.107500000000000000e+02 1.846290000000000059e-47
2.110000000000000000e+02 1.841459999999999952e-47
2.112500000000000000e+02 1.836630000000000089e-47
2.115000000000000000e+02 1.831919999999999895e-47
2.117500000000000000e+02 1.827179999999999966e-47
2.120000000000000000e+02 1.822390000000000073e-47
2.122500000000000000e+02 1.817649999999999901e-47
2.125000000000000000e+02 1.812939999999999950e-47
2.127500000000000000e+02 1.808239999999999992e-47
2.130000000000000000e+02 1.803520000000000048e-47
2.132500000000000000e+02 1.798719999999999920e-47
2.135000000000000000e+02 1.793920000000000035e-47
2.137500000000000000e+02 1.789379999999999959e-47
2.140000000000000000e+02 1.784630000000000037e-47
2.142500000000000000e+02 1.779900000000000101e-47
2.145000000000000000e+02 1.775129999999999950e-47
2.147500000000000000e+02 1.770519999999999926e-47
2.150000000000000000e+02 1.765280000000000120e-47
2.152500000000000000e+02 1.760350000000000087e-47
2.155000000000000000e+02 1.755430000000000047e-47
2.157500000000000000e+02 1.750259999999999947e-47
2.160000000000000000e+02 1.745319999999999921e-47
2.162500000000000000e+02 1.740369999999999903e-47
2.165000000000000000e+02 1.735430000000000120e-47
2.167500000000000000e+02 1.730389999999999925e-47
2.170000000000000000e+02 1.725530000000000084e-47
2.172500000000000000e+02 1.720709999999999970e-47
2.175000000000000000e+02 1.715769999999999945e-47
2.177500000000000000e+02 1.710829999999999919e-47
2.180000000000000000e+02 1.705789999999999967e-47
2.182500000000000000e+02 1.700730000000000029e-47
2.185000000000000000e+02 1.695720000000000055e-47
2.187500000000000000e+02 1.690489999999999999e-47
2.190000000000000000e+02 1.685539999999999980e-47
2.192500000000000000e+02 1.680619999999999940e-47
2.195000000000000000e+02 1.675820000000000055e-47
2.197500000000000000e+02 1.670800000000000088e-47
2.200000000000000000e+02 1.665580000000000024e-47
2.202500000000000000e+02 1.660580000000000043e-47
2.205000000000000000e+02 1.655590000000000054e-47
2.207500000000000000e+02 1.650439999999999939e-47
2.210000000000000000e+02 1.645449999999999950e-47
2.212500000000000000e+02 1.640409999999999998e-47
2.215000000000000000e+02 1.635080000000000015e-47
2.217500000000000000e+02 1.629919999999999907e-47
2.220000000000000000e+02 1.624750000000000050e-47
2.222500000000000000e+02 1.619629999999999914e-47
2.225000000000000000e+02 1.614589999999999961e-47
2.227500000000000000e+02 1.609569999999999994e-47
2.230000000000000000e+02 1.604210000000000033e-47
2.232500000000000000e+02 1.599029999999999941e-47
2.235000000000000000e+02 1.593759999999999914e-47
2.237500000000000000e+02 1.588650000000000013e-47
2.240000000000000000e+02 1.582980000000000036e-47
2.242500000000000000e+02 1.577729999999999995e-47
2.245000000000000000e+02 1.572559999999999894e-47
2.247500000000000000e+02 1.567320000000000089e-47
2.250000000000000000e+02 1.562120000000000011e-47
2.252500000000000000e+02 1.556989999999999881e-47
2.255000000000000000e+02 1.551840000000000009e-47
2.257500000000000000e+02 1.546730000000000108e-47
2.260000000000000000e+02 1.541530000000000030e-47
2.262500000000000000e+02 1.536480000000000085e-47
2.265000000000000000e+02 1.531309999999999985e-47
2.267500000000000000e+02 1.526049999999999951e-47
2.270000000000000000e+02 1.520850000000000116e-47
2.272500000000000000e+02 1.515650000000000038e-47
2.275000000000000000e+02 1.510399999999999996e-47
2.277500000000000000e+02 1.505020000000000050e-47
2.280000000000000000e+02 1.499650000000000097e-47
2.282500000000000000e+02 1.494680000000000093e-47
2.285000000000000000e+02 1.489360000000000103e-47
2.287500000000000000e+02 1.484040000000000113e-47
2.290000000000000000e+02 1.478899999999999990e-47
2.292500000000000000e+02 1.473609999999999978e-47
2.295000000000000000e+02 1.468180000000000069e-47
2.297500000000000000e+02 1.463250000000000036e-47
2.300000000000000000e+02 1.458009999999999987e-47
2.302500000000000000e+02 1.452749999999999953e-47
2.305000000000000000e+02 1.447700000000000008e-47
2.307500000000000000e+02 1.442459999999999959e-47
2.310000000000000000e+02 1.437249999999999888e-47
2.312500000000000000e+02 1.431859999999999949e-47
2.315000000000000000e+02 1.426829999999999990e-47
2.317500000000000000e+02 1.421370000000000102e-47
2.320000000000000000e+02 1.416190000000000009e-47
2.322500000000000000e+02 1.411080000000000108e-47
2.325000000000000000e+02 1.405969999999999964e-47
2.327500000000000000e+02 1.400679999999999952e-47
2.330000000000000000e+02 1.395210000000000072e-47
2.332500000000000000e+02 1.389759999999999934e-47
2.335000000000000000e+02 1.384369999999999995e-47
2.337500000000000000e+02 1.379290000000000072e-47
2.340000000000000000e+02 1.373879999999999904e-47
2.342500000000000000e+02 1.368449999999999995e-47
2.345000000000000000e+02 1.362879999999999945e-47
2.347500000000000000e+02 1.357440000000000043e-47
2.350000000000000000e+02 1.352100000000000067e-47
2.352500000000000000e+02 1.346639999999999936e-47
2.355000000000000000e+02 1.341480000000000072e-47
2.357500000000000000e+02 1.336110000000000119e-47
2.360000000000000000e+02 1.330500000000000098e-47
2.362500000000000000e+02 1.324980000000000011e-47
2.365000000000000000e+02 1.319620000000000050e-47
2.367500000000000000e+02 1.314050000000000000e-47
2.370000000000000000e+02 1.308789999999999966e-47
2.372500000000000000e+02 1.303380000000000042e-47
2.375000000000000000e+02 1.298100000000000022e-47
2.377500000000000000e+02 1.292700000000000091e-47
2.380000000000000000e+02 1.287239999999999960e-47
2.382500000000000000e+02 1.281840000000000029e-47
2.385000000000000000e+02 1.276740000000000120e-47
2.387500000000000000e+02 1.271679999999999939e-47
2.390000000000000000e+02 1.266439999999999891e-47
2.392500000000000000e+02 1.261260000000000041e-47
2.395000000000000000e+02 1.256009999999999999e-47
2.397500000000000000e+02 1.250389999999999986e-47
2.400000000000000000e+02 1.245429999999999975e-47
2.402500000000000000e+02 1.240139999999999963e-47
2.405000000000000000e+02 1.234789999999999995e-47
2.407500000000000000e+02 1.229479999999999997e-47
2.410000000000000000e+02 1.224289999999999912e-47
2.412500000000000000e+02 1.219040000000000113e-47
2.415000000000000000e+02 1.213550000000000005e-47
2.417500000000000000e+02 1.208110000000000102e-47
2.420000000000000000e+02 1.202930000000000010e-47
2.422500000000000000e+02 1.197409999999999923e-47
2.425000000000000000e+02 1.192230000000000073e-47
2.427500000000000000e+02 1.187069999999999966e-47
2.430000000000000000e+02 1.181980000000000050e-47
2.432500000000000000e+02 1.176950000000000090e-47
2.435000000000000000e+02 1.171489999999999960e-47
2.437500000000000000e+02 1.166189999999999955e-47
2.440000000000000000e+02 1.161470000000000011e-47
2.442500000000000000e+02 1.156269999999999933e-47
2.445000000000000000e+02 1.151269999999999951e-47
2.447500000000000000e+02 1.146039999999999895e-47
2.450000000000000000e+02 1.140999999999999943e-47
2.452500000000000000e+02 1.135880000000000049e-47
2.455000000000000000e+02 1.130930000000000031e-47
2.457500000000000000e+02 1.125910000000000064e-47
2.460000000000000000e+02 1.121210000000000105e-47
2.462500000000000000e+02 1.116290000000000065e-47
2.465000000000000000e+02 1.111600000000000099e-47
2.467500000000000000e+02 1.106640000000000088e-47
2.470000000000000000e+02 1.102090000000000020e-47
2.472500000000000000e+02 1.097310000000000120e-47
2.475000000000000000e+02 1.092569999999999948e-47
2.477500000000000000e+02 1.088010000000000009e-47
2.480000000000000000e+02 1.083310000000000050e-47
2.482500000000000000e+02 1.078649999999999941e-47
2.485000000000000000e+02 1.073979999999999960e-47
2.487500000000000000e+02 1.069400000000000036e-47
2.490000000000000000e+02 1.064699999999999956e-47
2.492500000000000000e+02 1.060310000000000013e-47
2.495000000000000000e+02 1.055610000000000055e-47
2.497500000000000000e+02 1.051140000000000049e-47
2.500000000000000000e+02 1.046289999999999958e-47
2.502500000000000000e+02 1.041809999999999959e-47
2.505000000000000000e+02 1.037489999999999966e-47
2.507500000000000000e+02 1.033090000000000030e-47
2.510000000000000000e+02 1.028620000000000025e-47
2.512500000000000000e+02 1.024079999999999949e-47
2.515000000000000000e+02 1.019660000000000029e-47
2.517500000000000000e+02 1.015279999999999957e-47
2.520000000000000000e+02 1.010860000000000037e-47
2.522500000000000000e+02 1.006599999999999999e-47
2.525000000000000000e+02 1.002509999999999958e-47
2.527500000000000000e+02 9.984259999999999612e-48
2.530000000000000000e+02 9.943469999999999609e-48
2.532500000000000000e+02 9.901209999999999710e-48
2.535000000000000000e+02 9.857260000000000321e-48
2.537500000000000000e+02 9.817519999999999548e-48
2.540000000000000000e+02 9.776629999999999618e-48
2.542500000000000000e+02 9.734050000000000198e-48
2.545000000000000000e+02 9.693909999999999718e-48
2.547500000000000000e+02 9.654969999999999574e-48
2.550000000000000000e+02 9.613339999999999457e-48
2.552500000000000000e+02 9.571839999999999488e-48
