0.000000000000000000e+00 5.000000000000000000e-01
2.500000000000000000e-01 5.000000000000000000e-01
5.000000000000000000e-01 5.000000000000000000e-01
7.500000000000000000e-01 5.000000000000000000e-01
1.000000000000000000e+00 5.000000000000000000e-01
1.250000000000000000e+00 5.000000000000000000e-01
1.500000000000000000e+00 5.000000000000000000e-01
1.750000000000000000e+00 5.000000000000000000e-01
2.000000000000000000e+00 5.000000000000000000e-01
2.250000000000000000e+00 5.000000000000000000e-01
2.500000000000000000e+00 5.000000000000000000e-01
2.750000000000000000e+00 5.000000000000000000e-01
3.000000000000000000e+00 5.000000000000000000e-01
3.250000000000000000e+00 5.000000000000000000e-01
3.500000000000000000e+00 5.000000000000000000e-01
3.750000000000000000e+00 5.000000000000000000e-01
4.000000000000000000e+00 5.000000000000000000e-01
4.250000000000000000e+00 5.000000000000000000e-01
4.500000000000000000e+00 5.000000000000000000e-01
4.750000000000000000e+00 5.000000000000000000e-01
5.000000000000000000e+00 5.000000000000000000e-01
5.250000000000000000e+00 5.000000000000000000e-01
5.500000000000000000e+00 5.000000000000000000e-01
5.750000000000000000e+00 5.000000000000000000e-01
6.000000000000000000e+00 5.000000000000000000e-01
6.250000000000000000e+00 5.000000000000000000e-01
6.500000000000000000e+00 5.000000000000000000e-01
6.750000000000000000e+00 5.000000000000000000e-01
7.000000000000000000e+00 5.000000000000000000e-01
7.250000000000000000e+00 5.000000000000000000e-01
7.500000000000000000e+00 5.000000000000000000e-01
7.750000000000000000e+00 5.000000000000000000e-01
8.000000000000000000e+00 5.000000000000000000e-01
8.250000000000000000e+00 5.000000000000000000e-01
8.500000000000000000e+00 5.000000000000000000e-01
8.750000000000000000e+00 5.000000000000000000e-01
9.000000000000000000e+00 5.000000000000000000e-01
9.250000000000000000e+00 5.000000000000000000e-01
9.500000000000000000e+00 5.000000000000000000e-01
9.750000000000000000e+00 5.000000000000000000e-01
1.000000000000000000e+01 5.000000000000000000e-01
1.025000000000000000e+01 5.000000000000000000e-01
1.050000000000000000e+01 5.000000000000000000e-01
1.075000000000000000e+01 5.000000000000000000e-01
1.100000000000000000e+01 5.000000000000000000e-01
1.125000000000000000e+01 5.000000000000000000e-01
1.150000000000000000e+01 5.000000000000000000e-01
1.175000000000000000e+01 5.000000000000000000e-01
1.200000000000000000e+01 5.000000000000000000e-01
1.225000000000000000e+01 5.000000000000000000e-01
1.250000000000000000e+01 5.000000000000000000e-01
1.275000000000000000e+01 5.000000000000000000e-01
1.300000000000000000e+01 5.000000000000000000e-01
1.325000000000000000e+01 5.000000000000000000e-01
1.350000000000000000e+01 5.000000000000000000e-01
1.375000000000000000e+01 5.000000000000000000e-01
1.400000000000000000e+01 5.000000000000000000e-01
1.425000000000000000e+01 5.000000000000000000e-01
1.450000000000000000e+01 5.000000000000000000e-01
1.475000000000000000e+01 5.000000000000000000e-01
1.500000000000000000e+01 5.000000000000000000e-01
1.525000000000000000e+01 5.000000000000000000e-01
1.550000000000000000e+01 5.000000000000000000e-01
1.575000000000000000e+01 5.000000000000000000e-01
1.600000000000000000e+01 3.051430000000000114e-43
1.625000000000000000e+01 2.459729999999999956e-43
1.650000000000000000e+01 1.981889999999999803e-43
1.675000000000000000e+01 1.599090000000000025e-43
1.700000000000000000e+01 1.292140000000000090e-43
1.725000000000000000e+01 1.043209999999999922e-43
1.750000000000000000e+01 8.428220000000000112e-44
1.775000000000000000e+01 6.826389999999999610e-44
1.800000000000000000e+01 5.535509999999999963e-44
1.825000000000000000e+01 4.497760000000000435e-44
1.850000000000000000e+01 3.671140000000000025e-44
1.875000000000000000e+01 3.018519999999999921e-44
1.900000000000000000e+01 2.494520000000000235e-44
1.925000000000000000e+01 2.070619999999999972e-44
1.950000000000000000e+01 1.721499999999999901e-44
1.975000000000000000e+01 1.436750000000000076e-44
2.000000000000000000e+01 1.202760000000000035e-44
2.025000000000000000e+01 1.011529999999999979e-44
2.050000000000000000e+01 8.532229999999999627e-45
2.075000000000000000e+01 7.226629999999999443e-45
2.100000000000000000e+01 6.138949999999999781e-45
2.125000000000000000e+01 5.235500000000000257e-45
2.150000000000000000e+01 4.486829999999999790e-45
2.175000000000000000e+01 3.863879999999999785e-45
2.200000000000000000e+01 3.347739999999999935e-45
2.225000000000000000e+01 2.914789999999999835e-45
2.250000000000000000e+01 2.548840000000000141e-45
2.275000000000000000e+01 2.242709999999999950e-45
2.300000000000000000e+01 1.981369999999999961e-45
2.325000000000000000e+01 1.758280000000000049e-45
2.350000000000000000e+01 1.570719999999999872e-45
2.375000000000000000e+01 1.407409999999999998e-45
2.400000000000000000e+01 1.265569999999999955e-45
2.425000000000000000e+01 1.144170000000000060e-45
2.450000000000000000e+01 1.040329999999999936e-45
2.475000000000000000e+01 9.489580000000000660e-46
2.500000000000000000e+01 8.678800000000000122e-46
2.525000000000000000e+01 7.970780000000000306e-46
2.550000000000000000e+01 7.353710000000000386e-46
2.575000000000000000e+01 6.809899999999999765e-46
2.600000000000000000e+01 6.330489999999999783e-46
2.625000000000000000e+01 5.906470000000000285e-46
2.650000000000000000e+01 5.525520000000000188e-46
2.675000000000000000e+01 5.184089999999999908e-46
2.700000000000000000e+01 4.880309999999999794e-46
2.725000000000000000e+01 4.600569999999999756e-46
2.750000000000000000e+01 4.343960000000000219e-46
2.775000000000000000e+01 4.106060000000000242e-46
2.800000000000000000e+01 3.892979999999999868e-46
2.825000000000000000e+01 3.695490000000000172e-46
2.850000000000000000e+01 3.513999999999999640e-46
2.875000000000000000e+01 3.343129999999999978e-46
2.900000000000000000e+01 3.187090000000000191e-46
2.925000000000000000e+01 3.043270000000000102e-46
2.950000000000000000e+01 2.911359999999999889e-46
2.975000000000000000e+01 2.790189999999999874e-46
3.000000000000000000e+01 2.675640000000000161e-46
3.025000000000000000e+01 2.570789999999999853e-46
3.050000000000000000e+01 2.474619999999999990e-46
3.075000000000000000e+01 2.387999999999999983e-46
3.100000000000000000e+01 2.306580000000000053e-46
3.125000000000000000e+01 2.231770000000000092e-46
3.150000000000000000e+01 2.162619999999999969e-46
3.175000000000000000e+01 2.096159999999999965e-46
3.200000000000000000e+01 2.035380000000000077e-46
3.225000000000000000e+01 1.976370000000000009e-46
3.250000000000000000e+01 1.919500000000000026e-46
3.275000000000000000e+01 1.866349999999999844e-46
3.300000000000000000e+01 1.815690000000000122e-46
3.325000000000000000e+01 1.767310000000000091e-46
3.350000000000000000e+01 1.720689999999999936e-46
3.375000000000000000e+01 1.676479999999999912e-46
3.400000000000000000e+01 1.634600000000000075e-46
3.425000000000000000e+01 1.593049999999999948e-46
3.450000000000000000e+01 1.554210000000000023e-46
3.475000000000000000e+01 1.516849999999999985e-46
3.500000000000000000e+01 1.480620000000000042e-46
3.525000000000000000e+01 1.446159999999999921e-46
3.550000000000000000e+01 1.413069999999999914e-46
3.575000000000000000e+01 1.380709999999999906e-46
3.600000000000000000e+01 1.349270000000000002e-46
3.625000000000000000e+01 1.319589999999999975e-46
3.650000000000000000e+01 1.290809999999999969e-46
3.675000000000000000e+01 1.262510000000000000e-46
3.700000000000000000e+01 1.235779999999999998e-46
3.725000000000000000e+01 1.209670000000000029e-46
3.750000000000000000e+01 1.184309999999999947e-46
3.775000000000000000e+01 1.159790000000000027e-46
3.800000000000000000e+01 1.136290000000000040e-46
3.825000000000000000e+01 1.114239999999999915e-46
3.850000000000000000e+01 1.092590000000000079e-46
3.875000000000000000e+01 1.071570000000000025e-46
3.900000000000000000e+01 1.051190000000000085e-46
3.925000000000000000e+01 1.031469999999999954e-46
3.950000000000000000e+01 1.012270000000000024e-46
3.975000000000000000e+01 9.935710000000000921e-47
4.000000000000000000e+01 9.758300000000000899e-47
4.025000000000000000e+01 9.585190000000000156e-47
4.050000000000000000e+01 9.415080000000000132e-47
4.075000000000000000e+01 9.255560000000000367e-47
4.100000000000000000e+01 9.096760000000000075e-47
4.125000000000000000e+01 8.943319999999999744e-47
4.150000000000000000e+01 8.793290000000000560e-47
4.175000000000000000e+01 8.649370000000000058e-47
4.200000000000000000e+01 8.508490000000000245e-47
4.225000000000000000e+01 8.373100000000000054e-47
4.250000000000000000e+01 8.240859999999999742e-47
4.275000000000000000e+01 8.115570000000000414e-47
4.300000000000000000e+01 7.993479999999999712e-47
4.325000000000000000e+01 7.873259999999999828e-47
4.350000000000000000e+01 7.757720000000000403e-47
4.375000000000000000e+01 7.643920000000000189e-47
4.400000000000000000e+01 7.536320000000000292e-47
4.425000000000000000e+01 7.433289999999999720e-47
4.450000000000000000e+01 7.332860000000000159e-47
4.475000000000000000e+01 7.232220000000000023e-47
4.500000000000000000e+01 7.137350000000000277e-47
4.525000000000000000e+01 7.044200000000000242e-47
4.550000000000000000e+01 6.951950000000000034e-47
4.575000000000000000e+01 6.865750000000000010e-47
4.600000000000000000e+01 6.780769999999999578e-47
4.625000000000000000e+01 6.699759999999999883e-47
4.650000000000000000e+01 6.620620000000000032e-47
4.675000000000000000e+01 6.543340000000000277e-47
4.700000000000000000e+01 6.466829999999999715e-47
4.725000000000000000e+01 6.392610000000000148e-47
4.750000000000000000e+01 6.320820000000000015e-47
4.775000000000000000e+01 6.250070000000000092e-47
4.800000000000000000e+01 6.182930000000000198e-47
4.825000000000000000e+01 6.116439999999999584e-47
4.850000000000000000e+01 6.052430000000000069e-47
4.875000000000000000e+01 5.989919999999999942e-47
4.900000000000000000e+01 5.928429999999999552e-47
4.925000000000000000e+01 5.867879999999999933e-47
4.950000000000000000e+01 5.809729999999999526e-47
4.975000000000000000e+01 5.751340000000000268e-47
5.000000000000000000e+01 5.695289999999999781e-47
5.025000000000000000e+01 5.638240000000000027e-47
5.050000000000000000e+01 5.581470000000000068e-47
5.075000000000000000e+01 5.526330000000000129e-47
5.100000000000000000e+01 5.473210000000000169e-47
5.125000000000000000e+01 5.423139999999999675e-47
5.150000000000000000e+01 5.372870000000000299e-47
5.175000000000000000e+01 5.323459999999999807e-47
5.200000000000000000e+01 5.274090000000000258e-47
5.225000000000000000e+01 5.227140000000000394e-47
5.250000000000000000e+01 5.180099999999999867e-47
5.275000000000000000e+01 5.134810000000000245e-47
5.300000000000000000e+01 5.088579999999999853e-47
5.325000000000000000e+01 5.044749999999999647e-47
5.350000000000000000e+01 5.001489999999999752e-47
5.375000000000000000e+01 4.960550000000000102e-47
5.400000000000000000e+01 4.920259999999999732e-47
5.425000000000000000e+01 4.879949999999999863e-47
5.450000000000000000e+01 4.840530000000000071e-47
5.475000000000000000e+01 4.802339999999999620e-47
5.500000000000000000e+01 4.765359999999999985e-47
5.525000000000000000e+01 4.727009999999999652e-47
5.550000000000000000e+01 4.691070000000000226e-47
5.575000000000000000e+01 4.656210000000000009e-47
5.600000000000000000e+01 4.621589999999999616e-47
5.625000000000000000e+01 4.587909999999999992e-47
5.650000000000000000e+01 4.554299999999999588e-47
5.675000000000000000e+01 4.520450000000000332e-47
5.700000000000000000e+01 4.488110000000000213e-47
5.725000000000000000e+01 4.457860000000000263e-47
5.750000000000000000e+01 4.427220000000000356e-47
5.775000000000000000e+01 4.397290000000000172e-47
5.800000000000000000e+01 4.368319999999999770e-47
5.825000000000000000e+01 4.339960000000000137e-47
5.850000000000000000e+01 4.311409999999999914e-47
5.875000000000000000e+01 4.284140000000000211e-47
5.900000000000000000e+01 4.256980000000000184e-47
5.925000000000000000e+01 4.230719999999999984e-47
5.950000000000000000e+01 4.205260000000000170e-47
5.975000000000000000e+01 4.180629999999999990e-47
6.000000000000000000e+01 4.155399999999999764e-47
6.025000000000000000e+01 4.130750000000000086e-47
6.050000000000000000e+01 4.107350000000000220e-47
6.075000000000000000e+01 4.084159999999999958e-47
6.100000000000000000e+01 4.060609999999999959e-47
6.125000000000000000e+01 4.038309999999999774e-47
6.150000000000000000e+01 4.017480000000000213e-47
6.175000000000000000e+01 3.995700000000000132e-47
6.200000000000000000e+01 3.974520000000000098e-47
6.225000000000000000e+01 3.954199999999999920e-47
6.250000000000000000e+01 3.933969999999999919e-47
6.275000000000000000e+01 3.914149999999999860e-47
6.300000000000000000e+01 3.893959999999999830e-47
6.325000000000000000e+01 3.873669999999999873e-47
6.350000000000000000e+01 3.854389999999999905e-47
6.375000000000000000e+01 3.835200000000000114e-47
6.400000000000000000e+01 3.816660000000000089e-47
6.425000000000000000e+01 3.798020000000000138e-47
6.450000000000000000e+01 3.780410000000000162e-47
6.475000000000000000e+01 3.763119999999999951e-47
6.500000000000000000e+01 3.745930000000000152e-47
6.525000000000000000e+01 3.728839999999999794e-47
6.550000000000000000e+01 3.712480000000000117e-47
6.575000000000000000e+01 3.696779999999999956e-47
6.600000000000000000e+01 3.681460000000000002e-47
6.625000000000000000e+01 3.664680000000000147e-47
6.650000000000000000e+01 3.648869999999999823e-47
6.675000000000000000e+01 3.633939999999999827e-47
6.700000000000000000e+01 3.618429999999999770e-47
6.725000000000000000e+01 3.603020000000000125e-47
6.750000000000000000e+01 3.587789999999999863e-47
6.775000000000000000e+01 3.572990000000000014e-47
6.800000000000000000e+01 3.558339999999999813e-47
6.825000000000000000e+01 3.544159999999999996e-47
6.850000000000000000e+01 3.530230000000000239e-47
6.875000000000000000e+01 3.516359999999999952e-47
6.900000000000000000e+01 3.502659999999999784e-47
6.925000000000000000e+01 3.489139999999999970e-47
6.950000000000000000e+01 3.475239999999999948e-47
6.975000000000000000e+01 3.462010000000000164e-47
7.000000000000000000e+01 3.449700000000000192e-47
7.025000000000000000e+01 3.435880000000000112e-47
7.050000000000000000e+01 3.422939999999999872e-47
7.075000000000000000e+01 3.409929999999999927e-47
7.100000000000000000e+01 3.396950000000000204e-47
7.125000000000000000e+01 3.384339999999999966e-47
7.150000000000000000e+01 3.371819999999999905e-47
7.175000000000000000e+01 3.359729999999999771e-47
7.200000000000000000e+01 3.347819999999999993e-47
7.225000000000000000e+01 3.335919999999999963e-47
7.250000000000000000e+01 3.323869999999999801e-47
7.275000000000000000e+01 3.312099999999999920e-47
7.300000000000000000e+01 3.300480000000000171e-47
7.325000000000000000e+01 3.288749999999999774e-47
7.350000000000000000e+01 3.277920000000000176e-47
7.375000000000000000e+01 3.266310000000000178e-47
7.400000000000000000e+01 3.254749999999999899e-47
7.425000000000000000e+01 3.243059999999999959e-47
7.450000000000000000e+01 3.231850000000000154e-47
7.475000000000000000e+01 3.220570000000000156e-47
7.500000000000000000e+01 3.209769999999999807e-47
7.525000000000000000e+01 3.198739999999999869e-47
7.550000000000000000e+01 3.187359999999999945e-47
7.575000000000000000e+01 3.176660000000000009e-47
7.600000000000000000e+01 3.165849999999999910e-47
7.625000000000000000e+01 3.155670000000000078e-47
7.650000000000000000e+01 3.144979999999999892e-47
7.675000000000000000e+01 3.134490000000000044e-47
7.700000000000000000e+01 3.123850000000000064e-47
7.725000000000000000e+01 3.113839999999999865e-47
7.750000000000000000e+01 3.103660000000000034e-47
7.775000000000000000e+01 3.093890000000000145e-47
7.800000000000000000e+01 3.083859999999999960e-47
7.825000000000000000e+01 3.074220000000000219e-47
7.850000000000000000e+01 3.064969999999999950e-47
7.875000000000000000e+01 3.055439999999999885e-47
7.900000000000000000e+01 3.045949999999999791e-47
7.925000000000000000e+01 3.036449999999999947e-47
7.950000000000000000e+01 3.026899999999999897e-47
7.975000000000000000e+01 3.018199999999999954e-47
8.000000000000000000e+01 3.009119999999999802e-47
8.025000000000000000e+01 3.000069999999999872e-47
8.050000000000000000e+01 2.991079999999999898e-47
8.075000000000000000e+01 2.982060000000000188e-47
8.100000000000000000e+01 2.973710000000000231e-47
8.125000000000000000e+01 2.965259999999999861e-47
8.150000000000000000e+01 2.956949999999999875e-47
8.175000000000000000e+01 2.948690000000000095e-47
8.200000000000000000e+01 2.940039999999999871e-47
8.225000000000000000e+01 2.931709999999999899e-47
8.250000000000000000e+01 2.923240000000000030e-47
8.275000000000000000e+01 2.915410000000000178e-47
8.300000000000000000e+01 2.907149999999999912e-47
8.325000000000000000e+01 2.898540000000000145e-47
8.350000000000000000e+01 2.890700000000000057e-47
8.375000000000000000e+01 2.882410000000000056e-47
8.400000000000000000e+01 2.874700000000000116e-47
8.425000000000000000e+01 2.866820000000000057e-47
8.450000000000000000e+01 2.859190000000000059e-47
8.475000000000000000e+01 2.851400000000000177e-47
8.500000000000000000e+01 2.843979999999999781e-47
8.525000000000000000e+01 2.836220000000000121e-47
8.550000000000000000e+01 2.828750000000000005e-47
8.575000000000000000e+01 2.821459999999999757e-47
8.600000000000000000e+01 2.814400000000000070e-47
8.625000000000000000e+01 2.807140000000000043e-47
8.650000000000000000e+01 2.799910000000000237e-47
8.675000000000000000e+01 2.793200000000000050e-47
8.700000000000000000e+01 2.786930000000000027e-47
8.725000000000000000e+01 2.780389999999999959e-47
8.750000000000000000e+01 2.773840000000000141e-47
8.775000000000000000e+01 2.767169999999999925e-47
8.800000000000000000e+01 2.760540000000000166e-47
8.825000000000000000e+01 2.754029999999999832e-47
8.850000000000000000e+01 2.747579999999999941e-47
8.875000000000000000e+01 2.741269999999999947e-47
8.900000000000000000e+01 2.734580000000000232e-47
8.925000000000000000e+01 2.727989999999999957e-47
8.950000000000000000e+01 2.722069999999999920e-47
8.975000000000000000e+01 2.715899999999999824e-47
9.000000000000000000e+01 2.709480000000000154e-47
9.025000000000000000e+01 2.703339999999999792e-47
9.050000000000000000e+01 2.697440000000000227e-47
9.075000000000000000e+01 2.691230000000000160e-47
9.100000000000000000e+01 2.685109999999999784e-47
9.125000000000000000e+01 2.678719999999999849e-47
9.150000000000000000e+01 2.672730000000000106e-47
9.175000000000000000e+01 2.666750000000000114e-47
9.200000000000000000e+01 2.660610000000000238e-47
9.225000000000000000e+01 2.655080000000000159e-47
9.250000000000000000e+01 2.649149999999999887e-47
9.275000000000000000e+01 2.643069999999999967e-47
9.300000000000000000e+01 2.637559999999999873e-47
9.325000000000000000e+01 2.631490000000000190e-47
9.350000000000000000e+01 2.625880000000000169e-47
9.375000000000000000e+01 2.620509999999999972e-47
9.400000000000000000e+01 2.615059999999999834e-47
9.425000000000000000e+01 2.609559999999999976e-47
9.450000000000000000e+01 2.604319999999999927e-47
9.475000000000000000e+01 2.598800000000000084e-47
9.500000000000000000e+01 2.593790000000000109e-47
9.525000000000000000e+01 2.588749999999999914e-47
9.550000000000000000e+01 2.583340000000000233e-47
9.575000000000000000e+01 2.578180000000000125e-47
9.600000000000000000e+01 2.573549999999999873e-47
9.625000000000000000e+01 2.568200000000000147e-47
9.650000000000000000e+01 2.562679999999999818e-47
9.675000000000000000e+01 2.557870000000000183e-47
9.700000000000000000e+01 2.552829999999999987e-47
9.725000000000000000e+01 2.548209999999999970e-47
9.750000000000000000e+01 2.543419999999999835e-47
9.775000000000000000e+01 2.538690000000000142e-47
9.800000000000000000e+01 2.533709999999999902e-47
9.825000000000000000e+01 2.529240000000000018e-47
9.850000000000000000e+01 2.524600000000000016e-47
9.875000000000000000e+01 2.520119999999999896e-47
9.900000000000000000e+01 2.515430000000000173e-47
9.925000000000000000e+01 2.510979999999999789e-47
9.950000000000000000e+01 2.506230000000000110e-47
9.975000000000000000e+01 2.501860000000000153e-47
1.000000000000000000e+02 2.497730000000000020e-47
1.002500000000000000e+02 2.493249999999999900e-47
1.005000000000000000e+02 2.488680000000000089e-47
1.007500000000000000e+02 2.484069999999999822e-47
1.010000000000000000e+02 2.479650000000000144e-47
1.012500000000000000e+02 2.474869999999999758e-47
1.015000000000000000e+02 2.470419999999999860e-47
1.017500000000000000e+02 2.466100000000000109e-47
1.020000000000000000e+02 2.461549999999999798e-47
1.022500000000000000e+02 2.457449999999999886e-47
1.025000000000000000e+02 2.453299999999999767e-47
1.027500000000000000e+02 2.449529999999999856e-47
1.030000000000000000e+02 2.445509999999999886e-47
1.032500000000000000e+02 2.441449999999999944e-47
1.035000000000000000e+02 2.437270000000000091e-47
1.037500000000000000e+02 2.433569999999999886e-47
1.040000000000000000e+02 2.429370000000000047e-47
1.042500000000000000e+02 2.425199999999999943e-47
1.045000000000000000e+02 2.421419999999999797e-47
1.047500000000000000e+02 2.417250000000000179e-47
1.050000000000000000e+02 2.413510000000000003e-47
1.052500000000000000e+02 2.409569999999999974e-47
1.055000000000000000e+02 2.405530000000000018e-47
1.057500000000000000e+02 2.401479999999999826e-47
1.060000000000000000e+02 2.397860000000000048e-47
1.062500000000000000e+02 2.394179999999999829e-47
1.065000000000000000e+02 2.390580000000000036e-47
1.067500000000000000e+02 2.387000000000000229e-47
1.070000000000000000e+02 2.383550000000000084e-47
1.072500000000000000e+02 2.379729999999999967e-47
1.075000000000000000e+02 2.376270000000000072e-47
1.077500000000000000e+02 2.372709999999999764e-47
1.080000000000000000e+02 2.369050000000000016e-47
1.082500000000000000e+02 2.365829999999999945e-47
1.085000000000000000e+02 2.362159999999999961e-47
1.087500000000000000e+02 2.358629999999999874e-47
1.090000000000000000e+02 2.355160000000000230e-47
1.092500000000000000e+02 2.352040000000000085e-47
1.095000000000000000e+02 2.348250000000000189e-47
1.097500000000000000e+02 2.344519999999999763e-47
1.100000000000000000e+02 2.340890000000000236e-47
1.102500000000000000e+02 2.337240000000000237e-47
1.105000000000000000e+02 2.333560000000000017e-47
1.107500000000000000e+02 2.330359999999999932e-47
1.110000000000000000e+02 2.326940000000000007e-47
1.112500000000000000e+02 2.323670000000000216e-47
1.115000000000000000e+02 2.320069999999999938e-47
1.117500000000000000e+02 2.316769999999999926e-47
1.120000000000000000e+02 2.313199999999999868e-47
1.122500000000000000e+02 2.309819999999999915e-47
1.125000000000000000e+02 2.306530000000000138e-47
1.127500000000000000e+02 2.303159999999999934e-47
1.130000000000000000e+02 2.299999999999999820e-47
1.132500000000000000e+02 2.296559999999999910e-47
1.135000000000000000e+02 2.293439999999999766e-47
1.137500000000000000e+02 2.290200000000000196e-47
1.140000000000000000e+02 2.286980000000000125e-47
1.142500000000000000e+02 2.283780000000000040e-47
1.145000000000000000e+02 2.280509999999999762e-47
1.147500000000000000e+02 2.277290000000000178e-47
1.150000000000000000e+02 2.274229999999999990e-47
1.152500000000000000e+02 2.271140000000000066e-47
1.155000000000000000e+02 2.268269999999999982e-47
1.157500000000000000e+02 2.265379999999999913e-47
1.160000000000000000e+02 2.262320000000000211e-47
1.162500000000000000e+02 2.259149999999999860e-47
1.165000000000000000e+02 2.255940000000000025e-47
1.167500000000000000e+02 2.252790000000000146e-47
1.170000000000000000e+02 2.249800000000000150e-47
1.172500000000000000e+02 2.246620000000000050e-47
1.175000000000000000e+02 2.243729999999999980e-47
1.177500000000000000e+02 2.241100000000000206e-47
1.180000000000000000e+02 2.238210000000000136e-47
1.182500000000000000e+02 2.235269999999999860e-47
1.185000000000000000e+02 2.232319999999999835e-47
1.187500000000000000e+02 2.229459999999999986e-47
1.190000000000000000e+02 2.226720000000000050e-47
1.192500000000000000e+02 2.223909999999999921e-47
1.195000000000000000e+02 2.221139999999999764e-47
1.197500000000000000e+02 2.218350000000000107e-47
1.200000000000000000e+02 2.215659999999999891e-47
1.202500000000000000e+02 2.212930000000000190e-47
1.205000000000000000e+02 2.210149999999999797e-47
1.207500000000000000e+02 2.207110000000000080e-47
1.210000000000000000e+02 2.204430000000000100e-47
1.212500000000000000e+02 2.201650000000000193e-47
1.215000000000000000e+02 2.199019999999999933e-47
1.217500000000000000e+02 2.196419999999999894e-47
1.220000000000000000e+02 2.193870000000000061e-47
1.222500000000000000e+02 2.191429999999999905e-47
1.225000000000000000e+02 2.188850000000000094e-47
1.227500000000000000e+02 2.186170000000000114e-47
1.230000000000000000e+02 2.183739999999999950e-47
1.232500000000000000e+02 2.181029999999999991e-47
1.235000000000000000e+02 2.178550000000000107e-47
1.237500000000000000e+02 2.175920000000000090e-47
1.240000000000000000e+02 2.173660000000000045e-47
1.242500000000000000e+02 2.171020000000000035e-47
1.245000000000000000e+02 2.168650000000000071e-47
1.247500000000000000e+02 2.166139999999999966e-47
1.250000000000000000e+02 2.163559999999999912e-47
1.252500000000000000e+02 2.161239999999999911e-47
1.255000000000000000e+02 2.158829999999999976e-47
1.257500000000000000e+02 2.156460000000000011e-47
1.260000000000000000e+02 2.154040000000000083e-47
1.262500000000000000e+02 2.152090000000000054e-47
1.265000000000000000e+02 2.149629999999999912e-47
1.267500000000000000e+02 2.147269999999999940e-47
1.270000000000000000e+02 2.144689999999999887e-47
1.272500000000000000e+02 2.142540000000000004e-47
1.275000000000000000e+02 2.140440000000000085e-47
1.277500000000000000e+02 2.138470000000000070e-47
1.280000000000000000e+02 2.136279999999999973e-47
1.282500000000000000e+02 2.134230000000000017e-47
1.285000000000000000e+02 2.132170000000000069e-47
1.287500000000000000e+02 2.130039999999999928e-47
1.290000000000000000e+02 2.127800000000000112e-47
1.292500000000000000e+02 2.125669999999999971e-47
1.295000000000000000e+02 2.123419999999999919e-47
1.297500000000000000e+02 2.121310000000000007e-47
1.300000000000000000e+02 2.119240000000000065e-47
1.302500000000000000e+02 2.117540000000000096e-47
1.305000000000000000e+02 2.115600000000000059e-47
1.307500000000000000e+02 2.113630000000000044e-47
1.310000000000000000e+02 2.111700000000000000e-47
1.312500000000000000e+02 2.109739999999999979e-47
1.315000000000000000e+02 2.107990000000000046e-47
1.317500000000000000e+02 2.105900000000000119e-47
1.320000000000000000e+02 2.104070000000000002e-47
1.322500000000000000e+02 2.102310000000000076e-47
1.325000000000000000e+02 2.100429999999999996e-47
1.327500000000000000e+02 2.098650000000000085e-47
1.330000000000000000e+02 2.096670000000000078e-47
1.332500000000000000e+02 2.095040000000000057e-47
1.335000000000000000e+02 2.093249999999999910e-47
1.337500000000000000e+02 2.091660000000000103e-47
1.340000000000000000e+02 2.089750000000000045e-47
1.342500000000000000e+02 2.087959999999999898e-47
1.345000000000000000e+02 2.085879999999999964e-47
1.347500000000000000e+02 2.084040000000000097e-47
1.350000000000000000e+02 2.082299999999999914e-47
1.352500000000000000e+02 2.080549999999999981e-47
1.355000000000000000e+02 2.078669999999999901e-47
1.357500000000000000e+02 2.077229999999999984e-47
1.360000000000000000e+02 2.075780000000000074e-47
1.362500000000000000e+02 2.074309999999999936e-47
1.365000000000000000e+02 2.072830000000000048e-47
1.367500000000000000e+02 2.070979999999999946e-47
1.370000000000000000e+02 2.069379999999999903e-47
1.372500000000000000e+02 2.067840000000000059e-47
1.375000000000000000e+02 2.066210000000000039e-47
1.377500000000000000e+02 2.064520000000000062e-47
1.380000000000000000e+02 2.062959999999999990e-47
1.382500000000000000e+02 2.061570000000000036e-47
1.385000000000000000e+02 2.060130000000000119e-47
1.387500000000000000e+02 2.058789999999999886e-47
1.390000000000000000e+02 2.057530000000000080e-47
1.392500000000000000e+02 2.056409999999999929e-47
1.395000000000000000e+02 2.054850000000000100e-47
1.397500000000000000e+02 2.053379999999999962e-47
1.400000000000000000e+02 2.052079999999999942e-47
1.402500000000000000e+02 2.050799999999999908e-47
1.405000000000000000e+02 2.049290000000000042e-47
1.407500000000000000e+02 2.047860000000000118e-47
1.410000000000000000e+02 2.046729999999999974e-47
1.412500000000000000e+02 2.045479999999999918e-47
1.415000000000000000e+02 2.044250000000000090e-47
1.417500000000000000e+02 2.043209999999999880e-47
1.420000000000000000e+02 2.042119999999999950e-47
1.422500000000000000e+02 2.040779999999999959e-47
1.425000000000000000e+02 2.039680000000000036e-47
1.427500000000000000e+02 2.038489999999999936e-47
1.430000000000000000e+02 2.037139999999999953e-47
1.432500000000000000e+02 2.035789999999999970e-47
1.435000000000000000e+02 2.034809999999999960e-47
1.437500000000000000e+02 2.033710000000000036e-47
1.440000000000000000e+02 2.032539999999999922e-47
1.442500000000000000e+02 2.031420000000000013e-47
1.445000000000000000e+02 2.030469999999999980e-47
1.447500000000000000e+02 2.029279999999999880e-47
1.450000000000000000e+02 2.028040000000000060e-47
1.452500000000000000e+02 2.027040000000000063e-47
1.455000000000000000e+02 2.025829999999999978e-47
1.457500000000000000e+02 2.025040000000000071e-47
1.460000000000000000e+02 2.024219999999999942e-47
1.462500000000000000e+02 2.023239999999999931e-47
1.465000000000000000e+02 2.022509999999999980e-47
1.467500000000000000e+02 2.021589999999999925e-47
1.470000000000000000e+02 2.020539999999999966e-47
1.472500000000000000e+02 2.019599999999999925e-47
1.475000000000000000e+02 2.018700000000000099e-47
1.477500000000000000e+02 2.017810000000000022e-47
1.480000000000000000e+02 2.016879999999999974e-47
1.482500000000000000e+02 2.016020000000000118e-47
1.485000000000000000e+02 2.015150000000000027e-47
1.487500000000000000e+02 2.014339999999999891e-47
1.490000000000000000e+02 2.013500000000000021e-47
1.492500000000000000e+02 2.012740000000000092e-47
1.495000000000000000e+02 2.011979999999999919e-47
1.497500000000000000e+02 2.010949999999999945e-47
1.500000000000000000e+02 2.009979999999999927e-47
1.502500000000000000e+02 2.009200000000000012e-47
1.505000000000000000e+02 2.008559999999999995e-47
1.507500000000000000e+02 2.007689999999999904e-47
1.510000000000000000e+02 2.007080000000000108e-47
1.512500000000000000e+02 2.006249999999999987e-47
1.515000000000000000e+02 2.005740000000000117e-47
1.517500000000000000e+02 2.005120000000000086e-47
1.520000000000000000e+02 2.004679999999999922e-47
1.522500000000000000e+02 2.004120000000000089e-47
1.525000000000000000e+02 2.003599999999999984e-47
1.527500000000000000e+02 2.003009999999999930e-47
1.530000000000000000e+02 2.002359999999999921e-47
1.532500000000000000e+02 2.001699999999999918e-47
1.535000000000000000e+02 2.001029999999999923e-47
1.537500000000000000e+02 2.000329999999999950e-47
1.540000000000000000e+02 1.999780000000000110e-47
1.542500000000000000e+02 1.999349999999999939e-47
1.545000000000000000e+02 1.998719999999999915e-47
1.547500000000000000e+02 1.998309999999999972e-47
1.550000000000000000e+02 1.997930000000000007e-47
1.552500000000000000e+02 1.997480000000000094e-47
1.555000000000000000e+02 1.997099999999999886e-47
1.557500000000000000e+02 1.996669999999999959e-47
1.560000000000000000e+02 1.996439999999999884e-47
1.562500000000000000e+02 1.996099999999999890e-47
1.565000000000000000e+02 1.995749999999999904e-47
1.567500000000000000e+02 1.995439999999999888e-47
1.570000000000000000e+02 1.995210000000000056e-47
1.572500000000000000e+02 1.994950000000000004e-47
1.575000000000000000e+02 1.994749999999999907e-47
1.577500000000000000e+02 1.994200000000000067e-47
1.580000000000000000e+02 1.994190000000000075e-47
1.582500000000000000e+02 1.993960000000000000e-47
1.585000000000000000e+02 1.993590000000000028e-47
1.587500000000000000e+02 1.993659999999999977e-47
1.590000000000000000e+02 1.993160000000000100e-47
1.592500000000000000e+02 1.993119999999999887e-47
1.595000000000000000e+02 1.993049999999999938e-47
1.597500000000000000e+02 1.993160000000000100e-47
1.600000000000000000e+02 1.992840000000000092e-47
1.602500000000000000e+02 1.992649999999999988e-47
1.605000000000000000e+02 1.992470000000000120e-47
1.607500000000000000e+02 1.992500000000000098e-47
1.610000000000000000e+02 1.992630000000000003e-47
1.612500000000000000e+02 1.992689999999999959e-47
1.615000000000000000e+02 1.992870000000000070e-47
1.617500000000000000e+02 1.993009999999999967e-47
1.620000000000000000e+02 1.993180000000000086e-47
1.622500000000000000e+02 1.993280000000000012e-47
1.625000000000000000e+02 1.993470000000000116e-47
1.627500000000000000e+02 1.993639999999999992e-47
1.630000000000000000e+02 1.993749999999999911e-47
1.632500000000000000e+02 1.994029999999999949e-47
1.635000000000000000e+02 1.994130000000000119e-47
1.637500000000000000e+02 1.994140000000000111e-47
1.640000000000000000e+02 1.994270000000000016e-47
1.642500000000000000e+02 1.994590000000000025e-47
1.645000000000000000e+02 1.994850000000000077e-47
1.647500000000000000e+02 1.995099999999999894e-47
1.650000000000000000e+02 1.995590000000000021e-47
1.652500000000000000e+02 1.995979999999999978e-47
1.655000000000000000e+02 1.996359999999999943e-47
1.657500000000000000e+02 1.996790000000000114e-47
1.660000000000000000e+02 1.996900000000000033e-47
1.662500000000000000e+02 1.997309999999999976e-47
1.665000000000000000e+02 1.997550000000000043e-47
1.667500000000000000e+02 1.997930000000000007e-47
1.670000000000000000e+02 1.998470000000000098e-47
1.672500000000000000e+02 1.999160000000000078e-47
1.675000000000000000e+02 1.999729999999999904e-47
1.677500000000000000e+02 2.000530000000000046e-47
1.680000000000000000e+02 2.001039999999999916e-47
1.682500000000000000e+02 2.001379999999999910e-47
1.685000000000000000e+02 2.001880000000000029e-47
1.687500000000000000e+02 2.002440000000000105e-47
1.690000000000000000e+02 2.003200000000000034e-47
1.692500000000000000e+02 2.003800000000000081e-47
1.695000000000000000e+02 2.004379999999999899e-47
1.697500000000000000e+02 2.005009999999999923e-47
1.700000000000000000e+02 2.005969999999999949e-47
1.702500000000000000e+02 2.006850000000000033e-47
1.705000000000000000e+02 2.007349999999999910e-47
1.707500000000000000e+02 2.007909999999999985e-47
1.710000000000000000e+02 2.008919999999999974e-47
1.712500000000000000e+02 2.009619999999999947e-47
1.715000000000000000e+02 2.010309999999999928e-47
1.717500000000000000e+02 2.011359999999999888e-47
1.720000000000000000e+02 2.012319999999999913e-47
1.722500000000000000e+02 2.013110000000000063e-47
1.725000000000000000e+02 2.014090000000000074e-47
1.727500000000000000e+02 2.015090000000000071e-47
1.730000000000000000e+02 2.015959999999999919e-47
1.732500000000000000e+02 2.017080000000000071e-47
1.735000000000000000e+02 2.018070000000000074e-47
1.737500000000000000e+02 2.019120000000000034e-47
1.740000000000000000e+02 2.020199999999999972e-47
1.742500000000000000e+02 2.021509999999999984e-47
1.745000000000000000e+02 2.022599999999999914e-47
1.747500000000000000e+02 2.023589999999999918e-47
1.750000000000000000e+02 2.024849999999999967e-47
1.752500000000000000e+02 2.026169999999999972e-47
1.755000000000000000e+02 2.027680000000000080e-47
1.757500000000000000e+02 2.028949999999999879e-47
1.760000000000000000e+02 2.030199999999999935e-47
1.762500000000000000e+02 2.031539999999999925e-47
1.765000000000000000e+02 2.032919999999999886e-47
1.767500000000000000e+02 2.034050000000000030e-47
1.770000000000000000e+02 2.035360000000000043e-47
1.772500000000000000e+02 2.036869999999999908e-47
1.775000000000000000e+02 2.038340000000000046e-47
1.777500000000000000e+02 2.039779999999999963e-47
1.780000000000000000e+02 2.041149999999999931e-47
1.782500000000000000e+02 2.042560000000000113e-47
1.785000000000000000e+02 2.044159999999999913e-47
1.787500000000000000e+02 2.045640000000000044e-47
1.790000000000000000e+02 2.047260000000000072e-47
1.792500000000000000e+02 2.048789999999999923e-47
1.795000000000000000e+02 2.050389999999999965e-47
1.797500000000000000e+02 2.052029999999999979e-47
1.800000000000000000e+02 2.053749999999999934e-47
1.802500000000000000e+02 2.055339999999999984e-47
1.805000000000000000e+02 2.057029999999999961e-47
1.807500000000000000e+02 2.059009999999999968e-47
1.810000000000000000e+02 2.060689999999999952e-47
1.812500000000000000e+02 2.062550000000000047e-47
1.815000000000000000e+02 2.064059999999999913e-47
1.817500000000000000e+02 2.065989999999999957e-47
1.820000000000000000e+02 2.068059999999999898e-47
1.822500000000000000e+02 2.069979999999999949e-47
1.825000000000000000e+02 2.071840000000000045e-47
1.827500000000000000e+02 2.073659999999999926e-47
1.830000000000000000e+02 2.075460000000000065e-47
1.832500000000000000e+02 2.077150000000000042e-47
1.835000000000000000e+02 2.079060000000000101e-47
1.837500000000000000e+02 2.081440000000000058e-47
1.840000000000000000e+02 2.083450000000000043e-47
1.842500000000000000e+02 2.085760000000000052e-47
1.845000000000000000e+02 2.087949999999999905e-47
1.847500000000000000e+02 2.090010000000000097e-47
1.850000000000000000e+02 2.092159999999999980e-47
1.852500000000000000e+02 2.094219999999999929e-47
1.855000000000000000e+02 2.096529999999999937e-47
1.857500000000000000e+02 2.098859999999999931e-47
1.860000000000000000e+02 2.100940000000000108e-47
1.862500000000000000e+02 2.103409999999999999e-47
1.865000000000000000e+02 2.105660000000000052e-47
1.867500000000000000e+02 2.108149999999999928e-47
1.870000000000000000e+02 2.110540000000000121e-47
1.872500000000000000e+02 2.112930000000000071e-47
1.875000000000000000e+02 2.115379999999999977e-47
1.877500000000000000e+02 2.118099999999999928e-47
1.880000000000000000e+02 2.120610000000000033e-47
1.882500000000000000e+02 2.123089999999999917e-47
1.885000000000000000e+02 2.125759999999999905e-47
1.887500000000000000e+02 2.128429999999999893e-47
1.890000000000000000e+02 2.131019999999999939e-47
1.892500000000000000e+02 2.133639999999999964e-47
1.895000000000000000e+02 2.136279999999999973e-47
1.897500000000000000e+02 2.138959999999999954e-47
1.900000000000000000e+02 2.141830000000000038e-47
1.902500000000000000e+02 2.144750000000000086e-47
1.905000000000000000e+02 2.147790000000000045e-47
1.907500000000000000e+02 2.150720000000000086e-47
1.910000000000000000e+02 2.153579999999999934e-47
1.912500000000000000e+02 2.156350000000000092e-47
1.915000000000000000e+02 2.159450000000000007e-47
1.917500000000000000e+02 2.162410000000000026e-47
1.920000000000000000e+02 2.165390000000000029e-47
1.922500000000000000e+02 2.168199999999999915e-47
1.925000000000000000e+02 2.171489999999999934e-47
1.927500000000000000e+02 2.174479999999999930e-47
1.930000000000000000e+02 2.177630000000000053e-47
1.932500000000000000e+02 2.180630000000000042e-47
1.935000000000000000e+02 2.183679999999999994e-47
1.937500000000000000e+02 2.186900000000000065e-47
1.940000000000000000e+02 2.189839999999999855e-47
1.942500000000000000e+02 2.193019999999999955e-47
1.945000000000000000e+02 2.196100000000000128e-47
1.947500000000000000e+02 2.198829999999999829e-47
1.950000000000000000e+02 2.201980000000000194e-47
1.952500000000000000e+02 2.204910000000000234e-47
1.955000000000000000e+02 2.208149999999999804e-47
1.957500000000000000e+02 2.211209999999999992e-47
1.960000000000000000e+02 2.214169999999999768e-47
1.962500000000000000e+02 2.217110000000000044e-47
1.965000000000000000e+02 2.219739999999999818e-47
1.967500000000000000e+02 2.222839999999999976e-47
1.970000000000000000e+02 2.225630000000000119e-47
1.972500000000000000e+02 2.228839999999999954e-47
1.975000000000000000e+02 2.232099999999999996e-47
1.977500000000000000e+02 2.235439999999999979e-47
1.980000000000000000e+02 2.238750000000000227e-47
1.982500000000000000e+02 2.241659999999999796e-47
1.985000000000000000e+02 2.245200000000000118e-47
1.987500000000000000e+02 2.248099999999999937e-47
1.990000000000000000e+02 2.251220000000000081e-47
1.992500000000000000e+02 2.254320000000000240e-47
1.995000000000000000e+02 2.257769999999999899e-47
1.997500000000000000e+02 2.260750000000000146e-47
2.000000000000000000e+02 2.264070000000000144e-47
2.002500000000000000e+02 2.267310000000000200e-47
2.005000000000000000e+02 2.270810000000000065e-47
2.007500000000000000e+02 2.273899999999999988e-47
2.010000000000000000e+02 2.277299999999999927e-47
2.012500000000000000e+02 2.280349999999999880e-47
2.015000000000000000e+02 2.283540000000000215e-47
2.017500000000000000e+02 2.286639999999999888e-47
2.020000000000000000e+02 2.289370000000000075e-47
2.022500000000000000e+02 2.292510000000000204e-47
2.025000000000000000e+02 2.295680000000000069e-47
2.027500000000000000e+02 2.299130000000000214e-47
2.030000000000000000e+02 2.302849999999999918e-47
2.032500000000000000e+02 2.306039999999999768e-47
2.035000000000000000e+02 2.309279999999999824e-47
2.037500000000000000e+02 2.312709999999999984e-47
2.040000000000000000e+02 2.315540000000000098e-47
2.042500000000000000e+02 2.318740000000000183e-47
2.045000000000000000e+02 2.321670000000000224e-47
2.047500000000000000e+02 2.324619999999999763e-47
2.050000000000000000e+02 2.327960000000000232e-47
2.052500000000000000e+02 2.330749999999999889e-47
2.055000000000000000e+02 2.334129999999999842e-47
2.057500000000000000e+02 2.337329999999999928e-47
2.060000000000000000e+02 2.340310000000000175e-47
2.062500000000000000e+02 2.342899999999999978e-47
2.065000000000000000e+02 2.345980000000000151e-47
2.067500000000000000e+02 2.349260000000000178e-47
2.070000000000000000e+02 2.352250000000000175e-47
2.072500000000000000e+02 2.355530000000000201e-47
2.075000000000000000e+02 2.358480000000000227e-47
2.077500000000000000e+02 2.361570000000000150e-47
2.080000000000000000e+02 2.364290000000000101e-47
2.082500000000000000e+02 2.367269999999999862e-47
2.085000000000000000e+02 2.370509999999999918e-47
2.087500000000000000e+02 2.373349999999999781e-47
2.090000000000000000e+02 2.376290000000000057e-47
2.092500000000000000e+02 2.379309999999999788e-47
2.095000000000000000e+02 2.382609999999999801e-47
2.097500000000000000e+02 2.385709999999999959e-47
2.100000000000000000e+02 2.388500000000000102e-47
2.102500000000000000e+02 2.391800000000000114e-47
2.105000000000000000e+02 2.394750000000000140e-47
2.107500000000000000e+02 2.397550000000000033e-47
2.110000000000000000e+02 2.400890000000000015e-47
2.112500000000000000e+02 2.403880000000000012e-47
2.115000000000000000e+02 2.406779999999999831e-47
2.117500000000000000e+02 2.409580000000000210e-47
2.120000000000000000e+02 2.412050000000000101e-47
2.122500000000000000e+02 2.415100000000000053e-47
2.125000000000000000e+02 2.417830000000000240e-47
2.127500000000000000e+02 2.420050000000000072e-47
2.130000000000000000e+02 2.422550000000000184e-47
2.132500000000000000e+02 2.425069999999999795e-47
2.135000000000000000e+02 2.427609999999999878e-47
2.137500000000000000e+02 2.429290000000000106e-47
2.140000000000000000e+02 2.431219999999999907e-47
2.142500000000000000e+02 2.433460000000000209e-47
2.145000000000000000e+02 2.435339999999999804e-47
2.147500000000000000e+02 2.437299999999999826e-47
2.150000000000000000e+02 2.439509999999999908e-47
2.152500000000000000e+02 2.441330000000000032e-47
2.155000000000000000e+02 2.442829999999999905e-47
2.157500000000000000e+02 2.444610000000000059e-47
2.160000000000000000e+02 2.445839999999999887e-47
2.162500000000000000e+02 2.447210000000000098e-47
2.165000000000000000e+02 2.448060000000000204e-47
2.167500000000000000e+02 2.448780000000000163e-47
2.170000000000000000e+02 2.449330000000000003e-47
2.172500000000000000e+02 2.449739999999999945e-47
2.175000000000000000e+02 2.450700000000000214e-47
2.177500000000000000e+02 2.450840000000000112e-47
2.180000000000000000e+02 2.451329999999999996e-47
2.182500000000000000e+02 2.451629999999999776e-47
2.185000000000000000e+02 2.451989999999999998e-47
2.187500000000000000e+02 2.451620000000000026e-47
2.190000000000000000e+02 2.451440000000000158e-47
2.192500000000000000e+02 2.450929999999999803e-47
2.195000000000000000e+02 2.450570000000000066e-47
2.197500000000000000e+02 2.450120000000000153e-47
2.200000000000000000e+02 2.449799999999999902e-47
2.202500000000000000e+02 2.448410000000000191e-47
2.205000000000000000e+02 2.447790000000000159e-47
2.207500000000000000e+02 2.446519999999999875e-47
2.210000000000000000e+02 2.444700000000000236e-47
2.212500000000000000e+02 2.442929999999999832e-47
2.215000000000000000e+02 2.440220000000000117e-47
2.217500000000000000e+02 2.437870000000000137e-47
2.220000000000000000e+02 2.435099999999999980e-47
2.222500000000000000e+02 2.432160000000000190e-47
2.225000000000000000e+02 2.429299999999999855e-47
2.227500000000000000e+02 2.426120000000000241e-47
2.230000000000000000e+02 2.422840000000000214e-47
2.232500000000000000e+02 2.418340000000000109e-47
2.235000000000000000e+02 2.414610000000000169e-47
2.237500000000000000e+02 2.410570000000000213e-47
2.240000000000000000e+02 2.406599999999999963e-47
2.242500000000000000e+02 2.401700000000000151e-47
2.245000000000000000e+02 2.396619999999999985e-47
2.247500000000000000e+02 2.391430000000000143e-47
2.250000000000000000e+02 2.385869999999999842e-47
2.252500000000000000e+02 2.380330000000000013e-47
2.255000000000000000e+02 2.374259999999999843e-47
2.257500000000000000e+02 2.368250000000000116e-47
2.260000000000000000e+02 2.362250000000000138e-47
2.262500000000000000e+02 2.355829999999999982e-47
2.265000000000000000e+02 2.348760000000000059e-47
2.267500000000000000e+02 2.341570000000000224e-47
2.270000000000000000e+02 2.334379999999999902e-47
2.272500000000000000e+02 2.327039999999999934e-47
2.275000000000000000e+02 2.319369999999999965e-47
2.277500000000000000e+02 2.310720000000000227e-47
2.280000000000000000e+02 2.302089999999999989e-47
2.282500000000000000e+02 2.293290000000000119e-47
2.285000000000000000e+02 2.283800000000000025e-47
2.287500000000000000e+02 2.274940000000000198e-47
2.290000000000000000e+02 2.265490000000000075e-47
2.292500000000000000e+02 2.256589999999999792e-47
2.295000000000000000e+02 2.246409999999999960e-47
2.297500000000000000e+02 2.235730000000000009e-47
2.300000000000000000e+02 2.224819999999999984e-47
2.302500000000000000e+02 2.214390000000000093e-47
2.305000000000000000e+02 2.203540000000000023e-47
2.307500000000000000e+02 2.191629999999999758e-47
2.310000000000000000e+02 2.179320000000000029e-47
2.312500000000000000e+02 2.167710000000000031e-47
2.315000000000000000e+02 2.155599999999999912e-47
2.317500000000000000e+02 2.142490000000000041e-47
2.320000000000000000e+02 2.129240000000000028e-47
2.322500000000000000e+02 2.116560000000000085e-47
2.325000000000000000e+02 2.103070000000000005e-47
2.327500000000000000e+02 2.089030000000000086e-47
2.330000000000000000e+02 2.074490000000000047e-47
2.332500000000000000e+02 2.059840000000000089e-47
2.335000000000000000e+02 2.045079999999999968e-47
2.337500000000000000e+02 2.030209999999999928e-47
2.340000000000000000e+02 2.015309999999999910e-47
2.342500000000000000e+02 1.999910000000000015e-47
2.345000000000000000e+02 1.984180000000000119e-47
2.347500000000000000e+02 1.967449999999999983e-47
2.350000000000000000e+02 1.950919999999999944e-47
2.352500000000000000e+02 1.933739999999999895e-47
2.355000000000000000e+02 1.916670000000000009e-47
2.357500000000000000e+02 1.898569999999999906e-47
2.360000000000000000e+02 1.880190000000000007e-47
2.362500000000000000e+02 1.861019999999999958e-47
2.365000000000000000e+02 1.841119999999999958e-47
2.367500000000000000e+02 1.821519999999999982e-47
2.370000000000000000e+02 1.801440000000000114e-47
2.372500000000000000e+02 1.781340000000000018e-47
2.375000000000000000e+02 1.760660000000000103e-47
2.377500000000000000e+02 1.739860000000000034e-47
2.380000000000000000e+02 1.719660000000000011e-47
2.382500000000000000e+02 1.698899999999999912e-47
2.385000000000000000e+02 1.678009999999999908e-47
2.387500000000000000e+02 1.657069999999999941e-47
2.390000000000000000e+02 1.635630000000000098e-47
2.392500000000000000e+02 1.614679999999999895e-47
2.395000000000000000e+02 1.593999999999999981e-47
2.397500000000000000e+02 1.572700000000000035e-47
2.400000000000000000e+02 1.550899999999999969e-47
2.402500000000000000e+02 1.529019999999999962e-47
2.405000000000000000e+02 1.507219999999999896e-47
2.407500000000000000e+02 1.485470000000000037e-47
2.410000000000000000e+02 1.464270000000000017e-47
2.412500000000000000e+02 1.442779999999999967e-47
2.415000000000000000e+02 1.420619999999999922e-47
2.417500000000000000e+02 1.398890000000000048e-47
2.420000000000000000e+02 1.377380000000000013e-47
2.422500000000000000e+02 1.356350000000000112e-47
2.425000000000000000e+02 1.334619999999999995e-47
2.427500000000000000e+02 1.313040000000000011e-47
2.430000000000000000e+02 1.291519999999999983e-47
2.432500000000000000e+02 1.270019999999999941e-47
2.435000000000000000e+02 1.248650000000000046e-47
2.437500000000000000e+02 1.227529999999999968e-47
2.440000000000000000e+02 1.206170000000000066e-47
2.442500000000000000e+02 1.185439999999999945e-47
2.445000000000000000e+02 1.165010000000000090e-47
2.447500000000000000e+02 1.144609999999999971e-47
2.450000000000000000e+02 1.124749999999999942e-47
2.452500000000000000e+02 1.104239999999999903e-47
2.455000000000000000e+02 1.084229999999999984e-47
2.457500000000000000e+02 1.064280000000000020e-47
2.460000000000000000e+02 1.044670000000000051e-47
2.462500000000000000e+02 1.025409999999999947e-47
2.465000000000000000e+02 1.005299999999999979e-47
2.467500000000000000e+02 9.857579999999999844e-48
2.470000000000000000e+02 9.663440000000000416e-48
2.472500000000000000e+02 9.471870000000000076e-48
2.475000000000000000e+02 9.279329999999999475e-48
2.477500000000000000e+02 9.090430000000000582e-48
2.480000000000000000e+02 8.904539999999999969e-48
2.482500000000000000e+02 8.718529999999999687e-48
2.485000000000000000e+02 8.535080000000000446e-48
2.487500000000000000e+02 8.352090000000000138e-48
2.490000000000000000e+02 8.172990000000000139e-48
2.492500000000000000e+02 7.991130000000000462e-48
2.495000000000000000e+02 7.810300000000000273e-48
2.497500000000000000e+02 7.632029999999999909e-48
2.500000000000000000e+02 7.456290000000000365e-48
2.502500000000000000e+02 7.288050000000000185e-48
2.505000000000000000e+02 7.118240000000000184e-48
2.507500000000000000e+02 6.950299999999999784e-48
2.510000000000000000e+02 6.784289999999999429e-48
2.512500000000000000e+02 6.617240000000000322e-48
2.515000000000000000e+02 6.458199999999999476e-48
2.517500000000000000e+02 6.297010000000000207e-48
2.520000000000000000e+02 6.137200000000000169e-48
2.522500000000000000e+02 5.985249999999999718e-48
2.525000000000000000e+02 5.837250000000000018e-48
2.527500000000000000e+02 5.695249999999999568e-48
2.530000000000000000e+02 5.552820000000000404e-48
2.532500000000000000e+02 5.413329999999999815e-48
2.535000000000000000e+02 5.275769999999999878e-48
2.537500000000000000e+02 5.144760000000000002e-48
2.540000000000000000e+02 5.017729999999999882e-48
2.542500000000000000e+02 4.892990000000000029e-48
2.545000000000000000e+02 4.769259999999999922e-48
2.547500000000000000e+02 4.648539999999999918e-48
2.550000000000000000e+02 4.533099999999999933e-48
2.552500000000000000e+02 4.421399999999999760e-48
