0.000000000000000000e+00 5.000000000000000000e-01
2.500000000000000000e-01 5.000000000000000000e-01
5.000000000000000000e-01 5.000000000000000000e-01
7.500000000000000000e-01 5.000000000000000000e-01
1.000000000000000000e+00 5.000000000000000000e-01
1.250000000000000000e+00 5.000000000000000000e-01
1.500000000000000000e+00 5.000000000000000000e-01
1.750000000000000000e+00 5.000000000000000000e-01
2.000000000000000000e+00 5.000000000000000000e-01
2.250000000000000000e+00 5.000000000000000000e-01
2.500000000000000000e+00 5.000000000000000000e-01
2.750000000000000000e+00 5.000000000000000000e-01
3.000000000000000000e+00 5.000000000000000000e-01
3.250000000000000000e+00 5.000000000000000000e-01
3.500000000000000000e+00 5.000000000000000000e-01
3.750000000000000000e+00 5.000000000000000000e-01
4.000000000000000000e+00 5.000000000000000000e-01
4.250000000000000000e+00 5.000000000000000000e-01
4.500000000000000000e+00 5.000000000000000000e-01
4.750000000000000000e+00 5.000000000000000000e-01
5.000000000000000000e+00 5.000000000000000000e-01
5.250000000000000000e+00 5.000000000000000000e-01
5.500000000000000000e+00 5.000000000000000000e-01
5.750000000000000000e+00 5.000000000000000000e-01
6.000000000000000000e+00 5.000000000000000000e-01
6.250000000000000000e+00 5.000000000000000000e-01
6.500000000000000000e+00 5.000000000000000000e-01
6.750000000000000000e+00 5.000000000000000000e-01
7.000000000000000000e+00 5.000000000000000000e-01
7.250000000000000000e+00 5.000000000000000000e-01
7.500000000000000000e+00 5.000000000000000000e-01
7.750000000000000000e+00 5.000000000000000000e-01
8.000000000000000000e+00 5.000000000000000000e-01
8.250000000000000000e+00 5.000000000000000000e-01
8.500000000000000000e+00 5.000000000000000000e-01
8.750000000000000000e+00 5.000000000000000000e-01
9.000000000000000000e+00 5.000000000000000000e-01
9.250000000000000000e+00 5.000000000000000000e-01
9.500000000000000000e+00 5.000000000000000000e-01
9.750000000000000000e+00 5.000000000000000000e-01
1.000000000000000000e+01 5.000000000000000000e-01
1.025000000000000000e+01 5.000000000000000000e-01
1.050000000000000000e+01 5.000000000000000000e-01
1.075000000000000000e+01 5.000000000000000000e-01
1.100000000000000000e+01 5.000000000000000000e-01
1.125000000000000000e+01 5.000000000000000000e-01
1.150000000000000000e+01 5.000000000000000000e-01
1.175000000000000000e+01 5.000000000000000000e-01
1.200000000000000000e+01 5.000000000000000000e-01
1.225000000000000000e+01 5.000000000000000000e-01
1.250000000000000000e+01 5.000000000000000000e-01
1.275000000000000000e+01 5.000000000000000000e-01
1.300000000000000000e+01 5.000000000000000000e-01
1.325000000000000000e+01 5.000000000000000000e-01
1.350000000000000000e+01 5.000000000000000000e-01
1.375000000000000000e+01 5.000000000000000000e-01
1.400000000000000000e+01 5.000000000000000000e-01
1.425000000000000000e+01 5.000000000000000000e-01
1.450000000000000000e+01 5.000000000000000000e-01
1.475000000000000000e+01 5.000000000000000000e-01
1.500000000000000000e+01 5.000000000000000000e-01
1.525000000000000000e+01 5.000000000000000000e-01
1.550000000000000000e+01 5.000000000000000000e-01
1.575000000000000000e+01 5.000000000000000000e-01
1.600000000000000000e+01 1.207469999999999933e-42
1.625000000000000000e+01 1.084409999999999922e-42
1.650000000000000000e+01 9.732249999999999384e-43
1.675000000000000000e+01 8.742940000000000523e-43
1.700000000000000000e+01 7.853320000000000354e-43
1.725000000000000000e+01 7.050689999999999810e-43
1.750000000000000000e+01 6.327500000000000393e-43
1.775000000000000000e+01 5.690849999999999646e-43
1.800000000000000000e+01 5.116849999999999607e-43
1.825000000000000000e+01 4.599999999999999759e-43
1.850000000000000000e+01 4.137480000000000171e-43
1.875000000000000000e+01 3.721230000000000309e-43
1.900000000000000000e+01 3.346530000000000195e-43
1.925000000000000000e+01 3.008859999999999875e-43
1.950000000000000000e+01 2.709390000000000160e-43
1.975000000000000000e+01 2.443269999999999919e-43
2.000000000000000000e+01 2.203079999999999816e-43
2.025000000000000000e+01 1.986149999999999841e-43
2.050000000000000000e+01 1.793290000000000080e-43
2.075000000000000000e+01 1.620670000000000093e-43
2.100000000000000000e+01 1.465159999999999930e-43
2.125000000000000000e+01 1.325489999999999962e-43
2.150000000000000000e+01 1.198740000000000048e-43
2.175000000000000000e+01 1.084939999999999932e-43
2.200000000000000000e+01 9.823039999999999106e-44
2.225000000000000000e+01 8.903829999999999636e-44
2.250000000000000000e+01 8.071030000000000072e-44
2.275000000000000000e+01 7.322099999999999567e-44
2.300000000000000000e+01 6.648899999999999724e-44
2.325000000000000000e+01 6.041369999999999950e-44
2.350000000000000000e+01 5.513819999999999900e-44
2.375000000000000000e+01 5.041239999999999915e-44
2.400000000000000000e+01 4.605720000000000067e-44
2.425000000000000000e+01 4.202440000000000066e-44
2.450000000000000000e+01 3.867070000000000047e-44
2.475000000000000000e+01 3.636620000000000239e-44
2.500000000000000000e+01 3.412739999999999955e-44
2.525000000000000000e+01 3.007869999999999826e-44
2.550000000000000000e+01 2.676949999999999989e-44
2.575000000000000000e+01 2.412519999999999988e-44
2.600000000000000000e+01 2.195989999999999966e-44
2.625000000000000000e+01 2.010540000000000057e-44
2.650000000000000000e+01 1.842839999999999975e-44
2.675000000000000000e+01 1.691750000000000001e-44
2.700000000000000000e+01 1.555409999999999960e-44
2.725000000000000000e+01 1.430339999999999906e-44
2.750000000000000000e+01 1.317729999999999965e-44
2.775000000000000000e+01 1.215029999999999904e-44
2.800000000000000000e+01 1.122090000000000001e-44
2.825000000000000000e+01 1.037659999999999969e-44
2.850000000000000000e+01 9.612090000000000101e-45
2.875000000000000000e+01 8.906950000000000352e-45
2.900000000000000000e+01 8.259990000000000569e-45
2.925000000000000000e+01 7.663770000000000060e-45
2.950000000000000000e+01 7.121230000000000423e-45
2.975000000000000000e+01 6.622969999999999486e-45
3.000000000000000000e+01 6.171820000000000397e-45
3.025000000000000000e+01 5.754409999999999856e-45
3.050000000000000000e+01 5.370669999999999811e-45
3.075000000000000000e+01 5.019080000000000055e-45
3.100000000000000000e+01 4.696330000000000124e-45
3.125000000000000000e+01 4.400199999999999994e-45
3.150000000000000000e+01 4.125570000000000304e-45
3.175000000000000000e+01 3.874450000000000079e-45
3.200000000000000000e+01 3.644329999999999981e-45
3.225000000000000000e+01 3.430270000000000266e-45
3.250000000000000000e+01 3.235730000000000246e-45
3.275000000000000000e+01 3.057289999999999764e-45
3.300000000000000000e+01 2.888810000000000188e-45
3.325000000000000000e+01 2.733500000000000051e-45
3.350000000000000000e+01 2.588419999999999932e-45
3.375000000000000000e+01 2.453420000000000049e-45
3.400000000000000000e+01 2.326259999999999864e-45
3.425000000000000000e+01 2.207260000000000077e-45
3.450000000000000000e+01 2.096769999999999975e-45
3.475000000000000000e+01 1.994379999999999984e-45
3.500000000000000000e+01 1.899519999999999870e-45
3.525000000000000000e+01 1.809150000000000151e-45
3.550000000000000000e+01 1.728470000000000049e-45
3.575000000000000000e+01 1.653789999999999983e-45
3.600000000000000000e+01 1.580009999999999860e-45
3.625000000000000000e+01 1.501780000000000052e-45
3.650000000000000000e+01 1.424159999999999943e-45
3.675000000000000000e+01 1.355100000000000017e-45
3.700000000000000000e+01 1.294170000000000034e-45
3.725000000000000000e+01 1.238470000000000039e-45
3.750000000000000000e+01 1.187170000000000009e-45
3.775000000000000000e+01 1.139700000000000021e-45
3.800000000000000000e+01 1.094749999999999935e-45
3.825000000000000000e+01 1.052919999999999975e-45
3.850000000000000000e+01 1.014219999999999927e-45
3.875000000000000000e+01 9.764900000000000534e-46
3.900000000000000000e+01 9.413720000000000351e-46
3.925000000000000000e+01 9.085959999999999823e-46
3.950000000000000000e+01 8.761689999999999995e-46
3.975000000000000000e+01 8.465279999999999876e-46
4.000000000000000000e+01 8.185190000000000241e-46
4.025000000000000000e+01 7.915690000000000477e-46
4.050000000000000000e+01 7.673010000000000016e-46
4.075000000000000000e+01 7.456209999999999451e-46
4.100000000000000000e+01 7.258050000000000392e-46
4.125000000000000000e+01 7.072139999999999697e-46
4.150000000000000000e+01 6.911450000000000255e-46
4.175000000000000000e+01 6.762349999999999757e-46
4.200000000000000000e+01 6.633879999999999745e-46
4.225000000000000000e+01 6.519480000000000360e-46
4.250000000000000000e+01 6.420500000000000271e-46
4.275000000000000000e+01 6.331370000000000304e-46
4.300000000000000000e+01 6.261060000000000059e-46
4.325000000000000000e+01 6.212849999999999855e-46
4.350000000000000000e+01 6.174729999999999985e-46
4.375000000000000000e+01 6.178409999999999621e-46
4.400000000000000000e+01 6.203699999999999706e-46
4.425000000000000000e+01 6.257710000000000132e-46
4.450000000000000000e+01 6.374399999999999930e-46
4.475000000000000000e+01 6.556399999999999942e-46
4.500000000000000000e+01 6.854269999999999673e-46
4.525000000000000000e+01 7.309339999999999701e-46
4.550000000000000000e+01 7.964050000000000620e-46
4.575000000000000000e+01 8.827609999999999909e-46
4.600000000000000000e+01 9.941989999999999235e-46
4.625000000000000000e+01 1.132550000000000039e-45
4.650000000000000000e+01 1.301719999999999956e-45
4.675000000000000000e+01 1.523590000000000004e-45
4.700000000000000000e+01 1.795860000000000139e-45
4.725000000000000000e+01 2.126799999999999989e-45
4.750000000000000000e+01 2.528509999999999999e-45
4.775000000000000000e+01 2.970919999999999758e-45
4.800000000000000000e+01 3.470099999999999903e-45
4.825000000000000000e+01 3.914860000000000205e-45
4.850000000000000000e+01 4.228520000000000274e-45
4.875000000000000000e+01 4.369970000000000165e-45
4.900000000000000000e+01 4.334059999999999755e-45
4.925000000000000000e+01 4.140020000000000049e-45
4.950000000000000000e+01 3.823109999999999806e-45
4.975000000000000000e+01 3.382219999999999944e-45
5.000000000000000000e+01 2.909530000000000015e-45
5.025000000000000000e+01 2.476809999999999873e-45
5.050000000000000000e+01 2.102409999999999847e-45
5.075000000000000000e+01 1.778230000000000138e-45
5.100000000000000000e+01 1.497550000000000070e-45
5.125000000000000000e+01 1.268950000000000025e-45
5.150000000000000000e+01 1.085069999999999951e-45
5.175000000000000000e+01 9.434500000000000775e-46
5.200000000000000000e+01 8.279220000000000019e-46
5.225000000000000000e+01 7.319379999999999538e-46
5.250000000000000000e+01 6.505649999999999946e-46
5.275000000000000000e+01 5.803730000000000229e-46
5.300000000000000000e+01 5.210119999999999742e-46
5.325000000000000000e+01 4.709760000000000286e-46
5.350000000000000000e+01 4.298070000000000259e-46
5.375000000000000000e+01 3.971040000000000315e-46
5.400000000000000000e+01 3.710220000000000218e-46
5.425000000000000000e+01 3.494849999999999820e-46
5.450000000000000000e+01 3.313259999999999847e-46
5.475000000000000000e+01 3.140129999999999994e-46
5.500000000000000000e+01 2.974119999999999979e-46
5.525000000000000000e+01 2.821280000000000181e-46
5.550000000000000000e+01 2.670710000000000128e-46
5.575000000000000000e+01 2.533010000000000026e-46
5.600000000000000000e+01 2.408729999999999909e-46
5.625000000000000000e+01 2.296290000000000059e-46
5.650000000000000000e+01 2.191310000000000090e-46
5.675000000000000000e+01 2.099449999999999839e-46
5.700000000000000000e+01 2.030730000000000033e-46
5.725000000000000000e+01 1.979589999999999885e-46
5.750000000000000000e+01 1.939980000000000184e-46
5.775000000000000000e+01 1.906369999999999974e-46
5.800000000000000000e+01 1.888260000000000169e-46
5.825000000000000000e+01 1.883890000000000115e-46
5.850000000000000000e+01 1.895000000000000188e-46
5.875000000000000000e+01 1.928590000000000121e-46
5.900000000000000000e+01 1.986710000000000112e-46
5.925000000000000000e+01 2.087730000000000067e-46
5.950000000000000000e+01 2.245579999999999839e-46
5.975000000000000000e+01 2.470809999999999914e-46
6.000000000000000000e+01 2.734909999999999941e-46
6.025000000000000000e+01 3.014350000000000101e-46
6.050000000000000000e+01 3.434759999999999960e-46
6.075000000000000000e+01 4.276459999999999811e-46
6.100000000000000000e+01 5.481690000000000371e-46
6.125000000000000000e+01 6.770139999999999736e-46
6.150000000000000000e+01 8.198669999999999501e-46
6.175000000000000000e+01 9.697189999999999745e-46
6.200000000000000000e+01 1.099930000000000047e-45
6.225000000000000000e+01 1.141400000000000000e-45
6.250000000000000000e+01 1.073699999999999932e-45
6.275000000000000000e+01 8.989749999999999795e-46
6.300000000000000000e+01 7.210190000000000563e-46
6.325000000000000000e+01 5.666289999999999839e-46
6.350000000000000000e+01 4.358990000000000142e-46
6.375000000000000000e+01 3.453209999999999807e-46
6.400000000000000000e+01 2.928789999999999997e-46
6.425000000000000000e+01 2.611400000000000183e-46
6.450000000000000000e+01 2.377830000000000095e-46
6.475000000000000000e+01 2.198489999999999981e-46
6.500000000000000000e+01 2.072160000000000053e-46
6.525000000000000000e+01 1.984840000000000072e-46
6.550000000000000000e+01 1.925750000000000063e-46
6.575000000000000000e+01 1.885589999999999939e-46
6.600000000000000000e+01 1.857830000000000060e-46
6.625000000000000000e+01 1.841019999999999983e-46
6.650000000000000000e+01 1.829930000000000187e-46
6.675000000000000000e+01 1.824120000000000021e-46
6.700000000000000000e+01 1.822790000000000072e-46
6.725000000000000000e+01 1.822770000000000184e-46
6.750000000000000000e+01 1.822980000000000176e-46
6.775000000000000000e+01 1.826449999999999820e-46
6.800000000000000000e+01 1.828529999999999852e-46
6.825000000000000000e+01 1.831840000000000002e-46
6.850000000000000000e+01 1.834699999999999948e-46
6.875000000000000000e+01 1.837940000000000101e-46
6.900000000000000000e+01 1.841789999999999954e-46
6.925000000000000000e+01 1.844880000000000168e-46
6.950000000000000000e+01 1.848199999999999874e-46
6.975000000000000000e+01 1.851220000000000092e-46
7.000000000000000000e+01 1.854459999999999856e-46
7.025000000000000000e+01 1.856240000000000010e-46
7.050000000000000000e+01 1.857649999999999900e-46
7.075000000000000000e+01 1.859109999999999900e-46
7.100000000000000000e+01 1.860410000000000016e-46
7.125000000000000000e+01 1.861770000000000187e-46
7.150000000000000000e+01 1.863559999999999896e-46
7.175000000000000000e+01 1.864650000000000020e-46
7.200000000000000000e+01 1.865649999999999871e-46
7.225000000000000000e+01 1.865769999999999977e-46
7.250000000000000000e+01 1.866860000000000102e-46
7.275000000000000000e+01 1.867890000000000174e-46
7.300000000000000000e+01 1.868419999999999931e-46
7.325000000000000000e+01 1.867879999999999841e-46
7.350000000000000000e+01 1.867780000000000011e-46
7.375000000000000000e+01 1.867890000000000174e-46
7.400000000000000000e+01 1.867579999999999963e-46
7.425000000000000000e+01 1.867360000000000027e-46
7.450000000000000000e+01 1.866590000000000057e-46
7.475000000000000000e+01 1.865779999999999921e-46
7.500000000000000000e+01 1.864850000000000068e-46
7.525000000000000000e+01 1.864199999999999815e-46
7.550000000000000000e+01 1.862610000000000154e-46
7.575000000000000000e+01 1.861870000000000016e-46
7.600000000000000000e+01 1.860639999999999897e-46
7.625000000000000000e+01 1.859399999999999833e-46
7.650000000000000000e+01 1.858209999999999879e-46
7.675000000000000000e+01 1.856630000000000162e-46
7.700000000000000000e+01 1.855419999999999930e-46
7.725000000000000000e+01 1.853040000000000022e-46
7.750000000000000000e+01 1.851889999999999844e-46
7.775000000000000000e+01 1.850279999999999905e-46
7.800000000000000000e+01 1.848500000000000140e-46
7.825000000000000000e+01 1.846329999999999835e-46
7.850000000000000000e+01 1.844519999999999849e-46
7.875000000000000000e+01 1.842100000000000164e-46
7.900000000000000000e+01 1.839579999999999872e-46
7.925000000000000000e+01 1.837279999999999905e-46
7.950000000000000000e+01 1.835230000000000094e-46
7.975000000000000000e+01 1.832790000000000132e-46
8.000000000000000000e+01 1.830510000000000053e-46
8.025000000000000000e+01 1.828150000000000033e-46
8.050000000000000000e+01 1.825710000000000071e-46
8.075000000000000000e+01 1.823120000000000170e-46
8.100000000000000000e+01 1.821050000000000083e-46
8.125000000000000000e+01 1.818890000000000111e-46
8.150000000000000000e+01 1.816359999999999874e-46
8.175000000000000000e+01 1.813909999999999968e-46
8.200000000000000000e+01 1.811079999999999855e-46
8.225000000000000000e+01 1.808979999999999935e-46
8.250000000000000000e+01 1.806180000000000043e-46
8.275000000000000000e+01 1.803579999999999809e-46
8.300000000000000000e+01 1.801310000000000063e-46
8.325000000000000000e+01 1.799519999999999965e-46
8.350000000000000000e+01 1.797540000000000153e-46
8.375000000000000000e+01 1.795769999999999943e-46
8.400000000000000000e+01 1.794599999999999876e-46
8.425000000000000000e+01 1.794490000000000103e-46
8.450000000000000000e+01 1.795019999999999860e-46
8.475000000000000000e+01 1.797919999999999971e-46
8.500000000000000000e+01 1.805859999999999889e-46
8.525000000000000000e+01 1.817829999999999818e-46
8.550000000000000000e+01 1.833889999999999812e-46
8.575000000000000000e+01 1.858209999999999879e-46
8.600000000000000000e+01 1.901070000000000067e-46
8.625000000000000000e+01 1.998400000000000052e-46
8.650000000000000000e+01 2.283399999999999832e-46
8.675000000000000000e+01 3.576060000000000146e-46
8.700000000000000000e+01 1.962979999999999856e-45
8.725000000000000000e+01 2.907710000000000240e-45
8.750000000000000000e+01 3.920969999999999626e-46
8.775000000000000000e+01 2.332010000000000132e-46
8.800000000000000000e+01 1.995779999999999930e-46
8.825000000000000000e+01 1.879619999999999890e-46
8.850000000000000000e+01 1.823989999999999970e-46
8.875000000000000000e+01 1.790579999999999809e-46
8.900000000000000000e+01 1.766280000000000019e-46
8.925000000000000000e+01 1.748039999999999970e-46
8.950000000000000000e+01 1.734710000000000065e-46
8.975000000000000000e+01 1.724399999999999988e-46
9.000000000000000000e+01 1.715789999999999930e-46
9.025000000000000000e+01 1.709179999999999962e-46
9.050000000000000000e+01 1.703409999999999961e-46
9.075000000000000000e+01 1.698759999999999917e-46
9.100000000000000000e+01 1.694260000000000007e-46
9.125000000000000000e+01 1.689740000000000014e-46
9.150000000000000000e+01 1.685539999999999980e-46
9.175000000000000000e+01 1.681089999999999985e-46
9.200000000000000000e+01 1.677010000000000058e-46
9.225000000000000000e+01 1.672730000000000083e-46
9.250000000000000000e+01 1.668810000000000039e-46
9.275000000000000000e+01 1.664640000000000033e-46
9.300000000000000000e+01 1.660719999999999989e-46
9.325000000000000000e+01 1.656829999999999972e-46
9.350000000000000000e+01 1.652629999999999938e-46
9.375000000000000000e+01 1.648890000000000054e-46
9.400000000000000000e+01 1.645420000000000021e-46
9.425000000000000000e+01 1.641469999999999950e-46
9.450000000000000000e+01 1.637760000000000093e-46
9.475000000000000000e+01 1.634040000000000097e-46
9.500000000000000000e+01 1.630269999999999991e-46
9.525000000000000000e+01 1.626519999999999969e-46
9.550000000000000000e+01 1.623140000000000015e-46
9.575000000000000000e+01 1.619399999999999936e-46
9.600000000000000000e+01 1.616229999999999975e-46
9.625000000000000000e+01 1.613300000000000032e-46
9.650000000000000000e+01 1.611450000000000075e-46
9.675000000000000000e+01 1.609030000000000001e-46
9.700000000000000000e+01 1.607040000000000050e-46
9.725000000000000000e+01 1.606110000000000002e-46
9.750000000000000000e+01 1.607439999999999951e-46
9.775000000000000000e+01 1.611830000000000088e-46
9.800000000000000000e+01 1.618550000000000025e-46
9.825000000000000000e+01 1.627259999999999912e-46
9.850000000000000000e+01 1.641800000000000049e-46
9.875000000000000000e+01 1.663999999999999918e-46
9.900000000000000000e+01 1.701440000000000092e-46
9.925000000000000000e+01 1.769100000000000189e-46
9.950000000000000000e+01 2.026289999999999981e-46
9.975000000000000000e+01 5.540940000000000263e-46
1.000000000000000000e+02 1.421659999999999928e-44
1.002500000000000000e+02 3.488029999999999859e-46
1.005000000000000000e+02 1.886620000000000010e-46
1.007500000000000000e+02 1.723779999999999957e-46
1.010000000000000000e+02 1.656260000000000049e-46
1.012500000000000000e+02 1.615469999999999948e-46
1.015000000000000000e+02 1.589140000000000043e-46
1.017500000000000000e+02 1.570109999999999940e-46
1.020000000000000000e+02 1.555250000000000038e-46
1.022500000000000000e+02 1.541959999999999910e-46
1.025000000000000000e+02 1.531300000000000041e-46
1.027500000000000000e+02 1.522880000000000087e-46
1.030000000000000000e+02 1.516320000000000033e-46
1.032500000000000000e+02 1.510610000000000085e-46
1.035000000000000000e+02 1.505629999999999943e-46
1.037500000000000000e+02 1.500969999999999956e-46
1.040000000000000000e+02 1.496829999999999976e-46
1.042500000000000000e+02 1.492769999999999937e-46
1.045000000000000000e+02 1.488760000000000008e-46
1.047500000000000000e+02 1.485030000000000068e-46
1.050000000000000000e+02 1.481480000000000093e-46
1.052500000000000000e+02 1.477800000000000067e-46
1.055000000000000000e+02 1.474379999999999949e-46
1.057500000000000000e+02 1.470799999999999947e-46
1.060000000000000000e+02 1.467459999999999964e-46
1.062500000000000000e+02 1.464579999999999936e-46
1.065000000000000000e+02 1.461519999999999942e-46
1.067500000000000000e+02 1.458349999999999981e-46
1.070000000000000000e+02 1.455089999999999939e-46
1.072500000000000000e+02 1.452020000000000002e-46
1.075000000000000000e+02 1.448980000000000091e-46
1.077500000000000000e+02 1.445540000000000084e-46
1.080000000000000000e+02 1.442630000000000029e-46
1.082500000000000000e+02 1.439829999999999942e-46
1.085000000000000000e+02 1.436869999999999972e-46
1.087500000000000000e+02 1.433970000000000056e-46
1.090000000000000000e+02 1.431099999999999971e-46
1.092500000000000000e+02 1.428599999999999956e-46
1.095000000000000000e+02 1.426050000000000026e-46
1.097500000000000000e+02 1.423429999999999905e-46
1.100000000000000000e+02 1.420870000000000031e-46
1.102500000000000000e+02 1.418510000000000010e-46
1.105000000000000000e+02 1.415960000000000081e-46
1.107500000000000000e+02 1.413470000000000009e-46
1.110000000000000000e+02 1.410930000000000024e-46
1.112500000000000000e+02 1.408570000000000003e-46
1.115000000000000000e+02 1.406289999999999924e-46
1.117500000000000000e+02 1.404010000000000039e-46
1.120000000000000000e+02 1.401580000000000022e-46
1.122500000000000000e+02 1.399399999999999966e-46
1.125000000000000000e+02 1.396869999999999925e-46
1.127500000000000000e+02 1.394700000000000008e-46
1.130000000000000000e+02 1.392260000000000046e-46
1.132500000000000000e+02 1.390070000000000047e-46
1.135000000000000000e+02 1.387959999999999989e-46
1.137500000000000000e+02 1.385629999999999995e-46
1.140000000000000000e+02 1.383750000000000012e-46
1.142500000000000000e+02 1.381669999999999980e-46
1.145000000000000000e+02 1.379559999999999923e-46
1.147500000000000000e+02 1.377870000000000043e-46
1.150000000000000000e+02 1.376209999999999996e-46
1.152500000000000000e+02 1.374610000000000001e-46
1.155000000000000000e+02 1.372909999999999983e-46
1.157500000000000000e+02 1.370880000000000061e-46
1.160000000000000000e+02 1.369290000000000011e-46
1.162500000000000000e+02 1.367499999999999913e-46
1.165000000000000000e+02 1.365740000000000036e-46
1.167500000000000000e+02 1.364280000000000037e-46
1.170000000000000000e+02 1.362990000000000059e-46
1.172500000000000000e+02 1.361460000000000062e-46
1.175000000000000000e+02 1.359870000000000012e-46
1.177500000000000000e+02 1.358510000000000036e-46
1.180000000000000000e+02 1.357239999999999946e-46
1.182500000000000000e+02 1.355739999999999976e-46
1.185000000000000000e+02 1.354459999999999942e-46
1.187500000000000000e+02 1.353449999999999953e-46
1.190000000000000000e+02 1.352099999999999921e-46
1.192500000000000000e+02 1.350739999999999946e-46
1.195000000000000000e+02 1.349629999999999933e-46
1.197500000000000000e+02 1.348490000000000088e-46
1.200000000000000000e+02 1.347469999999999960e-46
1.202500000000000000e+02 1.346609999999999910e-46
1.205000000000000000e+02 1.345300000000000043e-46
1.207500000000000000e+02 1.344239999999999945e-46
1.210000000000000000e+02 1.343549999999999916e-46
1.212500000000000000e+02 1.342350000000000018e-46
1.215000000000000000e+02 1.341599999999999935e-46
1.217500000000000000e+02 1.341020000000000069e-46
1.220000000000000000e+02 1.339980000000000053e-46
1.222500000000000000e+02 1.339379999999999910e-46
1.225000000000000000e+02 1.338849999999999958e-46
1.227500000000000000e+02 1.338170000000000067e-46
1.230000000000000000e+02 1.337480000000000038e-46
1.232500000000000000e+02 1.337009999999999945e-46
1.235000000000000000e+02 1.336510000000000020e-46
1.237500000000000000e+02 1.335999999999999956e-46
1.240000000000000000e+02 1.335589999999999916e-46
1.242500000000000000e+02 1.335110000000000074e-46
1.245000000000000000e+02 1.334679999999999951e-46
1.247500000000000000e+02 1.334369999999999935e-46
1.250000000000000000e+02 1.334129999999999917e-46
1.252500000000000000e+02 1.333919999999999925e-46
1.255000000000000000e+02 1.333569999999999938e-46
1.257500000000000000e+02 1.333160000000000093e-46
1.260000000000000000e+02 1.332879999999999909e-46
1.262500000000000000e+02 1.332540000000000061e-46
1.265000000000000000e+02 1.332570000000000088e-46
1.267500000000000000e+02 1.332440000000000037e-46
1.270000000000000000e+02 1.332550000000000005e-46
1.272500000000000000e+02 1.332430000000000093e-46
1.275000000000000000e+02 1.332489999999999952e-46
1.277500000000000000e+02 1.332529999999999923e-46
1.280000000000000000e+02 1.332379999999999984e-46
1.282500000000000000e+02 1.332349999999999957e-46
1.285000000000000000e+02 1.332540000000000061e-46
1.287500000000000000e+02 1.332599999999999920e-46
1.290000000000000000e+02 1.332780000000000080e-46
1.292500000000000000e+02 1.332949999999999906e-46
1.295000000000000000e+02 1.333240000000000034e-46
1.297500000000000000e+02 1.333450000000000026e-46
1.300000000000000000e+02 1.333629999999999991e-46
1.302500000000000000e+02 1.334010000000000005e-46
1.305000000000000000e+02 1.334520000000000068e-46
1.307500000000000000e+02 1.334970000000000079e-46
1.310000000000000000e+02 1.335439999999999978e-46
1.312500000000000000e+02 1.335899999999999932e-46
1.315000000000000000e+02 1.336270000000000001e-46
1.317500000000000000e+02 1.336670000000000097e-46
1.320000000000000000e+02 1.337230000000000076e-46
1.322500000000000000e+02 1.337869999999999995e-46
1.325000000000000000e+02 1.338630000000000022e-46
1.327500000000000000e+02 1.339229999999999971e-46
1.330000000000000000e+02 1.340090000000000021e-46
1.332500000000000000e+02 1.340920000000000045e-46
1.335000000000000000e+02 1.341709999999999903e-46
1.337500000000000000e+02 1.342310000000000047e-46
1.340000000000000000e+02 1.343240000000000095e-46
1.342500000000000000e+02 1.344209999999999919e-46
1.345000000000000000e+02 1.345109999999999940e-46
1.347500000000000000e+02 1.345899999999999993e-46
1.350000000000000000e+02 1.346800000000000014e-46
1.352500000000000000e+02 1.347910000000000027e-46
1.355000000000000000e+02 1.348859999999999962e-46
1.357500000000000000e+02 1.349930000000000005e-46
1.360000000000000000e+02 1.350779999999999916e-46
1.362500000000000000e+02 1.351779999999999961e-46
1.365000000000000000e+02 1.353129999999999993e-46
1.367500000000000000e+02 1.354419999999999971e-46
1.370000000000000000e+02 1.355620000000000064e-46
1.372500000000000000e+02 1.357209999999999919e-46
1.375000000000000000e+02 1.358640000000000087e-46
1.377500000000000000e+02 1.360320000000000022e-46
1.380000000000000000e+02 1.361920000000000016e-46
1.382500000000000000e+02 1.363219999999999939e-46
1.385000000000000000e+02 1.364809999999999989e-46
1.387500000000000000e+02 1.366449999999999954e-46
1.390000000000000000e+02 1.368249999999999996e-46
1.392500000000000000e+02 1.369970000000000096e-46
1.395000000000000000e+02 1.371629999999999949e-46
1.397500000000000000e+02 1.373280000000000053e-46
1.400000000000000000e+02 1.375029999999999985e-46
1.402500000000000000e+02 1.376939999999999995e-46
1.405000000000000000e+02 1.378940000000000085e-46
1.407500000000000000e+02 1.380820000000000069e-46
1.410000000000000000e+02 1.382649999999999943e-46
1.412500000000000000e+02 1.384920000000000078e-46
1.415000000000000000e+02 1.387169999999999936e-46
1.417500000000000000e+02 1.389520000000000012e-46
1.420000000000000000e+02 1.392050000000000054e-46
1.422500000000000000e+02 1.394959999999999915e-46
1.425000000000000000e+02 1.398300000000000092e-46
1.427500000000000000e+02 1.402160000000000083e-46
1.430000000000000000e+02 1.406869999999999985e-46
1.432500000000000000e+02 1.412359999999999997e-46
1.435000000000000000e+02 1.419519999999999999e-46
1.437500000000000000e+02 1.428800000000000004e-46
1.440000000000000000e+02 1.440480000000000000e-46
1.442500000000000000e+02 1.456570000000000021e-46
1.445000000000000000e+02 1.477199999999999924e-46
1.447500000000000000e+02 1.505680000000000053e-46
1.450000000000000000e+02 1.546999999999999911e-46
1.452500000000000000e+02 1.603700000000000067e-46
1.455000000000000000e+02 1.688070000000000022e-46
1.457500000000000000e+02 1.810340000000000106e-46
1.460000000000000000e+02 2.003180000000000146e-46
1.462500000000000000e+02 2.300190000000000021e-46
1.465000000000000000e+02 2.780089999999999984e-46
1.467500000000000000e+02 3.545259999999999773e-46
1.470000000000000000e+02 4.777429999999999744e-46
1.472500000000000000e+02 6.811370000000000098e-46
1.475000000000000000e+02 1.023370000000000076e-45
1.477500000000000000e+02 1.616390000000000130e-45
1.480000000000000000e+02 2.671150000000000078e-45
1.482500000000000000e+02 4.628470000000000174e-45
1.485000000000000000e+02 8.459879999999999594e-45
1.487500000000000000e+02 1.647669999999999933e-44
1.490000000000000000e+02 3.451129999999999807e-44
1.492500000000000000e+02 7.355519999999999906e-44
1.495000000000000000e+02 1.824489999999999970e-43
1.497500000000000000e+02 9.607849999999999876e-43
1.500000000000000000e+02 9.165840000000000317e-42
1.502500000000000000e+02 3.793990000000000326e-43
1.505000000000000000e+02 1.166259999999999951e-43
1.507500000000000000e+02 5.330129999999999603e-44
1.510000000000000000e+02 2.452889999999999840e-44
1.512500000000000000e+02 1.201529999999999884e-44
1.515000000000000000e+02 6.349489999999999898e-45
1.517500000000000000e+02 3.555659999999999774e-45
1.520000000000000000e+02 2.093680000000000149e-45
1.522500000000000000e+02 1.289720000000000038e-45
1.525000000000000000e+02 8.355120000000000105e-46
1.527500000000000000e+02 5.725799999999999832e-46
1.530000000000000000e+02 4.140700000000000134e-46
1.532500000000000000e+02 3.179689999999999976e-46
1.535000000000000000e+02 2.586279999999999925e-46
1.537500000000000000e+02 2.218070000000000118e-46
1.540000000000000000e+02 1.988209999999999888e-46
1.542500000000000000e+02 1.842279999999999935e-46
1.545000000000000000e+02 1.746950000000000039e-46
1.547500000000000000e+02 1.685740000000000028e-46
1.550000000000000000e+02 1.643619999999999979e-46
1.552500000000000000e+02 1.616460000000000049e-46
1.555000000000000000e+02 1.598690000000000093e-46
1.557500000000000000e+02 1.587459999999999913e-46
1.560000000000000000e+02 1.580889999999999915e-46
1.562500000000000000e+02 1.576840000000000015e-46
1.565000000000000000e+02 1.575170000000000023e-46
1.567500000000000000e+02 1.575119999999999914e-46
1.570000000000000000e+02 1.577140000000000087e-46
1.572500000000000000e+02 1.579499999999999913e-46
1.575000000000000000e+02 1.582780000000000037e-46
1.577500000000000000e+02 1.586239999999999932e-46
1.580000000000000000e+02 1.589660000000000050e-46
1.582500000000000000e+02 1.593459999999999988e-46
1.585000000000000000e+02 1.597480000000000056e-46
1.587500000000000000e+02 1.601310000000000020e-46
1.590000000000000000e+02 1.605109999999999957e-46
1.592500000000000000e+02 1.609459999999999929e-46
1.595000000000000000e+02 1.613659999999999962e-46
1.597500000000000000e+02 1.618149999999999929e-46
1.600000000000000000e+02 1.622060000000000029e-46
1.602500000000000000e+02 1.626400000000000057e-46
1.605000000000000000e+02 1.630710000000000058e-46
1.607500000000000000e+02 1.635039999999999947e-46
1.610000000000000000e+02 1.639349999999999948e-46
1.612500000000000000e+02 1.643790000000000000e-46
1.615000000000000000e+02 1.648100000000000001e-46
1.617500000000000000e+02 1.652309999999999978e-46
1.620000000000000000e+02 1.656929999999999995e-46
1.622500000000000000e+02 1.661020000000000061e-46
1.625000000000000000e+02 1.665220000000000094e-46
1.627500000000000000e+02 1.669540000000000039e-46
1.630000000000000000e+02 1.673969999999999952e-46
1.632500000000000000e+02 1.678629999999999940e-46
1.635000000000000000e+02 1.683240000000000013e-46
1.637500000000000000e+02 1.687489999999999961e-46
1.640000000000000000e+02 1.691599999999999914e-46
1.642500000000000000e+02 1.695659999999999953e-46
1.645000000000000000e+02 1.700370000000000050e-46
1.647500000000000000e+02 1.704930000000000014e-46
1.650000000000000000e+02 1.709149999999999935e-46
1.652500000000000000e+02 1.713459999999999936e-46
1.655000000000000000e+02 1.717990000000000068e-46
1.657500000000000000e+02 1.722450000000000008e-46
1.660000000000000000e+02 1.727299999999999905e-46
1.662500000000000000e+02 1.731970000000000031e-46
1.665000000000000000e+02 1.736590000000000048e-46
1.667500000000000000e+02 1.741380000000000086e-46
1.670000000000000000e+02 1.746019999999999992e-46
1.672500000000000000e+02 1.750180000000000054e-46
1.675000000000000000e+02 1.754870000000000069e-46
1.677500000000000000e+02 1.759289999999999843e-46
1.680000000000000000e+02 1.763850000000000002e-46
1.682500000000000000e+02 1.768080000000000061e-46
1.685000000000000000e+02 1.772829999999999935e-46
1.687500000000000000e+02 1.777299999999999818e-46
1.690000000000000000e+02 1.781700000000000094e-46
1.692500000000000000e+02 1.785839999999999879e-46
1.695000000000000000e+02 1.790629999999999918e-46
1.697500000000000000e+02 1.795240000000000185e-46
1.700000000000000000e+02 1.799830000000000176e-46
1.702500000000000000e+02 1.804580000000000049e-46
1.705000000000000000e+02 1.808820000000000053e-46
1.707500000000000000e+02 1.813439999999999875e-46
1.710000000000000000e+02 1.818060000000000087e-46
1.712500000000000000e+02 1.822539999999999915e-46
1.715000000000000000e+02 1.826760000000000031e-46
1.717500000000000000e+02 1.831480000000000072e-46
1.720000000000000000e+02 1.835679999999999910e-46
1.722500000000000000e+02 1.839900000000000026e-46
1.725000000000000000e+02 1.844229999999999915e-46
1.727500000000000000e+02 1.848800000000000018e-46
1.730000000000000000e+02 1.853020000000000134e-46
1.732500000000000000e+02 1.857639999999999956e-46
1.735000000000000000e+02 1.861819999999999907e-46
1.737500000000000000e+02 1.866419999999999841e-46
1.740000000000000000e+02 1.870579999999999904e-46
1.742500000000000000e+02 1.875060000000000121e-46
1.745000000000000000e+02 1.879769999999999829e-46
1.747500000000000000e+02 1.884139999999999883e-46
1.750000000000000000e+02 1.888480000000000105e-46
1.752500000000000000e+02 1.892959999999999933e-46
1.755000000000000000e+02 1.897189999999999993e-46
1.757500000000000000e+02 1.901579999999999936e-46
1.760000000000000000e+02 1.905769999999999830e-46
1.762500000000000000e+02 1.910209999999999882e-46
1.765000000000000000e+02 1.914200000000000118e-46
1.767500000000000000e+02 1.918189999999999965e-46
1.770000000000000000e+02 1.922369999999999915e-46
1.772500000000000000e+02 1.926570000000000143e-46
1.775000000000000000e+02 1.930909999999999976e-46
1.777500000000000000e+02 1.935099999999999871e-46
1.780000000000000000e+02 1.939409999999999872e-46
1.782500000000000000e+02 1.943649999999999876e-46
1.785000000000000000e+02 1.947700000000000165e-46
1.787500000000000000e+02 1.951919999999999892e-46
1.790000000000000000e+02 1.955970000000000181e-46
1.792500000000000000e+02 1.960129999999999855e-46
1.795000000000000000e+02 1.964050000000000093e-46
1.797500000000000000e+02 1.968049999999999884e-46
1.800000000000000000e+02 1.971780000000000018e-46
1.802500000000000000e+02 1.975689999999999924e-46
1.805000000000000000e+02 1.979550000000000109e-46
1.807500000000000000e+02 1.983679999999999950e-46
1.810000000000000000e+02 1.987560000000000024e-46
1.812500000000000000e+02 1.991749999999999918e-46
1.815000000000000000e+02 1.995810000000000151e-46
1.817500000000000000e+02 1.999599999999999950e-46
1.820000000000000000e+02 2.003169999999999813e-46
1.822500000000000000e+02 2.006870000000000116e-46
1.825000000000000000e+02 2.010760000000000133e-46
1.827500000000000000e+02 2.014609999999999985e-46
1.830000000000000000e+02 2.018400000000000173e-46
1.832500000000000000e+02 2.022149999999999807e-46
1.835000000000000000e+02 2.026019999999999936e-46
1.837500000000000000e+02 2.029540000000000079e-46
1.840000000000000000e+02 2.033169999999999995e-46
1.842500000000000000e+02 2.036739999999999858e-46
1.845000000000000000e+02 2.040380000000000107e-46
1.847500000000000000e+02 2.043899999999999860e-46
1.850000000000000000e+02 2.047629999999999995e-46
1.852500000000000000e+02 2.051189999999999914e-46
1.855000000000000000e+02 2.055190000000000094e-46
1.857500000000000000e+02 2.058409999999999970e-46
1.860000000000000000e+02 2.061440000000000132e-46
1.862500000000000000e+02 2.063929999999999814e-46
1.865000000000000000e+02 2.066909999999999866e-46
1.867500000000000000e+02 2.069819999999999921e-46
1.870000000000000000e+02 2.072770000000000141e-46
1.872500000000000000e+02 2.076380000000000169e-46
1.875000000000000000e+02 2.079889999999999979e-46
1.877500000000000000e+02 2.083210000000000073e-46
1.880000000000000000e+02 2.086050000000000131e-46
1.882500000000000000e+02 2.089349999999999949e-46
1.885000000000000000e+02 2.092619999999999934e-46
1.887500000000000000e+02 2.095570000000000155e-46
1.890000000000000000e+02 2.098939999999999970e-46
1.892500000000000000e+02 2.102340000000000006e-46
1.895000000000000000e+02 2.105810000000000039e-46
1.897500000000000000e+02 2.109610000000000171e-46
1.900000000000000000e+02 2.113149999999999813e-46
1.902500000000000000e+02 2.117509999999999923e-46
1.905000000000000000e+02 2.121580000000000100e-46
1.907500000000000000e+02 2.125950000000000155e-46
1.910000000000000000e+02 2.130579999999999921e-46
1.912500000000000000e+02 2.135560000000000064e-46
1.915000000000000000e+02 2.141489999999999947e-46
1.917500000000000000e+02 2.147920000000000145e-46
1.920000000000000000e+02 2.154559999999999945e-46
1.922500000000000000e+02 2.161710000000000004e-46
1.925000000000000000e+02 2.170230000000000177e-46
1.927500000000000000e+02 2.179949999999999859e-46
1.930000000000000000e+02 2.191110000000000042e-46
1.932500000000000000e+02 2.203579999999999896e-46
1.935000000000000000e+02 2.219060000000000024e-46
1.937500000000000000e+02 2.238040000000000018e-46
1.940000000000000000e+02 2.259209999999999816e-46
1.942500000000000000e+02 2.283370000000000000e-46
1.945000000000000000e+02 2.311720000000000078e-46
1.947500000000000000e+02 2.347539999999999980e-46
1.950000000000000000e+02 2.391149999999999862e-46
1.952500000000000000e+02 2.436160000000000078e-46
1.955000000000000000e+02 2.484350000000000006e-46
1.957500000000000000e+02 2.545269999999999889e-46
1.960000000000000000e+02 2.622330000000000097e-46
1.962500000000000000e+02 2.720150000000000063e-46
1.965000000000000000e+02 2.850259999999999846e-46
1.967500000000000000e+02 3.025410000000000066e-46
1.970000000000000000e+02 3.269509999999999972e-46
1.972500000000000000e+02 3.624030000000000138e-46
1.975000000000000000e+02 4.167940000000000200e-46
1.977500000000000000e+02 5.032689999999999832e-46
1.980000000000000000e+02 6.574809999999999624e-46
1.982500000000000000e+02 9.640890000000000462e-46
1.985000000000000000e+02 1.709089999999999882e-45
1.987500000000000000e+02 4.401990000000000247e-45
1.990000000000000000e+02 3.084489999999999928e-44
1.992500000000000000e+02 1.268160000000000057e-44
1.995000000000000000e+02 2.940230000000000014e-45
1.997500000000000000e+02 1.410489999999999879e-45
2.000000000000000000e+02 8.740349999999999592e-46
2.002500000000000000e+02 6.049430000000000129e-46
2.005000000000000000e+02 4.672009999999999902e-46
2.007500000000000000e+02 3.919220000000000082e-46
2.010000000000000000e+02 3.455059999999999959e-46
2.012500000000000000e+02 3.147369999999999939e-46
2.015000000000000000e+02 2.935969999999999888e-46
2.017500000000000000e+02 2.782759999999999826e-46
2.020000000000000000e+02 2.669750000000000054e-46
2.022500000000000000e+02 2.582799999999999948e-46
2.025000000000000000e+02 2.514199999999999860e-46
2.027500000000000000e+02 2.461380000000000165e-46
2.030000000000000000e+02 2.417530000000000071e-46
2.032500000000000000e+02 2.373250000000000049e-46
2.035000000000000000e+02 2.334079999999999831e-46
2.037500000000000000e+02 2.301389999999999919e-46
2.040000000000000000e+02 2.275269999999999811e-46
2.042500000000000000e+02 2.252659999999999901e-46
2.045000000000000000e+02 2.232899999999999993e-46
2.047500000000000000e+02 2.216480000000000068e-46
2.050000000000000000e+02 2.203299999999999907e-46
2.052500000000000000e+02 2.191310000000000090e-46
2.055000000000000000e+02 2.180200000000000016e-46
2.057500000000000000e+02 2.171290000000000081e-46
2.060000000000000000e+02 2.163179999999999948e-46
2.062500000000000000e+02 2.155790000000000065e-46
2.065000000000000000e+02 2.148900000000000107e-46
2.067500000000000000e+02 2.142590000000000016e-46
2.070000000000000000e+02 2.137179999999999946e-46
2.072500000000000000e+02 2.132259999999999857e-46
2.075000000000000000e+02 2.127090000000000000e-46
2.077500000000000000e+02 2.122400000000000180e-46
2.080000000000000000e+02 2.117859999999999910e-46
2.082500000000000000e+02 2.113219999999999810e-46
2.085000000000000000e+02 2.108829999999999868e-46
2.087500000000000000e+02 2.104470000000000146e-46
2.090000000000000000e+02 2.100289999999999807e-46
2.092500000000000000e+02 2.096050000000000192e-46
2.095000000000000000e+02 2.092110000000000065e-46
2.097500000000000000e+02 2.088140000000000106e-46
2.100000000000000000e+02 2.084159999999999815e-46
2.102500000000000000e+02 2.079969999999999920e-46
2.105000000000000000e+02 2.075960000000000185e-46
2.107500000000000000e+02 2.071839999999999899e-46
2.110000000000000000e+02 2.067410000000000180e-46
2.112500000000000000e+02 2.062890000000000187e-46
2.115000000000000000e+02 2.058440000000000191e-46
2.117500000000000000e+02 2.054189999999999854e-46
2.120000000000000000e+02 2.049739999999999858e-46
2.122500000000000000e+02 2.045100000000000148e-46
2.125000000000000000e+02 2.040699999999999872e-46
2.127500000000000000e+02 2.036259999999999820e-46
2.130000000000000000e+02 2.031430000000000006e-46
2.132500000000000000e+02 2.026880000000000181e-46
2.135000000000000000e+02 2.022489999999999849e-46
2.137500000000000000e+02 2.017640000000000147e-46
2.140000000000000000e+02 2.012689999999999837e-46
2.142500000000000000e+02 2.007580000000000033e-46
2.145000000000000000e+02 2.002480000000000173e-46
2.147500000000000000e+02 1.997280000000000095e-46
2.150000000000000000e+02 1.992299999999999953e-46
2.152500000000000000e+02 1.987109999999999819e-46
2.155000000000000000e+02 1.982260000000000116e-46
2.157500000000000000e+02 1.977029999999999817e-46
2.160000000000000000e+02 1.971420000000000088e-46
2.162500000000000000e+02 1.965959999999999908e-46
2.165000000000000000e+02 1.960450000000000009e-46
2.167500000000000000e+02 1.954800000000000115e-46
2.170000000000000000e+02 1.949069999999999890e-46
2.172500000000000000e+02 1.943369999999999887e-46
2.175000000000000000e+02 1.937519999999999945e-46
2.177500000000000000e+02 1.931730000000000056e-46
2.180000000000000000e+02 1.926129999999999882e-46
2.182500000000000000e+02 1.920219999999999887e-46
2.185000000000000000e+02 1.913990000000000126e-46
2.187500000000000000e+02 1.908389999999999952e-46
2.190000000000000000e+02 1.901669999999999821e-46
2.192500000000000000e+02 1.895360000000000119e-46
2.195000000000000000e+02 1.889040000000000084e-46
2.197500000000000000e+02 1.882840000000000155e-46
2.200000000000000000e+02 1.876650000000000171e-46
2.202500000000000000e+02 1.869619999999999830e-46
2.205000000000000000e+02 1.863139999999999912e-46
2.207500000000000000e+02 1.856679999999999882e-46
2.210000000000000000e+02 1.849669999999999818e-46
2.212500000000000000e+02 1.842569999999999868e-46
2.215000000000000000e+02 1.835220000000000150e-46
2.217500000000000000e+02 1.827809999999999990e-46
2.220000000000000000e+02 1.820480000000000161e-46
2.222500000000000000e+02 1.813320000000000158e-46
2.225000000000000000e+02 1.805840000000000001e-46
2.227500000000000000e+02 1.798370000000000176e-46
2.230000000000000000e+02 1.790720000000000192e-46
2.232500000000000000e+02 1.783310000000000032e-46
2.235000000000000000e+02 1.775559999999999830e-46
2.237500000000000000e+02 1.767889999999999958e-46
2.240000000000000000e+02 1.760080000000000091e-46
2.242500000000000000e+02 1.752119999999999896e-46
2.245000000000000000e+02 1.744170000000000035e-46
2.247500000000000000e+02 1.736130000000000094e-46
2.250000000000000000e+02 1.728150000000000011e-46
2.252500000000000000e+02 1.719879999999999995e-46
2.255000000000000000e+02 1.711579999999999953e-46
2.257500000000000000e+02 1.703299999999999993e-46
2.260000000000000000e+02 1.695230000000000025e-46
2.262500000000000000e+02 1.686810000000000071e-46
2.265000000000000000e+02 1.678270000000000010e-46
2.267500000000000000e+02 1.670109999999999962e-46
2.270000000000000000e+02 1.661510000000000042e-46
2.272500000000000000e+02 1.652729999999999962e-46
2.275000000000000000e+02 1.643890000000000024e-46
2.277500000000000000e+02 1.635179999999999942e-46
2.280000000000000000e+02 1.626440000000000027e-46
2.282500000000000000e+02 1.617519999999999953e-46
2.285000000000000000e+02 1.608640000000000044e-46
2.287500000000000000e+02 1.599670000000000055e-46
2.290000000000000000e+02 1.590950000000000029e-46
2.292500000000000000e+02 1.581849999999999989e-46
2.295000000000000000e+02 1.573330000000000011e-46
2.297500000000000000e+02 1.564269999999999942e-46
2.300000000000000000e+02 1.555390000000000033e-46
2.302500000000000000e+02 1.546269999999999911e-46
2.305000000000000000e+02 1.537200000000000092e-46
2.307500000000000000e+02 1.527939999999999976e-46
2.310000000000000000e+02 1.518599999999999918e-46
2.312500000000000000e+02 1.509479999999999990e-46
2.315000000000000000e+02 1.500360000000000062e-46
2.317500000000000000e+02 1.491279999999999911e-46
2.320000000000000000e+02 1.482309999999999922e-46
2.322500000000000000e+02 1.473189999999999994e-46
2.325000000000000000e+02 1.464080000000000011e-46
2.327500000000000000e+02 1.454900000000000030e-46
2.330000000000000000e+02 1.445450000000000004e-46
2.332500000000000000e+02 1.435729999999999933e-46
2.335000000000000000e+02 1.425999999999999917e-46
2.337500000000000000e+02 1.416609999999999944e-46
2.340000000000000000e+02 1.407259999999999942e-46
2.342500000000000000e+02 1.397750000000000057e-46
2.345000000000000000e+02 1.388249999999999922e-46
2.347500000000000000e+02 1.378579999999999960e-46
2.350000000000000000e+02 1.368770000000000003e-46
2.352500000000000000e+02 1.359170000000000039e-46
2.355000000000000000e+02 1.349479999999999994e-46
2.357500000000000000e+02 1.340120000000000048e-46
2.360000000000000000e+02 1.330420000000000059e-46
2.362500000000000000e+02 1.320769999999999985e-46
2.365000000000000000e+02 1.311319999999999959e-46
2.367500000000000000e+02 1.301950000000000069e-46
2.370000000000000000e+02 1.292360000000000048e-46
2.372500000000000000e+02 1.282740000000000001e-46
2.375000000000000000e+02 1.273299999999999919e-46
2.377500000000000000e+02 1.264140000000000021e-46
2.380000000000000000e+02 1.254570000000000082e-46
2.382500000000000000e+02 1.244990000000000006e-46
2.385000000000000000e+02 1.235640000000000004e-46
2.387500000000000000e+02 1.226339999999999916e-46
2.390000000000000000e+02 1.216879999999999946e-46
2.392500000000000000e+02 1.207650000000000051e-46
2.395000000000000000e+02 1.198510000000000040e-46
2.397500000000000000e+02 1.189239999999999980e-46
2.400000000000000000e+02 1.179870000000000089e-46
2.402500000000000000e+02 1.170530000000000031e-46
2.405000000000000000e+02 1.161429999999999992e-46
2.407500000000000000e+02 1.152049999999999963e-46
2.410000000000000000e+02 1.142799999999999985e-46
2.412500000000000000e+02 1.133669999999999919e-46
2.415000000000000000e+02 1.124230000000000031e-46
2.417500000000000000e+02 1.115109999999999909e-46
2.420000000000000000e+02 1.105849999999999987e-46
2.422500000000000000e+02 1.096789999999999918e-46
2.425000000000000000e+02 1.087730000000000044e-46
2.427500000000000000e+02 1.078580000000000089e-46
2.430000000000000000e+02 1.069429999999999941e-46
2.432500000000000000e+02 1.060359999999999928e-46
2.435000000000000000e+02 1.051309999999999997e-46
2.437500000000000000e+02 1.042220000000000096e-46
2.440000000000000000e+02 1.032980000000000062e-46
2.442500000000000000e+02 1.023889999999999967e-46
2.445000000000000000e+02 1.014590000000000074e-46
2.447500000000000000e+02 1.005719999999999914e-46
2.450000000000000000e+02 9.967360000000000817e-47
2.452500000000000000e+02 9.880629999999999480e-47
2.455000000000000000e+02 9.789739999999999247e-47
2.457500000000000000e+02 9.698859999999999736e-47
2.460000000000000000e+02 9.611480000000000091e-47
2.462500000000000000e+02 9.522069999999999746e-47
2.465000000000000000e+02 9.438470000000000734e-47
2.467500000000000000e+02 9.354210000000000747e-47
2.470000000000000000e+02 9.269170000000000845e-47
2.472500000000000000e+02 9.184649999999999590e-47
2.475000000000000000e+02 9.098099999999999579e-47
2.477500000000000000e+02 9.015440000000000364e-47
2.480000000000000000e+02 8.935000000000000008e-47
2.482500000000000000e+02 8.853840000000000180e-47
2.485000000000000000e+02 8.773959999999999413e-47
2.487500000000000000e+02 8.691850000000000038e-47
2.490000000000000000e+02 8.623529999999999550e-47
2.492500000000000000e+02 8.568830000000000261e-47
2.495000000000000000e+02 8.540939999999999554e-47
2.497500000000000000e+02 8.448439999999999772e-47
2.500000000000000000e+02 8.323869999999999916e-47
2.502500000000000000e+02 8.227159999999999574e-47
2.505000000000000000e+02 8.142229999999999834e-47
2.507500000000000000e+02 8.063869999999999898e-47
2.510000000000000000e+02 7.989859999999999934e-47
2.512500000000000000e+02 7.912639999999999649e-47
2.515000000000000000e+02 7.837259999999999960e-47
2.517500000000000000e+02 7.766019999999999667e-47
2.520000000000000000e+02 7.692460000000000103e-47
2.522500000000000000e+02 7.619570000000000290e-47
2.525000000000000000e+02 7.548480000000000131e-47
2.527500000000000000e+02 7.479630000000000274e-47
2.530000000000000000e+02 7.409479999999999912e-47
2.532500000000000000e+02 7.342119999999999692e-47
2.535000000000000000e+02 7.272390000000000481e-47
2.537500000000000000e+02 7.202620000000000326e-47
2.540000000000000000e+02 7.134419999999999750e-47
2.542500000000000000e+02 7.067920000000000359e-47
2.545000000000000000e+02 7.000839999999999934e-47
2.547500000000000000e+02 6.933930000000000114e-47
2.550000000000000000e+02 6.867450000000000222e-47
2.552500000000000000e+02 6.803049999999999778e-47
