0.000000000000000000e+00 5.000000000000000000e-01
2.500000000000000000e-01 5.000000000000000000e-01
5.000000000000000000e-01 5.000000000000000000e-01
7.500000000000000000e-01 5.000000000000000000e-01
1.000000000000000000e+00 5.000000000000000000e-01
1.250000000000000000e+00 5.000000000000000000e-01
1.500000000000000000e+00 5.000000000000000000e-01
1.750000000000000000e+00 5.000000000000000000e-01
2.000000000000000000e+00 5.000000000000000000e-01
2.250000000000000000e+00 5.000000000000000000e-01
2.500000000000000000e+00 5.000000000000000000e-01
2.750000000000000000e+00 5.000000000000000000e-01
3.000000000000000000e+00 5.000000000000000000e-01
3.250000000000000000e+00 5.000000000000000000e-01
3.500000000000000000e+00 5.000000000000000000e-01
3.750000000000000000e+00 5.000000000000000000e-01
4.000000000000000000e+00 5.000000000000000000e-01
4.250000000000000000e+00 5.000000000000000000e-01
4.500000000000000000e+00 5.000000000000000000e-01
4.750000000000000000e+00 5.000000000000000000e-01
5.000000000000000000e+00 5.000000000000000000e-01
5.250000000000000000e+00 5.000000000000000000e-01
5.500000000000000000e+00 5.000000000000000000e-01
5.750000000000000000e+00 5.000000000000000000e-01
6.000000000000000000e+00 5.000000000000000000e-01
6.250000000000000000e+00 5.000000000000000000e-01
6.500000000000000000e+00 5.000000000000000000e-01
6.750000000000000000e+00 5.000000000000000000e-01
7.000000000000000000e+00 5.000000000000000000e-01
7.250000000000000000e+00 5.000000000000000000e-01
7.500000000000000000e+00 5.000000000000000000e-01
7.750000000000000000e+00 5.000000000000000000e-01
8.000000000000000000e+00 5.000000000000000000e-01
8.250000000000000000e+00 5.000000000000000000e-01
8.500000000000000000e+00 5.000000000000000000e-01
8.750000000000000000e+00 5.000000000000000000e-01
9.000000000000000000e+00 5.000000000000000000e-01
9.250000000000000000e+00 5.000000000000000000e-01
9.500000000000000000e+00 5.000000000000000000e-01
9.750000000000000000e+00 5.000000000000000000e-01
1.000000000000000000e+01 5.000000000000000000e-01
1.025000000000000000e+01 5.000000000000000000e-01
1.050000000000000000e+01 5.000000000000000000e-01
1.075000000000000000e+01 5.000000000000000000e-01
1.100000000000000000e+01 5.000000000000000000e-01
1.125000000000000000e+01 5.000000000000000000e-01
1.150000000000000000e+01 5.000000000000000000e-01
1.175000000000000000e+01 5.000000000000000000e-01
1.200000000000000000e+01 5.000000000000000000e-01
1.225000000000000000e+01 5.000000000000000000e-01
1.250000000000000000e+01 5.000000000000000000e-01
1.275000000000000000e+01 5.000000000000000000e-01
1.300000000000000000e+01 5.000000000000000000e-01
1.325000000000000000e+01 5.000000000000000000e-01
1.350000000000000000e+01 5.000000000000000000e-01
1.375000000000000000e+01 5.000000000000000000e-01
1.400000000000000000e+01 5.000000000000000000e-01
1.425000000000000000e+01 5.000000000000000000e-01
1.450000000000000000e+01 5.000000000000000000e-01
1.475000000000000000e+01 5.000000000000000000e-01
1.500000000000000000e+01 5.000000000000000000e-01
1.525000000000000000e+01 5.000000000000000000e-01
1.550000000000000000e+01 5.000000000000000000e-01
1.575000000000000000e+01 5.000000000000000000e-01
1.600000000000000000e+01 9.269200000000000584e-44
1.625000000000000000e+01 8.366269999999999893e-44
1.650000000000000000e+01 7.544350000000000196e-44
1.675000000000000000e+01 6.799559999999999553e-44
1.700000000000000000e+01 6.129150000000000095e-44
1.725000000000000000e+01 5.527789999999999592e-44
1.750000000000000000e+01 4.987259999999999601e-44
1.775000000000000000e+01 4.503920000000000322e-44
1.800000000000000000e+01 4.072550000000000220e-44
1.825000000000000000e+01 3.676919999999999923e-44
1.850000000000000000e+01 3.325419999999999849e-44
1.875000000000000000e+01 3.006420000000000035e-44
1.900000000000000000e+01 2.718119999999999846e-44
1.925000000000000000e+01 2.458529999999999899e-44
1.950000000000000000e+01 2.224829999999999916e-44
1.975000000000000000e+01 2.013819999999999878e-44
2.000000000000000000e+01 1.823010000000000086e-44
2.025000000000000000e+01 1.651779999999999902e-44
2.050000000000000000e+01 1.497419999999999989e-44
2.075000000000000000e+01 1.359050000000000041e-44
2.100000000000000000e+01 1.234500000000000065e-44
2.125000000000000000e+01 1.123679999999999880e-44
2.150000000000000000e+01 1.023290000000000025e-44
2.175000000000000000e+01 9.326790000000000055e-45
2.200000000000000000e+01 8.506650000000000232e-45
2.225000000000000000e+01 7.771750000000000203e-45
2.250000000000000000e+01 7.104539999999999519e-45
2.275000000000000000e+01 6.494769999999999831e-45
2.300000000000000000e+01 5.946989999999999640e-45
2.325000000000000000e+01 5.448359999999999840e-45
2.350000000000000000e+01 4.999609999999999769e-45
2.375000000000000000e+01 4.589670000000000064e-45
2.400000000000000000e+01 4.217549999999999728e-45
2.425000000000000000e+01 3.878230000000000089e-45
2.450000000000000000e+01 3.570099999999999886e-45
2.475000000000000000e+01 3.289719999999999696e-45
2.500000000000000000e+01 3.035029999999999841e-45
2.525000000000000000e+01 2.801860000000000004e-45
2.550000000000000000e+01 2.589639999999999952e-45
2.575000000000000000e+01 2.396259999999999977e-45
2.600000000000000000e+01 2.219369999999999846e-45
2.625000000000000000e+01 2.058770000000000056e-45
2.650000000000000000e+01 1.910710000000000119e-45
2.675000000000000000e+01 1.776070000000000088e-45
2.700000000000000000e+01 1.651859999999999890e-45
2.725000000000000000e+01 1.538100000000000036e-45
2.750000000000000000e+01 1.433640000000000113e-45
2.775000000000000000e+01 1.337779999999999993e-45
2.800000000000000000e+01 1.249629999999999989e-45
2.825000000000000000e+01 1.168790000000000004e-45
2.850000000000000000e+01 1.093889999999999924e-45
2.875000000000000000e+01 1.024839999999999942e-45
2.900000000000000000e+01 9.612750000000000765e-46
2.925000000000000000e+01 9.028260000000000594e-46
2.950000000000000000e+01 8.485000000000000007e-46
2.975000000000000000e+01 7.981699999999999887e-46
3.000000000000000000e+01 7.516680000000000296e-46
3.025000000000000000e+01 7.087239999999999228e-46
3.050000000000000000e+01 6.689280000000000174e-46
3.075000000000000000e+01 6.317419999999999784e-46
3.100000000000000000e+01 5.971069999999999804e-46
3.125000000000000000e+01 5.650059999999999629e-46
3.150000000000000000e+01 5.352160000000000066e-46
3.175000000000000000e+01 5.072189999999999760e-46
3.200000000000000000e+01 4.812280000000000017e-46
3.225000000000000000e+01 4.570779999999999955e-46
3.250000000000000000e+01 4.346910000000000051e-46
3.275000000000000000e+01 4.135899999999999763e-46
3.300000000000000000e+01 3.939080000000000209e-46
3.325000000000000000e+01 3.754509999999999795e-46
3.350000000000000000e+01 3.583329999999999923e-46
3.375000000000000000e+01 3.423680000000000108e-46
3.400000000000000000e+01 3.273469999999999986e-46
3.425000000000000000e+01 3.134809999999999810e-46
3.450000000000000000e+01 3.002250000000000122e-46
3.475000000000000000e+01 2.879029999999999908e-46
3.500000000000000000e+01 2.762879999999999812e-46
3.525000000000000000e+01 2.654609999999999969e-46
3.550000000000000000e+01 2.550689999999999903e-46
3.575000000000000000e+01 2.453999999999999837e-46
3.600000000000000000e+01 2.363329999999999930e-46
3.625000000000000000e+01 2.278449999999999911e-46
3.650000000000000000e+01 2.197650000000000013e-46
3.675000000000000000e+01 2.121599999999999988e-46
3.700000000000000000e+01 2.050380000000000167e-46
3.725000000000000000e+01 1.983090000000000140e-46
3.750000000000000000e+01 1.919630000000000076e-46
3.775000000000000000e+01 1.858819999999999966e-46
3.800000000000000000e+01 1.801609999999999941e-46
3.825000000000000000e+01 1.747370000000000023e-46
3.850000000000000000e+01 1.696260000000000097e-46
3.875000000000000000e+01 1.648410000000000017e-46
3.900000000000000000e+01 1.602560000000000027e-46
3.925000000000000000e+01 1.559420000000000045e-46
3.950000000000000000e+01 1.518659999999999971e-46
3.975000000000000000e+01 1.480280000000000000e-46
4.000000000000000000e+01 1.444080000000000084e-46
4.025000000000000000e+01 1.409540000000000021e-46
4.050000000000000000e+01 1.376690000000000033e-46
4.075000000000000000e+01 1.345410000000000011e-46
4.100000000000000000e+01 1.315669999999999931e-46
4.125000000000000000e+01 1.287360000000000018e-46
4.150000000000000000e+01 1.260240000000000059e-46
4.175000000000000000e+01 1.234959999999999919e-46
4.200000000000000000e+01 1.210530000000000079e-46
4.225000000000000000e+01 1.187509999999999935e-46
4.250000000000000000e+01 1.165700000000000022e-46
4.275000000000000000e+01 1.145010000000000067e-46
4.300000000000000000e+01 1.124650000000000015e-46
4.325000000000000000e+01 1.105600000000000024e-46
4.350000000000000000e+01 1.087539999999999940e-46
4.375000000000000000e+01 1.070520000000000065e-46
4.400000000000000000e+01 1.054360000000000047e-46
4.425000000000000000e+01 1.038629999999999957e-46
4.450000000000000000e+01 1.023719999999999946e-46
4.475000000000000000e+01 1.009130000000000089e-46
4.500000000000000000e+01 9.957239999999999483e-47
4.525000000000000000e+01 9.827939999999999447e-47
4.550000000000000000e+01 9.703329999999999620e-47
4.575000000000000000e+01 9.587609999999999841e-47
4.600000000000000000e+01 9.477100000000000862e-47
4.625000000000000000e+01 9.372690000000000815e-47
4.650000000000000000e+01 9.274479999999999141e-47
4.675000000000000000e+01 9.177539999999999696e-47
4.700000000000000000e+01 9.083019999999999936e-47
4.725000000000000000e+01 8.994750000000000214e-47
4.750000000000000000e+01 8.909520000000000209e-47
4.775000000000000000e+01 8.828550000000000484e-47
4.800000000000000000e+01 8.749449999999999632e-47
4.825000000000000000e+01 8.674370000000000209e-47
4.850000000000000000e+01 8.602129999999999677e-47
4.875000000000000000e+01 8.535069999999999724e-47
4.900000000000000000e+01 8.469110000000000423e-47
4.925000000000000000e+01 8.406520000000000354e-47
4.950000000000000000e+01 8.345779999999999658e-47
4.975000000000000000e+01 8.287780000000000357e-47
5.000000000000000000e+01 8.234029999999999643e-47
5.025000000000000000e+01 8.178600000000000160e-47
5.050000000000000000e+01 8.124810000000000448e-47
5.075000000000000000e+01 8.074829999999999644e-47
5.100000000000000000e+01 8.026289999999999730e-47
5.125000000000000000e+01 7.979889999999999706e-47
5.150000000000000000e+01 7.933780000000000199e-47
5.175000000000000000e+01 7.888550000000000046e-47
5.200000000000000000e+01 7.846210000000000450e-47
5.225000000000000000e+01 7.804250000000000088e-47
5.250000000000000000e+01 7.762430000000000111e-47
5.275000000000000000e+01 7.720229999999999925e-47
5.300000000000000000e+01 7.678769999999999684e-47
5.325000000000000000e+01 7.638509999999999535e-47
5.350000000000000000e+01 7.596099999999999747e-47
5.375000000000000000e+01 7.555559999999999803e-47
5.400000000000000000e+01 7.515550000000000200e-47
5.425000000000000000e+01 7.476419999999999953e-47
5.450000000000000000e+01 7.436850000000000028e-47
5.475000000000000000e+01 7.397289999999999852e-47
5.500000000000000000e+01 7.357320000000000220e-47
5.525000000000000000e+01 7.318009999999999618e-47
5.550000000000000000e+01 7.280670000000000246e-47
5.575000000000000000e+01 7.243160000000000270e-47
5.600000000000000000e+01 7.205350000000000027e-47
5.625000000000000000e+01 7.168810000000000069e-47
5.650000000000000000e+01 7.133120000000000217e-47
5.675000000000000000e+01 7.095309999999999974e-47
5.700000000000000000e+01 7.057950000000000131e-47
5.725000000000000000e+01 7.019740000000000181e-47
5.750000000000000000e+01 6.983329999999999884e-47
5.775000000000000000e+01 6.946700000000000235e-47
5.800000000000000000e+01 6.910310000000000410e-47
5.825000000000000000e+01 6.874219999999999879e-47
5.850000000000000000e+01 6.837379999999999655e-47
5.875000000000000000e+01 6.799570000000000384e-47
5.900000000000000000e+01 6.763550000000000045e-47
5.925000000000000000e+01 6.726800000000000484e-47
5.950000000000000000e+01 6.691459999999999646e-47
5.975000000000000000e+01 6.655050000000000322e-47
6.000000000000000000e+01 6.618950000000000041e-47
6.025000000000000000e+01 6.582750000000000320e-47
6.050000000000000000e+01 6.547690000000000249e-47
6.075000000000000000e+01 6.512510000000000266e-47
6.100000000000000000e+01 6.477290000000000313e-47
6.125000000000000000e+01 6.442080000000000109e-47
6.150000000000000000e+01 6.406749999999999994e-47
6.175000000000000000e+01 6.373730000000000372e-47
6.200000000000000000e+01 6.340540000000000147e-47
6.225000000000000000e+01 6.306549999999999535e-47
6.250000000000000000e+01 6.272299999999999600e-47
6.275000000000000000e+01 6.239190000000000288e-47
6.300000000000000000e+01 6.206559999999999652e-47
6.325000000000000000e+01 6.174260000000000475e-47
6.350000000000000000e+01 6.141350000000000044e-47
6.375000000000000000e+01 6.107360000000000405e-47
6.400000000000000000e+01 6.075650000000000067e-47
6.425000000000000000e+01 6.044430000000000099e-47
6.450000000000000000e+01 6.013179999999999910e-47
6.475000000000000000e+01 5.982939999999999710e-47
6.500000000000000000e+01 5.953039999999999746e-47
6.525000000000000000e+01 5.921829999999999528e-47
6.550000000000000000e+01 5.891600000000000050e-47
6.575000000000000000e+01 5.861169999999999746e-47
6.600000000000000000e+01 5.831379999999999945e-47
6.625000000000000000e+01 5.801329999999999849e-47
6.650000000000000000e+01 5.772049999999999918e-47
6.675000000000000000e+01 5.742819999999999706e-47
6.700000000000000000e+01 5.713940000000000454e-47
6.725000000000000000e+01 5.684999999999999788e-47
6.750000000000000000e+01 5.657060000000000333e-47
6.775000000000000000e+01 5.628549999999999594e-47
6.800000000000000000e+01 5.600990000000000346e-47
6.825000000000000000e+01 5.573070000000000391e-47
6.850000000000000000e+01 5.546189999999999672e-47
6.875000000000000000e+01 5.519509999999999780e-47
6.900000000000000000e+01 5.491699999999999987e-47
6.925000000000000000e+01 5.464940000000000153e-47
6.950000000000000000e+01 5.437880000000000053e-47
6.975000000000000000e+01 5.411740000000000251e-47
7.000000000000000000e+01 5.384440000000000327e-47
7.025000000000000000e+01 5.358479999999999907e-47
7.050000000000000000e+01 5.333490000000000478e-47
7.075000000000000000e+01 5.307739999999999661e-47
7.100000000000000000e+01 5.282339999999999803e-47
7.125000000000000000e+01 5.257489999999999785e-47
7.150000000000000000e+01 5.233059999999999945e-47
7.175000000000000000e+01 5.207960000000000353e-47
7.200000000000000000e+01 5.183409999999999629e-47
7.225000000000000000e+01 5.159460000000000409e-47
7.250000000000000000e+01 5.135750000000000042e-47
7.275000000000000000e+01 5.111679999999999938e-47
7.300000000000000000e+01 5.088769999999999957e-47
7.325000000000000000e+01 5.064950000000000399e-47
7.350000000000000000e+01 5.041479999999999856e-47
7.375000000000000000e+01 5.017700000000000269e-47
7.400000000000000000e+01 4.995159999999999773e-47
7.425000000000000000e+01 4.972209999999999821e-47
7.450000000000000000e+01 4.949969999999999591e-47
7.475000000000000000e+01 4.926819999999999786e-47
7.500000000000000000e+01 4.905159999999999617e-47
7.525000000000000000e+01 4.882819999999999947e-47
7.550000000000000000e+01 4.861579999999999957e-47
7.575000000000000000e+01 4.839839999999999847e-47
7.600000000000000000e+01 4.818599999999999857e-47
7.625000000000000000e+01 4.796180000000000246e-47
7.650000000000000000e+01 4.774839999999999843e-47
7.675000000000000000e+01 4.753820000000000178e-47
7.700000000000000000e+01 4.732369999999999612e-47
7.725000000000000000e+01 4.712059999999999670e-47
7.750000000000000000e+01 4.691450000000000434e-47
7.775000000000000000e+01 4.670830000000000475e-47
7.800000000000000000e+01 4.650659999999999944e-47
7.825000000000000000e+01 4.630490000000000385e-47
7.850000000000000000e+01 4.610509999999999958e-47
7.875000000000000000e+01 4.589969999999999941e-47
7.900000000000000000e+01 4.569639999999999527e-47
7.925000000000000000e+01 4.549789999999999733e-47
7.950000000000000000e+01 4.529470000000000041e-47
7.975000000000000000e+01 4.509629999999999998e-47
8.000000000000000000e+01 4.488869999999999656e-47
8.025000000000000000e+01 4.469620000000000395e-47
8.050000000000000000e+01 4.450379999999999911e-47
8.075000000000000000e+01 4.431119999999999929e-47
8.100000000000000000e+01 4.411780000000000004e-47
8.125000000000000000e+01 4.392849999999999537e-47
8.150000000000000000e+01 4.373840000000000100e-47
8.175000000000000000e+01 4.355730000000000004e-47
8.200000000000000000e+01 4.337650000000000128e-47
8.225000000000000000e+01 4.319580000000000003e-47
8.250000000000000000e+01 4.302009999999999997e-47
8.275000000000000000e+01 4.283290000000000104e-47
8.300000000000000000e+01 4.266139999999999791e-47
8.325000000000000000e+01 4.247889999999999797e-47
8.350000000000000000e+01 4.229869999999999878e-47
8.375000000000000000e+01 4.212460000000000240e-47
8.400000000000000000e+01 4.195220000000000236e-47
8.425000000000000000e+01 4.178149999999999863e-47
8.450000000000000000e+01 4.161270000000000081e-47
8.475000000000000000e+01 4.143819999999999987e-47
8.500000000000000000e+01 4.127140000000000058e-47
8.525000000000000000e+01 4.110810000000000115e-47
8.550000000000000000e+01 4.094130000000000186e-47
8.575000000000000000e+01 4.077619999999999890e-47
8.600000000000000000e+01 4.061130000000000064e-47
8.625000000000000000e+01 4.044769999999999901e-47
8.650000000000000000e+01 4.028849999999999901e-47
8.675000000000000000e+01 4.013480000000000227e-47
8.700000000000000000e+01 3.997459999999999814e-47
8.725000000000000000e+01 3.981390000000000168e-47
8.750000000000000000e+01 3.965729999999999977e-47
8.775000000000000000e+01 3.950449999999999994e-47
8.800000000000000000e+01 3.935909999999999955e-47
8.825000000000000000e+01 3.921300000000000211e-47
8.850000000000000000e+01 3.906189999999999860e-47
8.875000000000000000e+01 3.891680000000000042e-47
8.900000000000000000e+01 3.876429999999999795e-47
8.925000000000000000e+01 3.862070000000000110e-47
8.950000000000000000e+01 3.847640000000000233e-47
8.975000000000000000e+01 3.833370000000000240e-47
9.000000000000000000e+01 3.818899999999999906e-47
9.025000000000000000e+01 3.804970000000000149e-47
9.050000000000000000e+01 3.791219999999999774e-47
9.075000000000000000e+01 3.777970000000000005e-47
9.100000000000000000e+01 3.763899999999999865e-47
9.125000000000000000e+01 3.750849999999999949e-47
9.150000000000000000e+01 3.737219999999999973e-47
9.175000000000000000e+01 3.724159999999999821e-47
9.200000000000000000e+01 3.710730000000000184e-47
9.225000000000000000e+01 3.697320000000000046e-47
9.250000000000000000e+01 3.684609999999999882e-47
9.275000000000000000e+01 3.671489999999999774e-47
9.300000000000000000e+01 3.658689999999999918e-47
9.325000000000000000e+01 3.646419999999999917e-47
9.350000000000000000e+01 3.633990000000000033e-47
9.375000000000000000e+01 3.622220000000000152e-47
9.400000000000000000e+01 3.609789999999999782e-47
9.425000000000000000e+01 3.597359999999999898e-47
9.450000000000000000e+01 3.584980000000000221e-47
9.475000000000000000e+01 3.572990000000000014e-47
9.500000000000000000e+01 3.560750000000000234e-47
9.525000000000000000e+01 3.549030000000000073e-47
9.550000000000000000e+01 3.537269999999999941e-47
9.575000000000000000e+01 3.525819999999999825e-47
9.600000000000000000e+01 3.514310000000000239e-47
9.625000000000000000e+01 3.503480000000000155e-47
9.650000000000000000e+01 3.491939999999999862e-47
9.675000000000000000e+01 3.480900000000000175e-47
9.700000000000000000e+01 3.469990000000000149e-47
9.725000000000000000e+01 3.459439999999999860e-47
9.750000000000000000e+01 3.448440000000000143e-47
9.775000000000000000e+01 3.437659999999999779e-47
9.800000000000000000e+01 3.427010000000000050e-47
9.825000000000000000e+01 3.416239999999999921e-47
9.850000000000000000e+01 3.405420000000000073e-47
9.875000000000000000e+01 3.395360000000000154e-47
9.900000000000000000e+01 3.384909999999999791e-47
9.925000000000000000e+01 3.374370000000000223e-47
9.950000000000000000e+01 3.364570000000000113e-47
9.975000000000000000e+01 3.355020000000000063e-47
1.000000000000000000e+02 3.345629999999999896e-47
1.002500000000000000e+02 3.335820000000000037e-47
1.005000000000000000e+02 3.325740000000000132e-47
1.007500000000000000e+02 3.316119999999999890e-47
1.010000000000000000e+02 3.307069999999999960e-47
1.012500000000000000e+02 3.297800000000000191e-47
1.015000000000000000e+02 3.288999999999999834e-47
1.017500000000000000e+02 3.280020000000000096e-47
1.020000000000000000e+02 3.270729999999999855e-47
1.022500000000000000e+02 3.262009999999999926e-47
1.025000000000000000e+02 3.253219999999999805e-47
1.027500000000000000e+02 3.244329999999999758e-47
1.030000000000000000e+02 3.235730000000000227e-47
1.032500000000000000e+02 3.227170000000000180e-47
1.035000000000000000e+02 3.218869999999999944e-47
1.037500000000000000e+02 3.210510000000000237e-47
1.040000000000000000e+02 3.202090000000000088e-47
1.042500000000000000e+02 3.193740000000000131e-47
1.045000000000000000e+02 3.185849999999999836e-47
1.047500000000000000e+02 3.178449999999999912e-47
1.050000000000000000e+02 3.170370000000000000e-47
1.052500000000000000e+02 3.161969999999999836e-47
1.055000000000000000e+02 3.154469999999999986e-47
1.057500000000000000e+02 3.147229999999999944e-47
1.060000000000000000e+02 3.139679999999999887e-47
1.062500000000000000e+02 3.132359999999999904e-47
1.065000000000000000e+02 3.125489999999999834e-47
1.067500000000000000e+02 3.117950000000000013e-47
1.070000000000000000e+02 3.110550000000000088e-47
1.072500000000000000e+02 3.102940000000000075e-47
1.075000000000000000e+02 3.095950000000000093e-47
1.077500000000000000e+02 3.089259999999999892e-47
1.080000000000000000e+02 3.082079999999999807e-47
1.082500000000000000e+02 3.075120000000000046e-47
1.085000000000000000e+02 3.068300000000000183e-47
1.087500000000000000e+02 3.061620000000000217e-47
1.090000000000000000e+02 3.054569999999999793e-47
1.092500000000000000e+02 3.048019999999999975e-47
1.095000000000000000e+02 3.041390000000000216e-47
1.097500000000000000e+02 3.034689999999999779e-47
1.100000000000000000e+02 3.028060000000000019e-47
1.102500000000000000e+02 3.021599999999999892e-47
1.105000000000000000e+02 3.015180000000000222e-47
1.107500000000000000e+02 3.009090000000000067e-47
1.110000000000000000e+02 3.003220000000000237e-47
1.112500000000000000e+02 2.996970000000000199e-47
1.115000000000000000e+02 2.991210000000000045e-47
1.117500000000000000e+02 2.985250000000000038e-47
1.120000000000000000e+02 2.979409999999999943e-47
1.122500000000000000e+02 2.973290000000000053e-47
1.125000000000000000e+02 2.967469999999999943e-47
1.127500000000000000e+02 2.961979999999999834e-47
1.130000000000000000e+02 2.956450000000000241e-47
1.132500000000000000e+02 2.950980000000000118e-47
1.135000000000000000e+02 2.945839999999999996e-47
1.137500000000000000e+02 2.940520000000000005e-47
1.140000000000000000e+02 2.935169999999999794e-47
1.142500000000000000e+02 2.929740000000000128e-47
1.145000000000000000e+02 2.924799999999999859e-47
1.147500000000000000e+02 2.919849999999999841e-47
1.150000000000000000e+02 2.914770000000000161e-47
1.152500000000000000e+02 2.909659999999999774e-47
1.155000000000000000e+02 2.904950000000000066e-47
1.157500000000000000e+02 2.900029999999999782e-47
1.160000000000000000e+02 2.895220000000000147e-47
1.162500000000000000e+02 2.890560000000000160e-47
1.165000000000000000e+02 2.885289999999999890e-47
1.167500000000000000e+02 2.880600000000000167e-47
1.170000000000000000e+02 2.876009999999999885e-47
1.172500000000000000e+02 2.871500000000000030e-47
1.175000000000000000e+02 2.867019999999999911e-47
1.177500000000000000e+02 2.862559999999999776e-47
1.180000000000000000e+02 2.857770000000000127e-47
1.182500000000000000e+02 2.853440000000000140e-47
1.185000000000000000e+02 2.849310000000000007e-47
1.187500000000000000e+02 2.845019999999999991e-47
1.190000000000000000e+02 2.841110000000000183e-47
1.192500000000000000e+02 2.836619999999999828e-47
1.195000000000000000e+02 2.832400000000000004e-47
1.197500000000000000e+02 2.828140000000000209e-47
1.200000000000000000e+02 2.824450000000000240e-47
1.202500000000000000e+02 2.820309999999999871e-47
1.205000000000000000e+02 2.815669999999999868e-47
1.207500000000000000e+02 2.812099999999999811e-47
1.210000000000000000e+02 2.808360000000000121e-47
1.212500000000000000e+02 2.804039999999999884e-47
1.215000000000000000e+02 2.799829999999999810e-47
1.217500000000000000e+02 2.795720000000000148e-47
1.220000000000000000e+02 2.792030000000000179e-47
1.222500000000000000e+02 2.788270000000000018e-47
1.225000000000000000e+02 2.784899999999999814e-47
1.227500000000000000e+02 2.781280000000000036e-47
1.230000000000000000e+02 2.777570000000000081e-47
1.232500000000000000e+02 2.773969999999999803e-47
1.235000000000000000e+02 2.770409999999999981e-47
1.237500000000000000e+02 2.766899999999999880e-47
1.240000000000000000e+02 2.763730000000000015e-47
1.242500000000000000e+02 2.760190000000000179e-47
1.245000000000000000e+02 2.756890000000000167e-47
1.247500000000000000e+02 2.753619999999999890e-47
1.250000000000000000e+02 2.750370000000000084e-47
1.252500000000000000e+02 2.747180000000000234e-47
1.255000000000000000e+02 2.744109999999999810e-47
1.257500000000000000e+02 2.741030000000000123e-47
1.260000000000000000e+02 2.738089999999999847e-47
1.262500000000000000e+02 2.735110000000000086e-47
1.265000000000000000e+02 2.731969999999999957e-47
1.267500000000000000e+02 2.729079999999999887e-47
1.270000000000000000e+02 2.726269999999999759e-47
1.272500000000000000e+02 2.723309999999999984e-47
1.275000000000000000e+02 2.720610000000000018e-47
1.277500000000000000e+02 2.717750000000000170e-47
1.280000000000000000e+02 2.715110000000000160e-47
1.282500000000000000e+02 2.712220000000000090e-47
1.285000000000000000e+02 2.709330000000000021e-47
1.287500000000000000e+02 2.706579999999999848e-47
1.290000000000000000e+02 2.703759999999999971e-47
1.292500000000000000e+02 2.700960000000000078e-47
1.295000000000000000e+02 2.698100000000000230e-47
1.297500000000000000e+02 2.695219999999999909e-47
1.300000000000000000e+02 2.692099999999999765e-47
1.302500000000000000e+02 2.689410000000000035e-47
1.305000000000000000e+02 2.686900000000000173e-47
1.307500000000000000e+02 2.684130000000000016e-47
1.310000000000000000e+02 2.681479999999999770e-47
1.312500000000000000e+02 2.678969999999999908e-47
1.315000000000000000e+02 2.676209999999999987e-47
1.317500000000000000e+02 2.673689999999999889e-47
1.320000000000000000e+02 2.670940000000000203e-47
1.322500000000000000e+02 2.668190000000000031e-47
1.325000000000000000e+02 2.665959999999999963e-47
1.327500000000000000e+02 2.663680000000000176e-47
1.330000000000000000e+02 2.661169999999999828e-47
1.332500000000000000e+02 2.658619999999999995e-47
1.335000000000000000e+02 2.656150000000000104e-47
1.337500000000000000e+02 2.653760000000000154e-47
1.340000000000000000e+02 2.651450000000000146e-47
1.342500000000000000e+02 2.649220000000000078e-47
1.345000000000000000e+02 2.646779999999999922e-47
1.347500000000000000e+02 2.644190000000000119e-47
1.350000000000000000e+02 2.641989999999999787e-47
1.352500000000000000e+02 2.639539999999999881e-47
1.355000000000000000e+02 2.637410000000000226e-47
1.357500000000000000e+02 2.635109999999999967e-47
1.360000000000000000e+02 2.632910000000000121e-47
1.362500000000000000e+02 2.630620000000000098e-47
1.365000000000000000e+02 2.628359999999999810e-47
1.367500000000000000e+02 2.626219999999999920e-47
1.370000000000000000e+02 2.623989999999999853e-47
1.372500000000000000e+02 2.621790000000000007e-47
1.375000000000000000e+02 2.619860000000000206e-47
1.377500000000000000e+02 2.617880000000000198e-47
1.380000000000000000e+02 2.615429999999999806e-47
1.382500000000000000e+02 2.613320000000000137e-47
1.385000000000000000e+02 2.611059999999999849e-47
1.387500000000000000e+02 2.608849999999999767e-47
1.390000000000000000e+02 2.606720000000000113e-47
1.392500000000000000e+02 2.604740000000000106e-47
1.395000000000000000e+02 2.602760000000000098e-47
1.397500000000000000e+02 2.600780000000000091e-47
1.400000000000000000e+02 2.598589999999999994e-47
1.402500000000000000e+02 2.596490000000000075e-47
1.405000000000000000e+02 2.594609999999999995e-47
1.407500000000000000e+02 2.592479999999999854e-47
1.410000000000000000e+02 2.590619999999999759e-47
1.412500000000000000e+02 2.588720000000000179e-47
1.415000000000000000e+02 2.586619999999999773e-47
1.417500000000000000e+02 2.585179999999999857e-47
1.420000000000000000e+02 2.583400000000000189e-47
1.422500000000000000e+02 2.581719999999999962e-47
1.425000000000000000e+02 2.579910000000000073e-47
1.427500000000000000e+02 2.578140000000000155e-47
1.430000000000000000e+02 2.576320000000000030e-47
1.432500000000000000e+02 2.574510000000000141e-47
1.435000000000000000e+02 2.572909999999999855e-47
1.437500000000000000e+02 2.571099999999999967e-47
1.440000000000000000e+02 2.569279999999999842e-47
1.442500000000000000e+02 2.567480000000000189e-47
1.445000000000000000e+02 2.565830000000000183e-47
1.447500000000000000e+02 2.564200000000000162e-47
1.450000000000000000e+02 2.562400000000000023e-47
1.452500000000000000e+02 2.560320000000000089e-47
1.455000000000000000e+02 2.558420000000000023e-47
1.457500000000000000e+02 2.556679999999999840e-47
1.460000000000000000e+02 2.555000000000000099e-47
1.462500000000000000e+02 2.553620000000000138e-47
1.465000000000000000e+02 2.552180000000000221e-47
1.467500000000000000e+02 2.550570000000000185e-47
1.470000000000000000e+02 2.549029999999999856e-47
1.472500000000000000e+02 2.547239999999999952e-47
1.475000000000000000e+02 2.545620000000000167e-47
1.477500000000000000e+02 2.544559999999999972e-47
1.480000000000000000e+02 2.543000000000000143e-47
1.482500000000000000e+02 2.541430000000000078e-47
1.485000000000000000e+02 2.539879999999999999e-47
1.487500000000000000e+02 2.538110000000000080e-47
1.490000000000000000e+02 2.536440000000000089e-47
1.492500000000000000e+02 2.534879999999999774e-47
1.495000000000000000e+02 2.533250000000000239e-47
1.497500000000000000e+02 2.531780000000000101e-47
1.500000000000000000e+02 2.530239999999999771e-47
1.502500000000000000e+02 2.528289999999999985e-47
1.505000000000000000e+02 2.526639999999999979e-47
1.507500000000000000e+02 2.525100000000000135e-47
1.510000000000000000e+02 2.523619999999999762e-47
1.512500000000000000e+02 2.522219999999999815e-47
1.515000000000000000e+02 2.521069999999999929e-47
1.517500000000000000e+02 2.519459999999999894e-47
1.520000000000000000e+02 2.518150000000000125e-47
1.522500000000000000e+02 2.516580000000000060e-47
1.525000000000000000e+02 2.514939999999999803e-47
1.527500000000000000e+02 2.513599999999999813e-47
1.530000000000000000e+02 2.512350000000000000e-47
1.532500000000000000e+02 2.510899999999999847e-47
1.535000000000000000e+02 2.509439999999999945e-47
1.537500000000000000e+02 2.507780000000000189e-47
1.540000000000000000e+02 2.506500000000000155e-47
1.542500000000000000e+02 2.505050000000000002e-47
1.545000000000000000e+02 2.503300000000000070e-47
1.547500000000000000e+02 2.501670000000000049e-47
1.550000000000000000e+02 2.499849999999999924e-47
1.552500000000000000e+02 2.498390000000000022e-47
1.555000000000000000e+02 2.496410000000000015e-47
1.557500000000000000e+02 2.495039999999999803e-47
1.560000000000000000e+02 2.493530000000000181e-47
1.562500000000000000e+02 2.492290000000000117e-47
1.565000000000000000e+02 2.490879999999999935e-47
1.567500000000000000e+02 2.489429999999999783e-47
1.570000000000000000e+02 2.488109999999999778e-47
1.572500000000000000e+02 2.486290000000000139e-47
1.575000000000000000e+02 2.484640000000000133e-47
1.577500000000000000e+02 2.483440000000000041e-47
1.580000000000000000e+02 2.481969999999999902e-47
1.582500000000000000e+02 2.480580000000000192e-47
1.585000000000000000e+02 2.479139999999999789e-47
1.587500000000000000e+02 2.477630000000000166e-47
1.590000000000000000e+02 2.476390000000000103e-47
1.592500000000000000e+02 2.475240000000000216e-47
1.595000000000000000e+02 2.473779999999999828e-47
1.597500000000000000e+02 2.472370000000000132e-47
1.600000000000000000e+02 2.470589999999999978e-47
1.602500000000000000e+02 2.468999999999999928e-47
1.605000000000000000e+02 2.467139999999999833e-47
1.607500000000000000e+02 2.465500000000000063e-47
1.610000000000000000e+02 2.463929999999999998e-47
1.612500000000000000e+02 2.462330000000000198e-47
1.615000000000000000e+02 2.460640000000000221e-47
1.617500000000000000e+02 2.459110000000000127e-47
1.620000000000000000e+02 2.457770000000000137e-47
1.622500000000000000e+02 2.456269999999999778e-47
1.625000000000000000e+02 2.454820000000000112e-47
1.627500000000000000e+02 2.453010000000000223e-47
1.630000000000000000e+02 2.450840000000000112e-47
1.632500000000000000e+02 2.449239999999999826e-47
1.635000000000000000e+02 2.447250000000000069e-47
1.637500000000000000e+02 2.445560000000000092e-47
1.640000000000000000e+02 2.443699999999999997e-47
1.642500000000000000e+02 2.441480000000000165e-47
1.645000000000000000e+02 2.439370000000000010e-47
1.647500000000000000e+02 2.437429999999999974e-47
1.650000000000000000e+02 2.435399999999999760e-47
1.652500000000000000e+02 2.433600000000000107e-47
1.655000000000000000e+02 2.431560000000000144e-47
1.657500000000000000e+02 2.429760000000000004e-47
1.660000000000000000e+02 2.428090000000000013e-47
1.662500000000000000e+02 2.426300000000000109e-47
1.665000000000000000e+02 2.424050000000000057e-47
1.667500000000000000e+02 2.421649999999999871e-47
1.670000000000000000e+02 2.419850000000000218e-47
1.672500000000000000e+02 2.417890000000000196e-47
1.675000000000000000e+02 2.415829999999999761e-47
1.677500000000000000e+02 2.413459999999999797e-47
1.680000000000000000e+02 2.411219999999999980e-47
1.682500000000000000e+02 2.409189999999999766e-47
1.685000000000000000e+02 2.406929999999999964e-47
1.687500000000000000e+02 2.404460000000000073e-47
1.690000000000000000e+02 2.402190000000000035e-47
1.692500000000000000e+02 2.400090000000000116e-47
1.695000000000000000e+02 2.397849999999999813e-47
1.697500000000000000e+02 2.395570000000000025e-47
1.700000000000000000e+02 2.393129999999999869e-47
1.702500000000000000e+02 2.390569999999999801e-47
1.705000000000000000e+02 2.388210000000000072e-47
1.707500000000000000e+02 2.385689999999999974e-47
1.710000000000000000e+02 2.383430000000000172e-47
1.712500000000000000e+02 2.380799999999999912e-47
1.715000000000000000e+02 2.378219999999999858e-47
1.717500000000000000e+02 2.375749999999999967e-47
1.720000000000000000e+02 2.373349999999999781e-47
1.722500000000000000e+02 2.370750000000000228e-47
1.725000000000000000e+02 2.368159999999999939e-47
1.727500000000000000e+02 2.365570000000000135e-47
1.730000000000000000e+02 2.363099999999999758e-47
1.732500000000000000e+02 2.360660000000000088e-47
1.735000000000000000e+02 2.358109999999999769e-47
1.737500000000000000e+02 2.355530000000000201e-47
1.740000000000000000e+02 2.352950000000000148e-47
1.742500000000000000e+02 2.350500000000000242e-47
1.745000000000000000e+02 2.347690000000000114e-47
1.747500000000000000e+02 2.344970000000000162e-47
1.750000000000000000e+02 2.342230000000000226e-47
1.752500000000000000e+02 2.339389999999999877e-47
1.755000000000000000e+02 2.336550000000000013e-47
1.757500000000000000e+02 2.333619999999999973e-47
1.760000000000000000e+02 2.330780000000000110e-47
1.762500000000000000e+02 2.327969999999999982e-47
1.765000000000000000e+02 2.325210000000000060e-47
1.767500000000000000e+02 2.322339999999999976e-47
1.770000000000000000e+02 2.319649999999999760e-47
1.772500000000000000e+02 2.316780000000000161e-47
1.775000000000000000e+02 2.313899999999999841e-47
1.777500000000000000e+02 2.311039999999999993e-47
1.780000000000000000e+02 2.307910000000000099e-47
1.782500000000000000e+02 2.304829999999999926e-47
1.785000000000000000e+02 2.301959999999999842e-47
1.787500000000000000e+02 2.299130000000000214e-47
1.790000000000000000e+02 2.296079999999999776e-47
1.792500000000000000e+02 2.292869999999999941e-47
1.795000000000000000e+02 2.289930000000000151e-47
1.797500000000000000e+02 2.287000000000000110e-47
1.800000000000000000e+02 2.283709999999999848e-47
1.802500000000000000e+02 2.280650000000000146e-47
1.805000000000000000e+02 2.277709999999999870e-47
1.807500000000000000e+02 2.274590000000000212e-47
1.810000000000000000e+02 2.271569999999999994e-47
1.812500000000000000e+02 2.268440000000000101e-47
1.815000000000000000e+02 2.265459999999999854e-47
1.817500000000000000e+02 2.262289999999999990e-47
1.820000000000000000e+02 2.258960000000000242e-47
1.822500000000000000e+02 2.255450000000000141e-47
1.825000000000000000e+02 2.251960000000000025e-47
1.827500000000000000e+02 2.248640000000000028e-47
1.830000000000000000e+02 2.245189999999999882e-47
1.832500000000000000e+02 2.241949999999999826e-47
1.835000000000000000e+02 2.238560000000000123e-47
1.837500000000000000e+02 2.235209999999999904e-47
1.840000000000000000e+02 2.231389999999999787e-47
1.842500000000000000e+02 2.228049999999999804e-47
1.845000000000000000e+02 2.224500000000000218e-47
1.847500000000000000e+02 2.220859999999999969e-47
1.850000000000000000e+02 2.217269999999999926e-47
1.852500000000000000e+02 2.213579999999999957e-47
1.855000000000000000e+02 2.209759999999999840e-47
1.857500000000000000e+02 2.206180000000000033e-47
1.860000000000000000e+02 2.202510000000000049e-47
1.862500000000000000e+02 2.198519999999999813e-47
1.865000000000000000e+02 2.194979999999999977e-47
1.867500000000000000e+02 2.191349999999999963e-47
1.870000000000000000e+02 2.187650000000000001e-47
1.872500000000000000e+02 2.183850000000000112e-47
1.875000000000000000e+02 2.179839999999999891e-47
1.877500000000000000e+02 2.175869999999999884e-47
1.880000000000000000e+02 2.171529999999999905e-47
1.882500000000000000e+02 2.167350000000000051e-47
1.885000000000000000e+02 2.163229999999999911e-47
1.887500000000000000e+02 2.158959999999999880e-47
1.890000000000000000e+02 2.154680000000000100e-47
1.892500000000000000e+02 2.150470000000000026e-47
1.895000000000000000e+02 2.146239999999999966e-47
1.897500000000000000e+02 2.141760000000000089e-47
1.900000000000000000e+02 2.137369999999999904e-47
1.902500000000000000e+02 2.132759999999999879e-47
1.905000000000000000e+02 2.128120000000000120e-47
1.907500000000000000e+02 2.123659999999999986e-47
1.910000000000000000e+02 2.119069999999999947e-47
1.912500000000000000e+02 2.114479999999999908e-47
1.915000000000000000e+02 2.109650000000000044e-47
1.917500000000000000e+02 2.104849999999999916e-47
1.920000000000000000e+02 2.100239999999999892e-47
1.922500000000000000e+02 2.095569999999999911e-47
1.925000000000000000e+02 2.090680000000000092e-47
1.927500000000000000e+02 2.085800000000000023e-47
1.930000000000000000e+02 2.081080000000000079e-47
1.932500000000000000e+02 2.076060000000000112e-47
1.935000000000000000e+02 2.071029999999999909e-47
1.937500000000000000e+02 2.066279999999999987e-47
1.940000000000000000e+02 2.061470000000000110e-47
1.942500000000000000e+02 2.056799999999999886e-47
1.945000000000000000e+02 2.052220000000000083e-47
1.947500000000000000e+02 2.047519999999999881e-47
1.950000000000000000e+02 2.042690000000000018e-47
1.952500000000000000e+02 2.038050000000000016e-47
1.955000000000000000e+02 2.033229999999999902e-47
1.957500000000000000e+02 2.028259999999999898e-47
1.960000000000000000e+02 2.023559999999999940e-47
1.962500000000000000e+02 2.018569999999999951e-47
1.965000000000000000e+02 2.013780000000000059e-47
1.967500000000000000e+02 2.009029999999999894e-47
1.970000000000000000e+02 2.004530000000000032e-47
1.972500000000000000e+02 2.000100000000000119e-47
1.975000000000000000e+02 1.995619999999999999e-47
1.977500000000000000e+02 1.991139999999999879e-47
1.980000000000000000e+02 1.986940000000000040e-47
1.982500000000000000e+02 1.982689999999999995e-47
1.985000000000000000e+02 1.978529999999999884e-47
1.987500000000000000e+02 1.974290000000000075e-47
1.990000000000000000e+02 1.970380000000000023e-47
1.992500000000000000e+02 1.966239999999999898e-47
1.995000000000000000e+02 1.962110000000000008e-47
1.997500000000000000e+02 1.958110000000000022e-47
2.000000000000000000e+02 1.953919999999999933e-47
2.002500000000000000e+02 1.949889999999999970e-47
2.005000000000000000e+02 1.945800000000000051e-47
2.007500000000000000e+02 1.941830000000000043e-47
2.010000000000000000e+02 1.937790000000000087e-47
2.012500000000000000e+02 1.933669999999999947e-47
2.015000000000000000e+02 1.929379999999999931e-47
2.017500000000000000e+02 1.925250000000000041e-47
2.020000000000000000e+02 1.921250000000000056e-47
2.022500000000000000e+02 1.917139999999999908e-47
2.025000000000000000e+02 1.912990000000000032e-47
2.027500000000000000e+02 1.908710000000000009e-47
2.030000000000000000e+02 1.904509999999999927e-47
2.032500000000000000e+02 1.900300000000000096e-47
2.035000000000000000e+02 1.896129999999999992e-47
2.037500000000000000e+02 1.892010000000000095e-47
2.040000000000000000e+02 1.887770000000000042e-47
2.042500000000000000e+02 1.883420000000000071e-47
2.045000000000000000e+02 1.879090000000000084e-47
2.047500000000000000e+02 1.874589999999999979e-47
2.050000000000000000e+02 1.870379999999999905e-47
2.052500000000000000e+02 1.866049999999999918e-47
2.055000000000000000e+02 1.861629999999999997e-47
2.057500000000000000e+02 1.857379999999999952e-47
2.060000000000000000e+02 1.853139999999999900e-47
2.062500000000000000e+02 1.848900000000000090e-47
2.065000000000000000e+02 1.844509999999999905e-47
2.067500000000000000e+02 1.840280000000000088e-47
2.070000000000000000e+02 1.836099999999999991e-47
2.072500000000000000e+02 1.831630000000000108e-47
2.075000000000000000e+02 1.827269999999999900e-47
2.077500000000000000e+02 1.822949999999999906e-47
2.080000000000000000e+02 1.818720000000000089e-47
2.082500000000000000e+02 1.814490000000000030e-47
2.085000000000000000e+02 1.810219999999999999e-47
2.087500000000000000e+02 1.805750000000000115e-47
2.090000000000000000e+02 1.801430000000000121e-47
2.092500000000000000e+02 1.796999999999999965e-47
2.095000000000000000e+02 1.792530000000000081e-47
2.097500000000000000e+02 1.787990000000000005e-47
2.100000000000000000e+02 1.783640000000000033e-47
2.102500000000000000e+02 1.779240000000000098e-47
2.105000000000000000e+02 1.774799999999999949e-47
2.107500000000000000e+02 1.770280000000000102e-47
2.110000000000000000e+02 1.765770000000000004e-47
2.112500000000000000e+02 1.761400000000000047e-47
2.115000000000000000e+02 1.757120000000000024e-47
2.117500000000000000e+02 1.752780000000000045e-47
2.120000000000000000e+02 1.748450000000000058e-47
2.122500000000000000e+02 1.744369999999999888e-47
2.125000000000000000e+02 1.740430000000000102e-47
2.127500000000000000e+02 1.736389999999999903e-47
2.130000000000000000e+02 1.732409999999999903e-47
2.132500000000000000e+02 1.728630000000000000e-47
2.135000000000000000e+02 1.725240000000000053e-47
2.137500000000000000e+02 1.721520000000000106e-47
2.140000000000000000e+02 1.718039999999999983e-47
2.142500000000000000e+02 1.714250000000000086e-47
2.145000000000000000e+02 1.710990000000000045e-47
2.147500000000000000e+02 1.707809999999999945e-47
2.150000000000000000e+02 1.704660000000000066e-47
2.152500000000000000e+02 1.701300000000000098e-47
2.155000000000000000e+02 1.698630000000000110e-47
2.157500000000000000e+02 1.695750000000000033e-47
2.160000000000000000e+02 1.693090000000000038e-47
2.162500000000000000e+02 1.690090000000000049e-47
2.165000000000000000e+02 1.687229999999999957e-47
2.167500000000000000e+02 1.684239999999999961e-47
2.170000000000000000e+02 1.680740000000000095e-47
2.172500000000000000e+02 1.677210000000000009e-47
2.175000000000000000e+02 1.673709999999999900e-47
2.177500000000000000e+02 1.669989999999999952e-47
2.180000000000000000e+02 1.666049999999999923e-47
2.182500000000000000e+02 1.661999999999999974e-47
2.185000000000000000e+02 1.657960000000000018e-47
2.187500000000000000e+02 1.653779999999999922e-47
2.190000000000000000e+02 1.649729999999999973e-47
2.192500000000000000e+02 1.645700000000000010e-47
2.195000000000000000e+02 1.641469999999999950e-47
2.197500000000000000e+02 1.637060000000000022e-47
2.200000000000000000e+02 1.632630000000000109e-47
2.202500000000000000e+02 1.628370000000000071e-47
2.205000000000000000e+02 1.623839999999999988e-47
2.207500000000000000e+02 1.619150000000000022e-47
2.210000000000000000e+02 1.614790000000000058e-47
2.212500000000000000e+02 1.610200000000000019e-47
2.215000000000000000e+02 1.605649999999999950e-47
2.217500000000000000e+02 1.601260000000000008e-47
2.220000000000000000e+02 1.596779999999999888e-47
2.222500000000000000e+02 1.592109999999999908e-47
2.225000000000000000e+02 1.587469999999999905e-47
2.227500000000000000e+02 1.582990000000000029e-47
2.230000000000000000e+02 1.578479999999999931e-47
2.232500000000000000e+02 1.573960000000000084e-47
2.235000000000000000e+02 1.569320000000000081e-47
2.237500000000000000e+02 1.564750000000000028e-47
2.240000000000000000e+02 1.560100000000000033e-47
2.242500000000000000e+02 1.555400000000000074e-47
2.245000000000000000e+02 1.550579999999999961e-47
2.247500000000000000e+02 1.545939999999999958e-47
2.250000000000000000e+02 1.541450000000000089e-47
2.252500000000000000e+02 1.536860000000000050e-47
2.255000000000000000e+02 1.531989999999999973e-47
2.257500000000000000e+02 1.527210000000000073e-47
2.260000000000000000e+02 1.522729999999999953e-47
2.262500000000000000e+02 1.518310000000000033e-47
2.265000000000000000e+02 1.513690000000000016e-47
2.267500000000000000e+02 1.509260000000000103e-47
2.270000000000000000e+02 1.504579999999999886e-47
2.272500000000000000e+02 1.499889999999999921e-47
2.275000000000000000e+02 1.495159999999999984e-47
2.277500000000000000e+02 1.490490000000000004e-47
2.280000000000000000e+02 1.486030000000000113e-47
2.282500000000000000e+02 1.481480000000000044e-47
2.285000000000000000e+02 1.476840000000000042e-47
2.287500000000000000e+02 1.472309999999999959e-47
2.290000000000000000e+02 1.467639999999999978e-47
2.292500000000000000e+02 1.463069999999999925e-47
2.295000000000000000e+02 1.458600000000000041e-47
2.297500000000000000e+02 1.453860000000000112e-47
2.300000000000000000e+02 1.449119999999999939e-47
2.302500000000000000e+02 1.444720000000000004e-47
2.305000000000000000e+02 1.440169999999999936e-47
2.307500000000000000e+02 1.435650000000000088e-47
2.310000000000000000e+02 1.431080000000000035e-47
2.312500000000000000e+02 1.426609999999999908e-47
2.315000000000000000e+02 1.422050000000000090e-47
2.317500000000000000e+02 1.417450000000000058e-47
2.320000000000000000e+02 1.412880000000000004e-47
2.322500000000000000e+02 1.408420000000000113e-47
2.325000000000000000e+02 1.403930000000000001e-47
2.327500000000000000e+02 1.399439999999999888e-47
2.330000000000000000e+02 1.394940000000000026e-47
2.332500000000000000e+02 1.390550000000000084e-47
2.335000000000000000e+02 1.385990000000000023e-47
2.337500000000000000e+02 1.381660000000000036e-47
2.340000000000000000e+02 1.377149999999999939e-47
2.342500000000000000e+02 1.372919999999999879e-47
2.345000000000000000e+02 1.368440000000000002e-47
2.347500000000000000e+02 1.364080000000000038e-47
2.350000000000000000e+02 1.359619999999999903e-47
2.352500000000000000e+02 1.355070000000000078e-47
2.355000000000000000e+02 1.350440000000000068e-47
2.357500000000000000e+02 1.345880000000000007e-47
2.360000000000000000e+02 1.341389999999999895e-47
2.362500000000000000e+02 1.336870000000000048e-47
2.365000000000000000e+02 1.332290000000000001e-47
2.367500000000000000e+02 1.327739999999999933e-47
2.370000000000000000e+02 1.323159999999999887e-47
2.372500000000000000e+02 1.318509999999999891e-47
2.375000000000000000e+02 1.314099999999999964e-47
2.377500000000000000e+02 1.309409999999999998e-47
2.380000000000000000e+02 1.304789999999999981e-47
2.382500000000000000e+02 1.300300000000000111e-47
2.385000000000000000e+02 1.295809999999999999e-47
2.387500000000000000e+02 1.291309999999999894e-47
2.390000000000000000e+02 1.286679999999999884e-47
2.392500000000000000e+02 1.281850000000000021e-47
2.395000000000000000e+02 1.277029999999999908e-47
2.397500000000000000e+02 1.272269999999999993e-47
2.400000000000000000e+02 1.267329999999999968e-47
2.402500000000000000e+02 1.262429999999999913e-47
2.405000000000000000e+02 1.257180000000000114e-47
2.407500000000000000e+02 1.251960000000000051e-47
2.410000000000000000e+02 1.246890000000000120e-47
2.412500000000000000e+02 1.241680000000000050e-47
2.415000000000000000e+02 1.236300000000000103e-47
2.417500000000000000e+02 1.231279999999999893e-47
2.420000000000000000e+02 1.226130000000000022e-47
2.422500000000000000e+02 1.220690000000000119e-47
2.425000000000000000e+02 1.215269999999999959e-47
2.427500000000000000e+02 1.210230000000000007e-47
2.430000000000000000e+02 1.204999999999999951e-47
2.432500000000000000e+02 1.199739999999999917e-47
2.435000000000000000e+02 1.194759999999999920e-47
2.437500000000000000e+02 1.189250000000000070e-47
2.440000000000000000e+02 1.183580000000000093e-47
2.442500000000000000e+02 1.178219999999999889e-47
2.445000000000000000e+02 1.172930000000000120e-47
2.447500000000000000e+02 1.167949999999999880e-47
2.450000000000000000e+02 1.162819999999999994e-47
2.452500000000000000e+02 1.157770000000000049e-47
2.455000000000000000e+02 1.152969999999999921e-47
2.457500000000000000e+02 1.148110000000000080e-47
2.460000000000000000e+02 1.143299999999999959e-47
2.462500000000000000e+02 1.138480000000000088e-47
2.465000000000000000e+02 1.133620000000000004e-47
2.467500000000000000e+02 1.128910000000000053e-47
2.470000000000000000e+02 1.123900000000000079e-47
2.472500000000000000e+02 1.119089999999999958e-47
2.475000000000000000e+02 1.114179999999999910e-47
2.477500000000000000e+02 1.109439999999999981e-47
2.480000000000000000e+02 1.104640000000000096e-47
2.482500000000000000e+02 1.099809999999999990e-47
2.485000000000000000e+02 1.095410000000000054e-47
2.487500000000000000e+02 1.090879999999999971e-47
2.490000000000000000e+02 1.086350000000000010e-47
2.492500000000000000e+02 1.082210000000000006e-47
2.495000000000000000e+02 1.078030000000000031e-47
2.497500000000000000e+02 1.074060000000000023e-47
2.500000000000000000e+02 1.070009999999999953e-47
2.502500000000000000e+02 1.065940000000000019e-47
2.505000000000000000e+02 1.061989999999999997e-47
2.507500000000000000e+02 1.057849999999999993e-47
2.510000000000000000e+02 1.053929999999999949e-47
2.512500000000000000e+02 1.049779999999999952e-47
2.515000000000000000e+02 1.045749999999999989e-47
2.517500000000000000e+02 1.041769999999999989e-47
2.520000000000000000e+02 1.037689999999999941e-47
2.522500000000000000e+02 1.033890000000000052e-47
2.525000000000000000e+02 1.030019999999999971e-47
2.527500000000000000e+02 1.026160000000000005e-47
2.530000000000000000e+02 1.022369999999999987e-47
2.532500000000000000e+02 1.018539999999999999e-47
2.535000000000000000e+02 1.014690000000000025e-47
2.537500000000000000e+02 1.010880000000000022e-47
2.540000000000000000e+02 1.007080000000000012e-47
2.542500000000000000e+02 1.003400000000000035e-47
2.545000000000000000e+02 9.997179999999999623e-48
2.547500000000000000e+02 9.960429999999999819e-48
2.550000000000000000e+02 9.921860000000000376e-48
2.552500000000000000e+02 9.883819999999999572e-48
