0.000000000000000000e+00 5.000000000000000000e-01
2.500000000000000000e-01 5.000000000000000000e-01
5.000000000000000000e-01 5.000000000000000000e-01
7.500000000000000000e-01 5.000000000000000000e-01
1.000000000000000000e+00 5.000000000000000000e-01
1.250000000000000000e+00 5.000000000000000000e-01
1.500000000000000000e+00 5.000000000000000000e-01
1.750000000000000000e+00 5.000000000000000000e-01
2.000000000000000000e+00 5.000000000000000000e-01
2.250000000000000000e+00 5.000000000000000000e-01
2.500000000000000000e+00 5.000000000000000000e-01
2.750000000000000000e+00 5.000000000000000000e-01
3.000000000000000000e+00 5.000000000000000000e-01
3.250000000000000000e+00 5.000000000000000000e-01
3.500000000000000000e+00 5.000000000000000000e-01
3.750000000000000000e+00 5.000000000000000000e-01
4.000000000000000000e+00 5.000000000000000000e-01
4.250000000000000000e+00 5.000000000000000000e-01
4.500000000000000000e+00 5.000000000000000000e-01
4.750000000000000000e+00 5.000000000000000000e-01
5.000000000000000000e+00 5.000000000000000000e-01
5.250000000000000000e+00 5.000000000000000000e-01
5.500000000000000000e+00 5.000000000000000000e-01
5.750000000000000000e+00 5.000000000000000000e-01
6.000000000000000000e+00 5.000000000000000000e-01
6.250000000000000000e+00 5.000000000000000000e-01
6.500000000000000000e+00 5.000000000000000000e-01
6.750000000000000000e+00 5.000000000000000000e-01
7.000000000000000000e+00 5.000000000000000000e-01
7.250000000000000000e+00 5.000000000000000000e-01
7.500000000000000000e+00 5.000000000000000000e-01
7.750000000000000000e+00 5.000000000000000000e-01
8.000000000000000000e+00 5.000000000000000000e-01
8.250000000000000000e+00 5.000000000000000000e-01
8.500000000000000000e+00 5.000000000000000000e-01
8.750000000000000000e+00 5.000000000000000000e-01
9.000000000000000000e+00 5.000000000000000000e-01
9.250000000000000000e+00 5.000000000000000000e-01
9.500000000000000000e+00 5.000000000000000000e-01
9.750000000000000000e+00 5.000000000000000000e-01
1.000000000000000000e+01 5.000000000000000000e-01
1.025000000000000000e+01 5.000000000000000000e-01
1.050000000000000000e+01 5.000000000000000000e-01
1.075000000000000000e+01 5.000000000000000000e-01
1.100000000000000000e+01 5.000000000000000000e-01
1.125000000000000000e+01 5.000000000000000000e-01
1.150000000000000000e+01 5.000000000000000000e-01
1.175000000000000000e+01 5.000000000000000000e-01
1.200000000000000000e+01 5.000000000000000000e-01
1.225000000000000000e+01 5.000000000000000000e-01
1.250000000000000000e+01 5.000000000000000000e-01
1.275000000000000000e+01 5.000000000000000000e-01
1.300000000000000000e+01 5.000000000000000000e-01
1.325000000000000000e+01 5.000000000000000000e-01
1.350000000000000000e+01 5.000000000000000000e-01
1.375000000000000000e+01 5.000000000000000000e-01
1.400000000000000000e+01 5.000000000000000000e-01
1.425000000000000000e+01 5.000000000000000000e-01
1.450000000000000000e+01 5.000000000000000000e-01
1.475000000000000000e+01 5.000000000000000000e-01
1.500000000000000000e+01 5.000000000000000000e-01
1.525000000000000000e+01 5.000000000000000000e-01
1.550000000000000000e+01 5.000000000000000000e-01
1.575000000000000000e+01 5.000000000000000000e-01
1.600000000000000000e+01 7.638200000000000795e-43
1.625000000000000000e+01 8.553339999999999674e-43
1.650000000000000000e+01 9.594689999999999672e-43
1.675000000000000000e+01 1.071519999999999973e-42
1.700000000000000000e+01 1.193809999999999942e-42
1.725000000000000000e+01 1.323970000000000043e-42
1.750000000000000000e+01 1.457379999999999871e-42
1.775000000000000000e+01 1.588319999999999874e-42
1.800000000000000000e+01 1.711820000000000021e-42
1.825000000000000000e+01 1.825259999999999852e-42
1.850000000000000000e+01 1.924440000000000011e-42
1.875000000000000000e+01 1.994659999999999896e-42
1.900000000000000000e+01 2.032229999999999960e-42
1.925000000000000000e+01 2.028149999999999906e-42
1.950000000000000000e+01 1.984070000000000047e-42
1.975000000000000000e+01 1.902250000000000082e-42
2.000000000000000000e+01 1.782300000000000139e-42
2.025000000000000000e+01 1.633800000000000154e-42
2.050000000000000000e+01 1.463979999999999856e-42
2.075000000000000000e+01 1.287659999999999944e-42
2.100000000000000000e+01 1.110539999999999927e-42
2.125000000000000000e+01 9.431689999999999507e-43
2.150000000000000000e+01 7.854859999999999480e-43
2.175000000000000000e+01 6.437570000000000082e-43
2.200000000000000000e+01 5.211750000000000244e-43
2.225000000000000000e+01 4.156529999999999969e-43
2.250000000000000000e+01 3.283239999999999880e-43
2.275000000000000000e+01 2.571889999999999938e-43
2.300000000000000000e+01 2.002580000000000133e-43
2.325000000000000000e+01 1.548849999999999920e-43
2.350000000000000000e+01 1.194499999999999973e-43
2.375000000000000000e+01 9.168329999999999307e-44
2.400000000000000000e+01 7.024440000000000466e-44
2.425000000000000000e+01 5.376250000000000206e-44
2.450000000000000000e+01 4.115289999999999943e-44
2.475000000000000000e+01 3.150759999999999875e-44
2.500000000000000000e+01 2.415790000000000176e-44
2.525000000000000000e+01 1.859399999999999926e-44
2.550000000000000000e+01 1.435490000000000031e-44
2.575000000000000000e+01 1.114869999999999945e-44
2.600000000000000000e+01 8.704200000000000525e-45
2.625000000000000000e+01 6.859570000000000047e-45
2.650000000000000000e+01 5.483349999999999796e-45
2.675000000000000000e+01 4.521359999999999831e-45
2.700000000000000000e+01 4.059639999999999824e-45
2.725000000000000000e+01 4.257549999999999970e-45
2.750000000000000000e+01 1.015150000000000014e-44
2.775000000000000000e+01 5.159929999999999694e-44
2.800000000000000000e+01 4.041079999999999737e-45
2.825000000000000000e+01 2.188510000000000120e-45
2.850000000000000000e+01 1.581960000000000152e-45
2.875000000000000000e+01 1.287740000000000070e-45
2.900000000000000000e+01 1.119810000000000062e-45
2.925000000000000000e+01 1.006410000000000060e-45
2.950000000000000000e+01 9.266679999999999996e-46
2.975000000000000000e+01 8.659890000000000126e-46
3.000000000000000000e+01 8.184910000000000251e-46
3.025000000000000000e+01 7.808430000000000039e-46
3.050000000000000000e+01 7.518149999999999851e-46
3.075000000000000000e+01 7.326510000000000097e-46
3.100000000000000000e+01 7.184749999999999762e-46
3.125000000000000000e+01 7.004139999999999752e-46
3.150000000000000000e+01 6.833600000000000189e-46
3.175000000000000000e+01 6.656239999999999887e-46
3.200000000000000000e+01 6.471550000000000145e-46
3.225000000000000000e+01 6.291289999999999732e-46
3.250000000000000000e+01 6.112769999999999697e-46
3.275000000000000000e+01 5.936569999999999907e-46
3.300000000000000000e+01 5.774940000000000279e-46
3.325000000000000000e+01 5.620419999999999767e-46
3.350000000000000000e+01 5.491499999999999939e-46
3.375000000000000000e+01 5.389919999999999617e-46
3.400000000000000000e+01 5.330480000000000010e-46
3.425000000000000000e+01 5.341550000000000307e-46
3.450000000000000000e+01 5.471479999999999930e-46
3.475000000000000000e+01 5.809870000000000104e-46
3.500000000000000000e+01 6.600020000000000157e-46
3.525000000000000000e+01 8.421679999999999550e-46
3.550000000000000000e+01 1.234020000000000044e-45
3.575000000000000000e+01 2.065620000000000004e-45
3.600000000000000000e+01 3.033469999999999856e-45
3.625000000000000000e+01 5.207430000000000168e-45
3.650000000000000000e+01 8.604179999999999409e-45
3.675000000000000000e+01 6.246720000000000166e-45
3.700000000000000000e+01 3.377119999999999851e-45
3.725000000000000000e+01 1.934190000000000062e-45
3.750000000000000000e+01 1.201189999999999982e-45
3.775000000000000000e+01 7.761410000000000178e-46
3.800000000000000000e+01 5.532809999999999853e-46
3.825000000000000000e+01 4.405319999999999975e-46
3.850000000000000000e+01 3.794949999999999909e-46
3.875000000000000000e+01 3.439619999999999996e-46
3.900000000000000000e+01 3.210200000000000026e-46
3.925000000000000000e+01 3.049569999999999860e-46
3.950000000000000000e+01 2.927629999999999875e-46
3.975000000000000000e+01 2.827109999999999846e-46
4.000000000000000000e+01 2.732870000000000075e-46
4.025000000000000000e+01 2.650220000000000026e-46
4.050000000000000000e+01 2.578940000000000152e-46
4.075000000000000000e+01 2.510620000000000053e-46
4.100000000000000000e+01 2.439070000000000133e-46
4.125000000000000000e+01 2.368819999999999941e-46
4.150000000000000000e+01 2.301570000000000079e-46
4.175000000000000000e+01 2.232989999999999878e-46
4.200000000000000000e+01 2.166109999999999891e-46
4.225000000000000000e+01 2.103090000000000088e-46
4.250000000000000000e+01 2.046430000000000097e-46
4.275000000000000000e+01 1.993019999999999814e-46
4.300000000000000000e+01 1.941889999999999999e-46
4.325000000000000000e+01 1.893739999999999848e-46
4.350000000000000000e+01 1.846379999999999944e-46
4.375000000000000000e+01 1.805350000000000019e-46
4.400000000000000000e+01 1.768189999999999835e-46
4.425000000000000000e+01 1.732859999999999914e-46
4.450000000000000000e+01 1.699419999999999920e-46
4.475000000000000000e+01 1.667310000000000069e-46
4.500000000000000000e+01 1.636769999999999992e-46
4.525000000000000000e+01 1.606630000000000010e-46
4.550000000000000000e+01 1.577840000000000060e-46
4.575000000000000000e+01 1.550630000000000021e-46
4.600000000000000000e+01 1.524019999999999932e-46
4.625000000000000000e+01 1.498490000000000023e-46
4.650000000000000000e+01 1.473980000000000047e-46
4.675000000000000000e+01 1.449960000000000053e-46
4.700000000000000000e+01 1.426649999999999976e-46
4.725000000000000000e+01 1.404819999999999980e-46
4.750000000000000000e+01 1.382759999999999911e-46
4.775000000000000000e+01 1.362139999999999952e-46
4.800000000000000000e+01 1.342280000000000021e-46
4.825000000000000000e+01 1.322920000000000014e-46
4.850000000000000000e+01 1.304040000000000044e-46
4.875000000000000000e+01 1.286040000000000013e-46
4.900000000000000000e+01 1.268389999999999969e-46
4.925000000000000000e+01 1.251210000000000017e-46
4.950000000000000000e+01 1.235110000000000052e-46
4.975000000000000000e+01 1.218880000000000036e-46
5.000000000000000000e+01 1.202519999999999970e-46
5.025000000000000000e+01 1.187129999999999922e-46
5.050000000000000000e+01 1.172349999999999961e-46
5.075000000000000000e+01 1.157740000000000022e-46
5.100000000000000000e+01 1.143270000000000078e-46
5.125000000000000000e+01 1.129279999999999976e-46
5.150000000000000000e+01 1.115619999999999973e-46
5.175000000000000000e+01 1.102309999999999956e-46
5.200000000000000000e+01 1.089430000000000062e-46
5.225000000000000000e+01 1.076929999999999986e-46
5.250000000000000000e+01 1.064270000000000028e-46
5.275000000000000000e+01 1.052210000000000018e-46
5.300000000000000000e+01 1.040679999999999961e-46
5.325000000000000000e+01 1.029360000000000090e-46
5.350000000000000000e+01 1.018359999999999985e-46
5.375000000000000000e+01 1.007099999999999973e-46
5.400000000000000000e+01 9.965200000000000455e-47
5.425000000000000000e+01 9.861609999999999321e-47
5.450000000000000000e+01 9.756259999999999477e-47
5.475000000000000000e+01 9.653849999999999909e-47
5.500000000000000000e+01 9.555869999999999282e-47
5.525000000000000000e+01 9.459999999999999296e-47
5.550000000000000000e+01 9.364729999999999843e-47
5.575000000000000000e+01 9.274500000000000585e-47
5.600000000000000000e+01 9.183340000000000307e-47
5.625000000000000000e+01 9.100089999999999336e-47
5.650000000000000000e+01 9.016419999999999160e-47
5.675000000000000000e+01 8.933980000000000270e-47
5.700000000000000000e+01 8.853440000000000473e-47
5.725000000000000000e+01 8.772580000000000911e-47
5.750000000000000000e+01 8.695739999999999861e-47
5.775000000000000000e+01 8.619740000000000140e-47
5.800000000000000000e+01 8.543600000000000035e-47
5.825000000000000000e+01 8.467459999999999931e-47
5.850000000000000000e+01 8.396089999999999977e-47
5.875000000000000000e+01 8.324400000000000257e-47
5.900000000000000000e+01 8.253850000000000188e-47
5.925000000000000000e+01 8.183730000000000047e-47
5.950000000000000000e+01 8.115230000000000177e-47
5.975000000000000000e+01 8.047430000000000280e-47
6.000000000000000000e+01 7.979510000000000471e-47
6.025000000000000000e+01 7.915870000000000442e-47
6.050000000000000000e+01 7.852190000000000442e-47
6.075000000000000000e+01 7.787700000000000307e-47
6.100000000000000000e+01 7.726770000000000480e-47
6.125000000000000000e+01 7.668770000000000207e-47
6.150000000000000000e+01 7.609560000000000091e-47
6.175000000000000000e+01 7.549400000000000429e-47
6.200000000000000000e+01 7.493810000000000091e-47
6.225000000000000000e+01 7.438870000000000006e-47
6.250000000000000000e+01 7.382720000000000078e-47
6.275000000000000000e+01 7.328799999999999732e-47
6.300000000000000000e+01 7.273880000000000118e-47
6.325000000000000000e+01 7.221819999999999867e-47
6.350000000000000000e+01 7.169920000000000471e-47
6.375000000000000000e+01 7.120199999999999963e-47
6.400000000000000000e+01 7.070499999999999926e-47
6.425000000000000000e+01 7.021809999999999879e-47
6.450000000000000000e+01 6.973150000000000053e-47
6.475000000000000000e+01 6.926230000000000410e-47
6.500000000000000000e+01 6.879600000000000311e-47
6.525000000000000000e+01 6.832850000000000301e-47
6.550000000000000000e+01 6.788019999999999855e-47
6.575000000000000000e+01 6.741429999999999727e-47
6.600000000000000000e+01 6.696309999999999737e-47
6.625000000000000000e+01 6.653679999999999624e-47
6.650000000000000000e+01 6.610860000000000379e-47
6.675000000000000000e+01 6.567810000000000088e-47
6.700000000000000000e+01 6.526650000000000112e-47
6.725000000000000000e+01 6.485830000000000374e-47
6.750000000000000000e+01 6.445720000000000359e-47
6.775000000000000000e+01 6.406179999999999682e-47
6.800000000000000000e+01 6.369700000000000166e-47
6.825000000000000000e+01 6.331009999999999596e-47
6.850000000000000000e+01 6.294739999999999683e-47
6.875000000000000000e+01 6.257360000000000340e-47
6.900000000000000000e+01 6.220969999999999543e-47
6.925000000000000000e+01 6.185309999999999912e-47
6.950000000000000000e+01 6.149580000000000090e-47
6.975000000000000000e+01 6.113829999999999795e-47
7.000000000000000000e+01 6.079009999999999549e-47
7.025000000000000000e+01 6.043920000000000230e-47
7.050000000000000000e+01 6.011000000000000049e-47
7.075000000000000000e+01 5.977680000000000162e-47
7.100000000000000000e+01 5.943820000000000184e-47
7.125000000000000000e+01 5.909829999999999572e-47
7.150000000000000000e+01 5.878179999999999676e-47
7.175000000000000000e+01 5.846970000000000430e-47
7.200000000000000000e+01 5.815309999999999812e-47
7.225000000000000000e+01 5.783889999999999991e-47
7.250000000000000000e+01 5.753360000000000246e-47
7.275000000000000000e+01 5.722370000000000353e-47
7.300000000000000000e+01 5.692780000000000406e-47
7.325000000000000000e+01 5.663670000000000106e-47
7.350000000000000000e+01 5.634639999999999749e-47
7.375000000000000000e+01 5.605819999999999966e-47
7.400000000000000000e+01 5.577939999999999981e-47
7.425000000000000000e+01 5.549919999999999613e-47
7.450000000000000000e+01 5.521649999999999670e-47
7.475000000000000000e+01 5.494199999999999613e-47
7.500000000000000000e+01 5.466640000000000366e-47
7.525000000000000000e+01 5.440459999999999621e-47
7.550000000000000000e+01 5.415679999999999794e-47
7.575000000000000000e+01 5.389330000000000389e-47
7.600000000000000000e+01 5.363910000000000060e-47
7.625000000000000000e+01 5.338240000000000157e-47
7.650000000000000000e+01 5.313449999999999608e-47
7.675000000000000000e+01 5.288169999999999662e-47
7.700000000000000000e+01 5.263450000000000278e-47
7.725000000000000000e+01 5.239249999999999540e-47
7.750000000000000000e+01 5.216350000000000281e-47
7.775000000000000000e+01 5.192520000000000001e-47
7.800000000000000000e+01 5.169769999999999902e-47
7.825000000000000000e+01 5.147449999999999732e-47
7.850000000000000000e+01 5.125279999999999694e-47
7.875000000000000000e+01 5.102259999999999550e-47
7.900000000000000000e+01 5.081119999999999973e-47
7.925000000000000000e+01 5.058989999999999906e-47
7.950000000000000000e+01 5.036709999999999706e-47
7.975000000000000000e+01 5.014210000000000153e-47
8.000000000000000000e+01 4.994029999999999872e-47
8.025000000000000000e+01 4.972989999999999735e-47
8.050000000000000000e+01 4.952590000000000102e-47
8.075000000000000000e+01 4.930960000000000155e-47
8.100000000000000000e+01 4.910680000000000433e-47
8.125000000000000000e+01 4.890019999999999532e-47
8.150000000000000000e+01 4.869619999999999899e-47
8.175000000000000000e+01 4.848809999999999836e-47
8.200000000000000000e+01 4.828760000000000190e-47
8.225000000000000000e+01 4.809319999999999853e-47
8.250000000000000000e+01 4.790930000000000448e-47
8.275000000000000000e+01 4.772009999999999729e-47
8.300000000000000000e+01 4.754750000000000226e-47
8.325000000000000000e+01 4.736610000000000394e-47
8.350000000000000000e+01 4.719100000000000344e-47
8.375000000000000000e+01 4.700930000000000292e-47
8.400000000000000000e+01 4.682359999999999560e-47
8.425000000000000000e+01 4.665320000000000381e-47
8.450000000000000000e+01 4.647960000000000464e-47
8.475000000000000000e+01 4.630850000000000121e-47
8.500000000000000000e+01 4.613469999999999733e-47
8.525000000000000000e+01 4.597610000000000175e-47
8.550000000000000000e+01 4.580849999999999819e-47
8.575000000000000000e+01 4.563719999999999976e-47
8.600000000000000000e+01 4.546729999999999545e-47
8.625000000000000000e+01 4.529930000000000190e-47
8.650000000000000000e+01 4.513139999999999613e-47
8.675000000000000000e+01 4.497120000000000172e-47
8.700000000000000000e+01 4.481299999999999613e-47
8.725000000000000000e+01 4.465310000000000394e-47
8.750000000000000000e+01 4.449830000000000071e-47
8.775000000000000000e+01 4.433130000000000157e-47
8.800000000000000000e+01 4.417689999999999805e-47
8.825000000000000000e+01 4.402220000000000205e-47
8.850000000000000000e+01 4.385649999999999952e-47
8.875000000000000000e+01 4.369860000000000100e-47
8.900000000000000000e+01 4.355220000000000134e-47
8.925000000000000000e+01 4.339460000000000017e-47
8.950000000000000000e+01 4.323949999999999960e-47
8.975000000000000000e+01 4.308579999999999800e-47
9.000000000000000000e+01 4.293159999999999920e-47
9.025000000000000000e+01 4.278160000000000218e-47
9.050000000000000000e+01 4.264070000000000092e-47
9.075000000000000000e+01 4.248899999999999786e-47
9.100000000000000000e+01 4.234830000000000132e-47
9.125000000000000000e+01 4.220620000000000094e-47
9.150000000000000000e+01 4.206250000000000173e-47
9.175000000000000000e+01 4.191360000000000148e-47
9.200000000000000000e+01 4.176109999999999900e-47
9.225000000000000000e+01 4.161950000000000069e-47
9.250000000000000000e+01 4.147609999999999883e-47
9.275000000000000000e+01 4.133310000000000154e-47
9.300000000000000000e+01 4.119410000000000132e-47
9.325000000000000000e+01 4.105720000000000200e-47
9.350000000000000000e+01 4.092449999999999959e-47
9.375000000000000000e+01 4.078669999999999849e-47
9.400000000000000000e+01 4.064970000000000167e-47
9.425000000000000000e+01 4.051759999999999882e-47
9.450000000000000000e+01 4.037690000000000228e-47
9.475000000000000000e+01 4.023979999999999824e-47
9.500000000000000000e+01 4.010499999999999981e-47
9.525000000000000000e+01 3.996599999999999959e-47
9.550000000000000000e+01 3.982969999999999982e-47
9.575000000000000000e+01 3.969960000000000037e-47
9.600000000000000000e+01 3.956890000000000136e-47
9.625000000000000000e+01 3.943840000000000220e-47
9.650000000000000000e+01 3.930840000000000025e-47
9.675000000000000000e+01 3.918809999999999848e-47
9.700000000000000000e+01 3.906169999999999875e-47
9.725000000000000000e+01 3.893859999999999903e-47
9.750000000000000000e+01 3.881489999999999975e-47
9.775000000000000000e+01 3.868449999999999809e-47
9.800000000000000000e+01 3.855869999999999792e-47
9.825000000000000000e+01 3.843049999999999951e-47
9.850000000000000000e+01 3.829900000000000109e-47
9.875000000000000000e+01 3.817260000000000136e-47
9.900000000000000000e+01 3.804450000000000044e-47
9.925000000000000000e+01 3.792140000000000073e-47
9.950000000000000000e+01 3.779259999999999789e-47
9.975000000000000000e+01 3.767270000000000069e-47
1.000000000000000000e+02 3.754920000000000127e-47
1.002500000000000000e+02 3.742989999999999876e-47
1.005000000000000000e+02 3.730730000000000111e-47
1.007500000000000000e+02 3.718690000000000184e-47
1.010000000000000000e+02 3.706600000000000051e-47
1.012500000000000000e+02 3.694830000000000170e-47
1.015000000000000000e+02 3.683229999999999921e-47
1.017500000000000000e+02 3.670939999999999934e-47
1.020000000000000000e+02 3.659179999999999802e-47
1.022500000000000000e+02 3.647489999999999862e-47
1.025000000000000000e+02 3.636280000000000057e-47
1.027500000000000000e+02 3.624889999999999897e-47
1.030000000000000000e+02 3.613890000000000180e-47
1.032500000000000000e+02 3.603089999999999831e-47
1.035000000000000000e+02 3.591970000000000202e-47
1.037500000000000000e+02 3.580779999999999896e-47
1.040000000000000000e+02 3.569800000000000165e-47
1.042500000000000000e+02 3.558469999999999961e-47
1.045000000000000000e+02 3.547590000000000156e-47
1.047500000000000000e+02 3.536890000000000220e-47
1.050000000000000000e+02 3.526720000000000138e-47
1.052500000000000000e+02 3.516430000000000144e-47
1.055000000000000000e+02 3.505589999999999824e-47
1.057500000000000000e+02 3.495150000000000183e-47
1.060000000000000000e+02 3.484659999999999850e-47
1.062500000000000000e+02 3.474030000000000105e-47
1.065000000000000000e+02 3.463490000000000052e-47
1.067500000000000000e+02 3.453610000000000000e-47
1.070000000000000000e+02 3.443539999999999845e-47
1.072500000000000000e+02 3.433309999999999808e-47
1.075000000000000000e+02 3.422760000000000004e-47
1.077500000000000000e+02 3.412680000000000100e-47
1.080000000000000000e+02 3.402359999999999885e-47
1.082500000000000000e+02 3.392319999999999951e-47
1.085000000000000000e+02 3.382749999999999915e-47
1.087500000000000000e+02 3.372969999999999791e-47
1.090000000000000000e+02 3.363130000000000197e-47
1.092500000000000000e+02 3.352710000000000055e-47
1.095000000000000000e+02 3.342969999999999901e-47
1.097500000000000000e+02 3.333510000000000028e-47
1.100000000000000000e+02 3.323620000000000227e-47
1.102500000000000000e+02 3.313900000000000059e-47
1.105000000000000000e+02 3.304299999999999802e-47
1.107500000000000000e+02 3.294609999999999855e-47
1.110000000000000000e+02 3.285180000000000203e-47
1.112500000000000000e+02 3.275659999999999888e-47
1.115000000000000000e+02 3.266379999999999883e-47
1.117500000000000000e+02 3.257019999999999937e-47
1.120000000000000000e+02 3.247420000000000167e-47
1.122500000000000000e+02 3.238060000000000221e-47
1.125000000000000000e+02 3.229139999999999952e-47
1.127500000000000000e+02 3.220320000000000096e-47
1.130000000000000000e+02 3.211520000000000226e-47
1.132500000000000000e+02 3.202300000000000177e-47
1.135000000000000000e+02 3.193220000000000026e-47
1.137500000000000000e+02 3.184690000000000200e-47
1.140000000000000000e+02 3.175920000000000065e-47
1.142500000000000000e+02 3.167559999999999872e-47
1.145000000000000000e+02 3.158839999999999943e-47
1.147500000000000000e+02 3.149639999999999879e-47
1.150000000000000000e+02 3.141010000000000127e-47
1.152500000000000000e+02 3.132140000000000065e-47
1.155000000000000000e+02 3.123250000000000018e-47
1.157500000000000000e+02 3.115170000000000106e-47
1.160000000000000000e+02 3.107170000000000135e-47
1.162500000000000000e+02 3.098980000000000060e-47
1.165000000000000000e+02 3.090409999999999778e-47
1.167500000000000000e+02 3.081879999999999953e-47
1.170000000000000000e+02 3.073660000000000144e-47
1.172500000000000000e+02 3.065339999999999921e-47
1.175000000000000000e+02 3.057319999999999965e-47
1.177500000000000000e+02 3.049160000000000112e-47
1.180000000000000000e+02 3.041590000000000069e-47
1.182500000000000000e+02 3.034009999999999791e-47
1.185000000000000000e+02 3.026159999999999953e-47
1.187500000000000000e+02 3.018620000000000132e-47
1.190000000000000000e+02 3.010930000000000177e-47
1.192500000000000000e+02 3.002789999999999823e-47
1.195000000000000000e+02 2.994920000000000000e-47
1.197500000000000000e+02 2.987130000000000119e-47
1.200000000000000000e+02 2.979469999999999899e-47
1.202500000000000000e+02 2.971790000000000180e-47
1.205000000000000000e+02 2.964459999999999961e-47
1.207500000000000000e+02 2.957410000000000024e-47
1.210000000000000000e+02 2.949819999999999996e-47
1.212500000000000000e+02 2.942710000000000102e-47
1.215000000000000000e+02 2.935220000000000001e-47
1.217500000000000000e+02 2.928360000000000167e-47
1.220000000000000000e+02 2.921470000000000112e-47
1.222500000000000000e+02 2.914279999999999791e-47
1.225000000000000000e+02 2.907490000000000149e-47
1.227500000000000000e+02 2.900379999999999769e-47
1.230000000000000000e+02 2.893599999999999876e-47
1.232500000000000000e+02 2.887189999999999956e-47
1.235000000000000000e+02 2.880890000000000198e-47
1.237500000000000000e+02 2.874089999999999834e-47
1.240000000000000000e+02 2.868080000000000106e-47
1.242500000000000000e+02 2.861460000000000096e-47
1.245000000000000000e+02 2.854740000000000160e-47
1.247500000000000000e+02 2.848479999999999886e-47
1.250000000000000000e+02 2.842160000000000143e-47
1.252500000000000000e+02 2.836039999999999767e-47
1.255000000000000000e+02 2.830100000000000231e-47
1.257500000000000000e+02 2.824010000000000076e-47
1.260000000000000000e+02 2.818019999999999848e-47
1.262500000000000000e+02 2.812240000000000194e-47
1.265000000000000000e+02 2.806509999999999776e-47
1.267500000000000000e+02 2.800830000000000049e-47
1.270000000000000000e+02 2.795080000000000131e-47
1.272500000000000000e+02 2.788960000000000241e-47
1.275000000000000000e+02 2.783049999999999954e-47
1.277500000000000000e+02 2.777470000000000154e-47
1.280000000000000000e+02 2.772040000000000002e-47
1.282500000000000000e+02 2.766600000000000100e-47
1.285000000000000000e+02 2.761249999999999888e-47
1.287500000000000000e+02 2.756060000000000046e-47
1.290000000000000000e+02 2.750540000000000202e-47
1.292500000000000000e+02 2.745719999999999846e-47
1.295000000000000000e+02 2.740270000000000194e-47
1.297500000000000000e+02 2.735570000000000235e-47
1.300000000000000000e+02 2.729980000000000200e-47
1.302500000000000000e+02 2.724439999999999885e-47
1.305000000000000000e+02 2.719369999999999955e-47
1.307500000000000000e+02 2.714439999999999922e-47
1.310000000000000000e+02 2.709460000000000168e-47
1.312500000000000000e+02 2.704619999999999826e-47
1.315000000000000000e+02 2.699460000000000205e-47
1.317500000000000000e+02 2.694499999999999951e-47
1.320000000000000000e+02 2.689870000000000184e-47
1.322500000000000000e+02 2.685190000000000211e-47
1.325000000000000000e+02 2.680420000000000061e-47
1.327500000000000000e+02 2.675769999999999823e-47
1.330000000000000000e+02 2.671700000000000132e-47
1.332500000000000000e+02 2.667259999999999983e-47
1.335000000000000000e+02 2.663129999999999850e-47
1.337500000000000000e+02 2.658810000000000099e-47
1.340000000000000000e+02 2.654730000000000172e-47
1.342500000000000000e+02 2.650620000000000025e-47
1.345000000000000000e+02 2.646319999999999773e-47
1.347500000000000000e+02 2.642380000000000230e-47
1.350000000000000000e+02 2.638549999999999877e-47
1.352500000000000000e+02 2.634999999999999805e-47
1.355000000000000000e+02 2.631610000000000102e-47
1.357500000000000000e+02 2.627809999999999970e-47
1.360000000000000000e+02 2.624319999999999854e-47
1.362500000000000000e+02 2.620109999999999779e-47
1.365000000000000000e+02 2.616680000000000106e-47
1.367500000000000000e+02 2.613079999999999827e-47
1.370000000000000000e+02 2.610069999999999845e-47
1.372500000000000000e+02 2.606999999999999908e-47
1.375000000000000000e+02 2.603670000000000161e-47
1.377500000000000000e+02 2.600279999999999971e-47
1.380000000000000000e+02 2.597130000000000092e-47
1.382500000000000000e+02 2.593790000000000109e-47
1.385000000000000000e+02 2.590720000000000172e-47
1.387500000000000000e+02 2.587449999999999894e-47
1.390000000000000000e+02 2.584419999999999927e-47
1.392500000000000000e+02 2.581409999999999946e-47
1.395000000000000000e+02 2.578379999999999979e-47
1.397500000000000000e+02 2.575649999999999792e-47
1.400000000000000000e+02 2.573130000000000180e-47
1.402500000000000000e+02 2.570439999999999964e-47
1.405000000000000000e+02 2.567870000000000146e-47
1.407500000000000000e+02 2.565359999999999798e-47
1.410000000000000000e+02 2.562889999999999907e-47
1.412500000000000000e+02 2.560880000000000165e-47
1.415000000000000000e+02 2.558470000000000229e-47
1.417500000000000000e+02 2.556380000000000060e-47
1.420000000000000000e+02 2.553939999999999903e-47
1.422500000000000000e+02 2.551589999999999924e-47
1.425000000000000000e+02 2.549270000000000166e-47
1.427500000000000000e+02 2.547109999999999804e-47
1.430000000000000000e+02 2.545080000000000077e-47
1.432500000000000000e+02 2.543100000000000069e-47
1.435000000000000000e+02 2.541029999999999885e-47
1.437500000000000000e+02 2.539239999999999981e-47
1.440000000000000000e+02 2.537569999999999990e-47
1.442500000000000000e+02 2.535840000000000043e-47
1.445000000000000000e+02 2.534150000000000066e-47
1.447500000000000000e+02 2.532119999999999852e-47
1.450000000000000000e+02 2.530420000000000126e-47
1.452500000000000000e+02 2.529160000000000077e-47
1.455000000000000000e+02 2.527680000000000189e-47
1.457500000000000000e+02 2.526400000000000155e-47
1.460000000000000000e+02 2.524890000000000046e-47
1.462500000000000000e+02 2.523829999999999851e-47
1.465000000000000000e+02 2.522480000000000111e-47
1.467500000000000000e+02 2.521120000000000136e-47
1.470000000000000000e+02 2.520130000000000132e-47
1.472500000000000000e+02 2.519100000000000158e-47
1.475000000000000000e+02 2.517929999999999800e-47
1.477500000000000000e+02 2.517350000000000225e-47
1.480000000000000000e+02 2.516270000000000044e-47
1.482500000000000000e+02 2.515089999999999936e-47
1.485000000000000000e+02 2.514139999999999903e-47
1.487500000000000000e+02 2.513260000000000062e-47
1.490000000000000000e+02 2.512460000000000162e-47
1.492500000000000000e+02 2.511570000000000086e-47
1.495000000000000000e+02 2.510589999999999831e-47
1.497500000000000000e+02 2.509650000000000034e-47
1.500000000000000000e+02 2.508870000000000120e-47
1.502500000000000000e+02 2.508210000000000117e-47
1.505000000000000000e+02 2.507800000000000175e-47
1.507500000000000000e+02 2.507180000000000143e-47
1.510000000000000000e+02 2.506460000000000184e-47
1.512500000000000000e+02 2.506070000000000227e-47
1.515000000000000000e+02 2.505710000000000005e-47
1.517500000000000000e+02 2.505439999999999960e-47
1.520000000000000000e+02 2.505249999999999856e-47
1.522500000000000000e+02 2.505030000000000017e-47
1.525000000000000000e+02 2.505240000000000106e-47
1.527500000000000000e+02 2.505749999999999976e-47
1.530000000000000000e+02 2.505989999999999800e-47
1.532500000000000000e+02 2.506159999999999918e-47
1.535000000000000000e+02 2.506029999999999770e-47
1.537500000000000000e+02 2.506370000000000007e-47
1.540000000000000000e+02 2.506400000000000228e-47
1.542500000000000000e+02 2.506629999999999817e-47
1.545000000000000000e+02 2.506649999999999802e-47
1.547500000000000000e+02 2.506950000000000068e-47
1.550000000000000000e+02 2.507510000000000144e-47
1.552500000000000000e+02 2.507450000000000188e-47
1.555000000000000000e+02 2.507780000000000189e-47
1.557500000000000000e+02 2.508469999999999927e-47
1.560000000000000000e+02 2.509109999999999944e-47
1.562500000000000000e+02 2.509700000000000241e-47
1.565000000000000000e+02 2.510520000000000126e-47
1.567500000000000000e+02 2.511340000000000011e-47
1.570000000000000000e+02 2.512000000000000013e-47
1.572500000000000000e+02 2.512500000000000133e-47
1.575000000000000000e+02 2.513269999999999812e-47
1.577500000000000000e+02 2.514790000000000156e-47
1.580000000000000000e+02 2.515949999999999792e-47
1.582500000000000000e+02 2.517149999999999885e-47
1.585000000000000000e+02 2.518369999999999963e-47
1.587500000000000000e+02 2.519539999999999835e-47
1.590000000000000000e+02 2.520790000000000134e-47
1.592500000000000000e+02 2.522219999999999815e-47
1.595000000000000000e+02 2.523539999999999820e-47
1.597500000000000000e+02 2.524890000000000046e-47
1.600000000000000000e+02 2.526239999999999786e-47
1.602500000000000000e+02 2.527729999999999909e-47
1.605000000000000000e+02 2.528930000000000002e-47
1.607500000000000000e+02 2.530799999999999847e-47
1.610000000000000000e+02 2.532770000000000105e-47
1.612500000000000000e+02 2.534529999999999787e-47
1.615000000000000000e+02 2.536179999999999793e-47
1.617500000000000000e+02 2.537910000000000227e-47
1.620000000000000000e+02 2.539720000000000116e-47
1.622500000000000000e+02 2.541760000000000079e-47
1.625000000000000000e+02 2.544050000000000102e-47
1.627500000000000000e+02 2.546070000000000080e-47
1.630000000000000000e+02 2.548209999999999970e-47
1.632500000000000000e+02 2.550480000000000008e-47
1.635000000000000000e+02 2.552610000000000149e-47
1.637500000000000000e+02 2.554940000000000143e-47
1.640000000000000000e+02 2.556909999999999914e-47
1.642500000000000000e+02 2.559130000000000232e-47
1.645000000000000000e+02 2.561620000000000108e-47
1.647500000000000000e+02 2.564149999999999956e-47
1.650000000000000000e+02 2.566439999999999979e-47
1.652500000000000000e+02 2.569029999999999782e-47
1.655000000000000000e+02 2.571730000000000234e-47
1.657500000000000000e+02 2.574209999999999875e-47
1.660000000000000000e+02 2.576949999999999811e-47
1.662500000000000000e+02 2.579919999999999822e-47
1.665000000000000000e+02 2.582669999999999995e-47
1.667500000000000000e+02 2.585819999999999874e-47
1.670000000000000000e+02 2.588780000000000135e-47
1.672500000000000000e+02 2.591799999999999866e-47
1.675000000000000000e+02 2.594920000000000010e-47
1.677500000000000000e+02 2.597599999999999991e-47
1.680000000000000000e+02 2.600740000000000120e-47
1.682500000000000000e+02 2.603380000000000130e-47
1.685000000000000000e+02 2.606399999999999861e-47
1.687500000000000000e+02 2.609759999999999829e-47
1.690000000000000000e+02 2.613440000000000049e-47
1.692500000000000000e+02 2.617050000000000077e-47
1.695000000000000000e+02 2.620290000000000134e-47
1.697500000000000000e+02 2.623619999999999881e-47
1.700000000000000000e+02 2.626689999999999818e-47
1.702500000000000000e+02 2.630069999999999772e-47
1.705000000000000000e+02 2.633530000000000153e-47
1.707500000000000000e+02 2.637439999999999961e-47
1.710000000000000000e+02 2.641289999999999813e-47
1.712500000000000000e+02 2.645029999999999989e-47
1.715000000000000000e+02 2.648640000000000017e-47
1.717500000000000000e+02 2.652250000000000045e-47
1.720000000000000000e+02 2.656210000000000060e-47
1.722500000000000000e+02 2.660179999999999824e-47
1.725000000000000000e+02 2.664440000000000105e-47
1.727500000000000000e+02 2.668389999999999884e-47
1.730000000000000000e+02 2.672940000000000195e-47
1.732500000000000000e+02 2.677029999999999872e-47
1.735000000000000000e+02 2.680980000000000137e-47
1.737500000000000000e+02 2.685060000000000063e-47
1.740000000000000000e+02 2.689580000000000154e-47
1.742500000000000000e+02 2.693469999999999977e-47
1.745000000000000000e+02 2.697810000000000199e-47
1.747500000000000000e+02 2.701919999999999861e-47
1.750000000000000000e+02 2.706320000000000039e-47
1.752500000000000000e+02 2.710800000000000159e-47
1.755000000000000000e+02 2.715589999999999808e-47
1.757500000000000000e+02 2.720260000000000031e-47
1.760000000000000000e+02 2.725099999999999887e-47
1.762500000000000000e+02 2.729710000000000155e-47
1.765000000000000000e+02 2.733719999999999890e-47
1.767500000000000000e+02 2.738219999999999995e-47
1.770000000000000000e+02 2.743010000000000130e-47
1.772500000000000000e+02 2.747539999999999970e-47
1.775000000000000000e+02 2.752370000000000076e-47
1.777500000000000000e+02 2.756919999999999902e-47
1.780000000000000000e+02 2.761679999999999816e-47
1.782500000000000000e+02 2.766560000000000129e-47
1.785000000000000000e+02 2.770910000000000101e-47
1.787500000000000000e+02 2.775909999999999839e-47
1.790000000000000000e+02 2.780779999999999916e-47
1.792500000000000000e+02 2.785639999999999757e-47
1.795000000000000000e+02 2.790560000000000041e-47
1.797500000000000000e+02 2.796150000000000076e-47
1.800000000000000000e+02 2.801419999999999860e-47
1.802500000000000000e+02 2.806349999999999893e-47
1.805000000000000000e+02 2.811410000000000074e-47
1.807500000000000000e+02 2.816679999999999857e-47
1.810000000000000000e+02 2.821789999999999758e-47
1.812500000000000000e+02 2.826619999999999865e-47
1.815000000000000000e+02 2.831799999999999957e-47
1.817500000000000000e+02 2.837230000000000110e-47
1.820000000000000000e+02 2.842060000000000216e-47
1.822500000000000000e+02 2.847380000000000206e-47
1.825000000000000000e+02 2.852399999999999930e-47
1.827500000000000000e+02 2.858000000000000201e-47
1.830000000000000000e+02 2.863190000000000044e-47
1.832500000000000000e+02 2.868490000000000049e-47
1.835000000000000000e+02 2.873300000000000170e-47
1.837500000000000000e+02 2.878729999999999836e-47
1.840000000000000000e+02 2.883480000000000001e-47
1.842500000000000000e+02 2.888629999999999873e-47
1.845000000000000000e+02 2.893889999999999907e-47
1.847500000000000000e+02 2.899200000000000147e-47
1.850000000000000000e+02 2.904130000000000180e-47
1.852500000000000000e+02 2.909820000000000142e-47
1.855000000000000000e+02 2.914930000000000043e-47
1.857500000000000000e+02 2.920409999999999916e-47
1.860000000000000000e+02 2.926050000000000158e-47
1.862500000000000000e+02 2.931539999999999781e-47
1.865000000000000000e+02 2.936750000000000095e-47
1.867500000000000000e+02 2.941959999999999922e-47
1.870000000000000000e+02 2.947379999999999839e-47
1.872500000000000000e+02 2.952559999999999932e-47
1.875000000000000000e+02 2.958090000000000011e-47
1.877500000000000000e+02 2.963420000000000237e-47
1.880000000000000000e+02 2.968289999999999828e-47
1.882500000000000000e+02 2.973500000000000142e-47
1.885000000000000000e+02 2.978579999999999822e-47
1.887500000000000000e+02 2.983699999999999959e-47
1.890000000000000000e+02 2.988880000000000051e-47
1.892500000000000000e+02 2.994550000000000028e-47
1.895000000000000000e+02 2.999659999999999929e-47
1.897500000000000000e+02 3.004990000000000155e-47
1.900000000000000000e+02 3.010589999999999940e-47
1.902500000000000000e+02 3.016100000000000034e-47
1.905000000000000000e+02 3.021220000000000171e-47
1.907500000000000000e+02 3.026660000000000073e-47
1.910000000000000000e+02 3.031980000000000063e-47
1.912500000000000000e+02 3.037189999999999891e-47
1.915000000000000000e+02 3.042119999999999924e-47
1.917500000000000000e+02 3.047550000000000077e-47
1.920000000000000000e+02 3.052730000000000170e-47
1.922500000000000000e+02 3.057510000000000069e-47
1.925000000000000000e+02 3.062489999999999823e-47
1.927500000000000000e+02 3.067720000000000122e-47
1.930000000000000000e+02 3.072550000000000228e-47
1.932500000000000000e+02 3.077549999999999967e-47
1.935000000000000000e+02 3.082719999999999824e-47
1.937500000000000000e+02 3.088110000000000006e-47
1.940000000000000000e+02 3.093179999999999936e-47
1.942500000000000000e+02 3.097640000000000070e-47
1.945000000000000000e+02 3.102039999999999762e-47
1.947500000000000000e+02 3.106149999999999910e-47
1.950000000000000000e+02 3.111099999999999928e-47
1.952500000000000000e+02 3.115870000000000079e-47
1.955000000000000000e+02 3.120640000000000229e-47
1.957500000000000000e+02 3.125489999999999834e-47
1.960000000000000000e+02 3.129920000000000234e-47
1.962500000000000000e+02 3.134849999999999780e-47
1.965000000000000000e+02 3.139550000000000225e-47
1.967500000000000000e+02 3.144009999999999873e-47
1.970000000000000000e+02 3.148540000000000199e-47
1.972500000000000000e+02 3.152879999999999935e-47
1.975000000000000000e+02 3.157240000000000143e-47
1.977500000000000000e+02 3.161089999999999995e-47
1.980000000000000000e+02 3.165300000000000070e-47
1.982500000000000000e+02 3.169590000000000086e-47
1.985000000000000000e+02 3.174279999999999808e-47
1.987500000000000000e+02 3.178330000000000000e-47
1.990000000000000000e+02 3.182540000000000075e-47
1.992500000000000000e+02 3.186770000000000134e-47
1.995000000000000000e+02 3.190850000000000061e-47
1.997500000000000000e+02 3.194509999999999809e-47
2.000000000000000000e+02 3.198130000000000073e-47
2.002500000000000000e+02 3.201729999999999865e-47
2.005000000000000000e+02 3.204940000000000187e-47
2.007500000000000000e+02 3.208480000000000023e-47
2.010000000000000000e+02 3.211919999999999933e-47
2.012500000000000000e+02 3.215439999999999784e-47
2.015000000000000000e+02 3.218460000000000001e-47
2.017500000000000000e+02 3.221819999999999969e-47
2.020000000000000000e+02 3.224539999999999920e-47
2.022500000000000000e+02 3.227979999999999830e-47
2.025000000000000000e+02 3.230800000000000194e-47
2.027500000000000000e+02 3.233589999999999851e-47
2.030000000000000000e+02 3.236140000000000169e-47
2.032500000000000000e+02 3.239810000000000153e-47
2.035000000000000000e+02 3.242320000000000015e-47
2.037500000000000000e+02 3.245560000000000072e-47
2.040000000000000000e+02 3.248419999999999920e-47
2.042500000000000000e+02 3.250649999999999987e-47
2.045000000000000000e+02 3.253059999999999923e-47
2.047500000000000000e+02 3.255719999999999918e-47
2.050000000000000000e+02 3.258209999999999794e-47
2.052500000000000000e+02 3.260479999999999832e-47
2.055000000000000000e+02 3.262539999999999781e-47
2.057500000000000000e+02 3.264279999999999964e-47
2.060000000000000000e+02 3.266600000000000208e-47
2.062500000000000000e+02 3.269289999999999938e-47
2.065000000000000000e+02 3.270899999999999974e-47
2.067500000000000000e+02 3.272709999999999863e-47
2.070000000000000000e+02 3.274629999999999914e-47
2.072500000000000000e+02 3.276459999999999788e-47
2.075000000000000000e+02 3.278390000000000075e-47
2.077500000000000000e+02 3.279960000000000140e-47
2.080000000000000000e+02 3.281809999999999999e-47
2.082500000000000000e+02 3.283189999999999960e-47
2.085000000000000000e+02 3.283869999999999948e-47
2.087500000000000000e+02 3.285039999999999820e-47
2.090000000000000000e+02 3.285770000000000014e-47
2.092500000000000000e+02 3.286569999999999914e-47
2.095000000000000000e+02 3.286130000000000236e-47
2.097500000000000000e+02 3.286939999999999886e-47
2.100000000000000000e+02 3.286910000000000151e-47
2.102500000000000000e+02 3.287429999999999770e-47
2.105000000000000000e+02 3.288370000000000053e-47
2.107500000000000000e+02 3.288170000000000200e-47
2.110000000000000000e+02 3.288319999999999847e-47
2.112500000000000000e+02 3.287860000000000184e-47
2.115000000000000000e+02 3.287180000000000196e-47
2.117500000000000000e+02 3.285699999999999822e-47
2.120000000000000000e+02 3.284729999999999804e-47
2.122500000000000000e+02 3.283300000000000123e-47
2.125000000000000000e+02 3.281980000000000118e-47
2.127500000000000000e+02 3.280219999999999949e-47
2.130000000000000000e+02 3.278270000000000163e-47
2.132500000000000000e+02 3.275960000000000154e-47
2.135000000000000000e+02 3.274169999999999765e-47
2.137500000000000000e+02 3.271119999999999812e-47
2.140000000000000000e+02 3.268809999999999804e-47
2.142500000000000000e+02 3.266729999999999870e-47
2.145000000000000000e+02 3.263779999999999844e-47
2.147500000000000000e+02 3.259830000000000065e-47
2.150000000000000000e+02 3.255449999999999872e-47
2.152500000000000000e+02 3.251630000000000241e-47
2.155000000000000000e+02 3.247369999999999960e-47
2.157500000000000000e+02 3.243099999999999930e-47
2.160000000000000000e+02 3.238209999999999868e-47
2.162500000000000000e+02 3.232929999999999848e-47
2.165000000000000000e+02 3.227720000000000020e-47
2.167500000000000000e+02 3.222229999999999912e-47
2.170000000000000000e+02 3.216759999999999788e-47
2.172500000000000000e+02 3.210679999999999869e-47
2.175000000000000000e+02 3.205109999999999819e-47
2.177500000000000000e+02 3.198879999999999767e-47
2.180000000000000000e+02 3.192949999999999980e-47
2.182500000000000000e+02 3.186340000000000206e-47
2.185000000000000000e+02 3.178990000000000002e-47
2.187500000000000000e+02 3.171599999999999828e-47
2.190000000000000000e+02 3.163889999999999888e-47
2.192500000000000000e+02 3.156279999999999874e-47
2.195000000000000000e+02 3.148270000000000154e-47
2.197500000000000000e+02 3.140290000000000169e-47
2.200000000000000000e+02 3.131159999999999811e-47
2.202500000000000000e+02 3.122149999999999851e-47
2.205000000000000000e+02 3.112680000000000229e-47
2.207500000000000000e+02 3.103779999999999946e-47
2.210000000000000000e+02 3.094260000000000117e-47
2.212500000000000000e+02 3.085319999999999863e-47
2.215000000000000000e+02 3.075600000000000180e-47
2.217500000000000000e+02 3.065580000000000232e-47
2.220000000000000000e+02 3.055700000000000180e-47
2.222500000000000000e+02 3.044739999999999948e-47
2.225000000000000000e+02 3.034270000000000087e-47
2.227500000000000000e+02 3.023490000000000209e-47
2.230000000000000000e+02 3.012930000000000170e-47
2.232500000000000000e+02 3.001389999999999877e-47
2.235000000000000000e+02 2.990049999999999923e-47
2.237500000000000000e+02 2.978060000000000203e-47
2.240000000000000000e+02 2.966650000000000058e-47
2.242500000000000000e+02 2.954530000000000190e-47
2.245000000000000000e+02 2.942309999999999909e-47
2.247500000000000000e+02 2.929849999999999804e-47
2.250000000000000000e+02 2.916509999999999858e-47
2.252500000000000000e+02 2.903550000000000119e-47
2.255000000000000000e+02 2.890330000000000085e-47
2.257500000000000000e+02 2.876459999999999798e-47
2.260000000000000000e+02 2.862720000000000145e-47
2.262500000000000000e+02 2.849290000000000022e-47
2.265000000000000000e+02 2.835830000000000164e-47
2.267500000000000000e+02 2.821299999999999874e-47
2.270000000000000000e+02 2.806730000000000100e-47
2.272500000000000000e+02 2.792079999999999899e-47
2.275000000000000000e+02 2.777900000000000082e-47
2.277500000000000000e+02 2.763289999999999852e-47
2.280000000000000000e+02 2.748580000000000180e-47
2.282500000000000000e+02 2.733790000000000081e-47
2.285000000000000000e+02 2.718639999999999760e-47
2.287500000000000000e+02 2.702969999999999820e-47
2.290000000000000000e+02 2.687219999999999939e-47
2.292500000000000000e+02 2.671040000000000130e-47
2.295000000000000000e+02 2.654959999999999761e-47
2.297500000000000000e+02 2.638830000000000158e-47
2.300000000000000000e+02 2.622540000000000186e-47
2.302500000000000000e+02 2.606410000000000097e-47
2.305000000000000000e+02 2.590299999999999993e-47
2.307500000000000000e+02 2.573680000000000020e-47
2.310000000000000000e+02 2.556530000000000193e-47
2.312500000000000000e+02 2.538799999999999818e-47
2.315000000000000000e+02 2.521209999999999826e-47
2.317500000000000000e+02 2.503329999999999805e-47
2.320000000000000000e+02 2.485440000000000033e-47
2.322500000000000000e+02 2.467579999999999997e-47
2.325000000000000000e+02 2.449629999999999783e-47
2.327500000000000000e+02 2.431790000000000218e-47
2.330000000000000000e+02 2.413299999999999914e-47
2.332500000000000000e+02 2.394879999999999802e-47
2.335000000000000000e+02 2.376409999999999969e-47
2.337500000000000000e+02 2.358299999999999873e-47
2.340000000000000000e+02 2.340000000000000159e-47
2.342500000000000000e+02 2.321369999999999957e-47
2.345000000000000000e+02 2.303409999999999994e-47
2.347500000000000000e+02 2.284779999999999793e-47
2.350000000000000000e+02 2.266360000000000167e-47
2.352500000000000000e+02 2.247220000000000096e-47
2.355000000000000000e+02 2.229120000000000235e-47
2.357500000000000000e+02 2.210470000000000049e-47
2.360000000000000000e+02 2.190999999999999977e-47
2.362500000000000000e+02 2.171849999999999913e-47
2.365000000000000000e+02 2.152440000000000040e-47
2.367500000000000000e+02 2.133059999999999903e-47
2.370000000000000000e+02 2.113880000000000104e-47
2.372500000000000000e+02 2.094640000000000107e-47
2.375000000000000000e+02 2.075430000000000087e-47
2.377500000000000000e+02 2.056170000000000105e-47
2.380000000000000000e+02 2.036909999999999879e-47
2.382500000000000000e+02 2.017999999999999883e-47
2.385000000000000000e+02 1.998679999999999944e-47
2.387500000000000000e+02 1.980039999999999993e-47
2.390000000000000000e+02 1.961169999999999967e-47
2.392500000000000000e+02 1.941949999999999955e-47
2.395000000000000000e+02 1.923099999999999915e-47
2.397500000000000000e+02 1.904300000000000081e-47
2.400000000000000000e+02 1.885319999999999893e-47
2.402500000000000000e+02 1.866530000000000052e-47
2.405000000000000000e+02 1.847499999999999901e-47
2.407500000000000000e+02 1.828320000000000103e-47
2.410000000000000000e+02 1.808959999999999950e-47
2.412500000000000000e+02 1.790409999999999933e-47
2.415000000000000000e+02 1.771350000000000047e-47
2.417500000000000000e+02 1.752740000000000074e-47
2.420000000000000000e+02 1.734079999999999895e-47
2.422500000000000000e+02 1.715530000000000121e-47
2.425000000000000000e+02 1.697650000000000099e-47
2.427500000000000000e+02 1.679190000000000016e-47
2.430000000000000000e+02 1.660920000000000037e-47
2.432500000000000000e+02 1.642340000000000042e-47
2.435000000000000000e+02 1.624070000000000063e-47
2.437500000000000000e+02 1.606140000000000077e-47
2.440000000000000000e+02 1.587799999999999907e-47
2.442500000000000000e+02 1.569690000000000053e-47
2.445000000000000000e+02 1.551279999999999934e-47
2.447500000000000000e+02 1.533349999999999949e-47
2.450000000000000000e+02 1.514990000000000035e-47
2.452500000000000000e+02 1.497010000000000087e-47
2.455000000000000000e+02 1.478870000000000012e-47
2.457500000000000000e+02 1.461270000000000028e-47
2.460000000000000000e+02 1.443769999999999971e-47
2.462500000000000000e+02 1.426680000000000100e-47
2.465000000000000000e+02 1.408719999999999893e-47
2.467500000000000000e+02 1.391260000000000050e-47
2.470000000000000000e+02 1.374199999999999913e-47
2.472500000000000000e+02 1.357110000000000041e-47
2.475000000000000000e+02 1.340019999999999927e-47
2.477500000000000000e+02 1.322960000000000033e-47
2.480000000000000000e+02 1.306839999999999937e-47
2.482500000000000000e+02 1.290549999999999965e-47
2.485000000000000000e+02 1.273959999999999970e-47
2.487500000000000000e+02 1.257250000000000063e-47
2.490000000000000000e+02 1.240899999999999892e-47
2.492500000000000000e+02 1.224849999999999987e-47
2.495000000000000000e+02 1.209240000000000003e-47
2.497500000000000000e+02 1.193679999999999983e-47
2.500000000000000000e+02 1.177839999999999924e-47
2.502500000000000000e+02 1.162480000000000000e-47
2.505000000000000000e+02 1.147150000000000054e-47
2.507500000000000000e+02 1.132089999999999910e-47
2.510000000000000000e+02 1.117059999999999987e-47
2.512500000000000000e+02 1.102330000000000087e-47
2.515000000000000000e+02 1.087399999999999969e-47
2.517500000000000000e+02 1.073030000000000049e-47
2.520000000000000000e+02 1.058729999999999956e-47
2.522500000000000000e+02 1.044299999999999958e-47
2.525000000000000000e+02 1.030400000000000057e-47
2.527500000000000000e+02 1.016160000000000041e-47
2.530000000000000000e+02 1.002230000000000042e-47
2.532500000000000000e+02 9.883309999999999460e-48
2.535000000000000000e+02 9.746579999999999765e-48
2.537500000000000000e+02 9.613940000000000233e-48
2.540000000000000000e+02 9.480899999999999778e-48
2.542500000000000000e+02 9.349760000000000362e-48
2.545000000000000000e+02 9.220949999999999481e-48
2.547500000000000000e+02 9.096750000000000569e-48
2.550000000000000000e+02 8.971849999999999739e-48
2.552500000000000000e+02 8.851220000000000398e-48
