0.000000000000000000e+00 5.000000000000000000e-01
2.500000000000000000e-01 5.000000000000000000e-01
5.000000000000000000e-01 5.000000000000000000e-01
7.500000000000000000e-01 5.000000000000000000e-01
1.000000000000000000e+00 5.000000000000000000e-01
1.250000000000000000e+00 5.000000000000000000e-01
1.500000000000000000e+00 5.000000000000000000e-01
1.750000000000000000e+00 5.000000000000000000e-01
2.000000000000000000e+00 5.000000000000000000e-01
2.250000000000000000e+00 5.000000000000000000e-01
2.500000000000000000e+00 5.000000000000000000e-01
2.750000000000000000e+00 5.000000000000000000e-01
3.000000000000000000e+00 5.000000000000000000e-01
3.250000000000000000e+00 5.000000000000000000e-01
3.500000000000000000e+00 5.000000000000000000e-01
3.750000000000000000e+00 5.000000000000000000e-01
4.000000000000000000e+00 5.000000000000000000e-01
4.250000000000000000e+00 5.000000000000000000e-01
4.500000000000000000e+00 5.000000000000000000e-01
4.750000000000000000e+00 5.000000000000000000e-01
5.000000000000000000e+00 5.000000000000000000e-01
5.250000000000000000e+00 5.000000000000000000e-01
5.500000000000000000e+00 5.000000000000000000e-01
5.750000000000000000e+00 5.000000000000000000e-01
6.000000000000000000e+00 5.000000000000000000e-01
6.250000000000000000e+00 5.000000000000000000e-01
6.500000000000000000e+00 5.000000000000000000e-01
6.750000000000000000e+00 5.000000000000000000e-01
7.000000000000000000e+00 5.000000000000000000e-01
7.250000000000000000e+00 5.000000000000000000e-01
7.500000000000000000e+00 5.000000000000000000e-01
7.750000000000000000e+00 5.000000000000000000e-01
8.000000000000000000e+00 5.000000000000000000e-01
8.250000000000000000e+00 5.000000000000000000e-01
8.500000000000000000e+00 5.000000000000000000e-01
8.750000000000000000e+00 5.000000000000000000e-01
9.000000000000000000e+00 5.000000000000000000e-01
9.250000000000000000e+00 5.000000000000000000e-01
9.500000000000000000e+00 5.000000000000000000e-01
9.750000000000000000e+00 5.000000000000000000e-01
1.000000000000000000e+01 5.000000000000000000e-01
1.025000000000000000e+01 5.000000000000000000e-01
1.050000000000000000e+01 5.000000000000000000e-01
1.075000000000000000e+01 5.000000000000000000e-01
1.100000000000000000e+01 5.000000000000000000e-01
1.125000000000000000e+01 5.000000000000000000e-01
1.150000000000000000e+01 5.000000000000000000e-01
1.175000000000000000e+01 5.000000000000000000e-01
1.200000000000000000e+01 5.000000000000000000e-01
1.225000000000000000e+01 5.000000000000000000e-01
1.250000000000000000e+01 5.000000000000000000e-01
1.275000000000000000e+01 5.000000000000000000e-01
1.300000000000000000e+01 5.000000000000000000e-01
1.325000000000000000e+01 5.000000000000000000e-01
1.350000000000000000e+01 5.000000000000000000e-01
1.375000000000000000e+01 5.000000000000000000e-01
1.400000000000000000e+01 5.000000000000000000e-01
1.425000000000000000e+01 5.000000000000000000e-01
1.450000000000000000e+01 5.000000000000000000e-01
1.475000000000000000e+01 5.000000000000000000e-01
1.500000000000000000e+01 5.000000000000000000e-01
1.525000000000000000e+01 5.000000000000000000e-01
1.550000000000000000e+01 5.000000000000000000e-01
1.575000000000000000e+01 5.000000000000000000e-01
1.600000000000000000e+01 1.421069999999999931e-43
1.625000000000000000e+01 1.653379999999999962e-43
1.650000000000000000e+01 1.928859999999999911e-43
1.675000000000000000e+01 2.240789999999999938e-43
1.700000000000000000e+01 2.593980000000000053e-43
1.725000000000000000e+01 2.973409999999999928e-43
1.750000000000000000e+01 3.383920000000000116e-43
1.775000000000000000e+01 3.816099999999999608e-43
1.800000000000000000e+01 4.255290000000000193e-43
1.825000000000000000e+01 4.671659999999999832e-43
1.850000000000000000e+01 5.054379999999999758e-43
1.875000000000000000e+01 5.380669999999999747e-43
1.900000000000000000e+01 5.614559999999999626e-43
1.925000000000000000e+01 5.734899999999999918e-43
1.950000000000000000e+01 5.738029999999999869e-43
1.975000000000000000e+01 5.593739999999999736e-43
2.000000000000000000e+01 5.321130000000000221e-43
2.025000000000000000e+01 4.929660000000000049e-43
2.050000000000000000e+01 4.468209999999999864e-43
2.075000000000000000e+01 3.957850000000000086e-43
2.100000000000000000e+01 3.438579999999999962e-43
2.125000000000000000e+01 2.936620000000000085e-43
2.150000000000000000e+01 2.466979999999999807e-43
2.175000000000000000e+01 2.045440000000000032e-43
2.200000000000000000e+01 1.675539999999999946e-43
2.225000000000000000e+01 1.355549999999999983e-43
2.250000000000000000e+01 1.090299999999999914e-43
2.275000000000000000e+01 8.727779999999999660e-44
2.300000000000000000e+01 6.962170000000000046e-44
2.325000000000000000e+01 5.549559999999999705e-44
2.350000000000000000e+01 4.427050000000000187e-44
2.375000000000000000e+01 3.544469999999999961e-44
2.400000000000000000e+01 2.849370000000000049e-44
2.425000000000000000e+01 2.305109999999999829e-44
2.450000000000000000e+01 1.875860000000000063e-44
2.475000000000000000e+01 1.537030000000000110e-44
2.500000000000000000e+01 1.266589999999999942e-44
2.525000000000000000e+01 1.049749999999999974e-44
2.550000000000000000e+01 8.754290000000000013e-45
2.575000000000000000e+01 7.342439999999999652e-45
2.600000000000000000e+01 6.199630000000000073e-45
2.625000000000000000e+01 5.268399999999999771e-45
2.650000000000000000e+01 4.499180000000000082e-45
2.675000000000000000e+01 3.864920000000000189e-45
2.700000000000000000e+01 3.340410000000000183e-45
2.725000000000000000e+01 2.901420000000000271e-45
2.750000000000000000e+01 2.535259999999999884e-45
2.775000000000000000e+01 2.226830000000000115e-45
2.800000000000000000e+01 1.965220000000000081e-45
2.825000000000000000e+01 1.743889999999999968e-45
2.850000000000000000e+01 1.554620000000000024e-45
2.875000000000000000e+01 1.392280000000000012e-45
2.900000000000000000e+01 1.253460000000000031e-45
2.925000000000000000e+01 1.133240000000000069e-45
2.950000000000000000e+01 1.030029999999999998e-45
2.975000000000000000e+01 9.404270000000000324e-46
3.000000000000000000e+01 8.622280000000000515e-46
3.025000000000000000e+01 7.940269999999999866e-46
3.050000000000000000e+01 7.344280000000000248e-46
3.075000000000000000e+01 6.820680000000000129e-46
3.100000000000000000e+01 6.358070000000000279e-46
3.125000000000000000e+01 5.949000000000000374e-46
3.150000000000000000e+01 5.590359999999999921e-46
3.175000000000000000e+01 5.269899999999999780e-46
3.200000000000000000e+01 4.985520000000000032e-46
3.225000000000000000e+01 4.730129999999999893e-46
3.250000000000000000e+01 4.506490000000000257e-46
3.275000000000000000e+01 4.306939999999999641e-46
3.300000000000000000e+01 4.129400000000000346e-46
3.325000000000000000e+01 3.969980000000000022e-46
3.350000000000000000e+01 3.826210000000000042e-46
3.375000000000000000e+01 3.697389999999999655e-46
3.400000000000000000e+01 3.583939999999999622e-46
3.425000000000000000e+01 3.482669999999999899e-46
3.450000000000000000e+01 3.393629999999999817e-46
3.475000000000000000e+01 3.316280000000000065e-46
3.500000000000000000e+01 3.245500000000000116e-46
3.525000000000000000e+01 3.185259999999999928e-46
3.550000000000000000e+01 3.131649999999999987e-46
3.575000000000000000e+01 3.085999999999999850e-46
3.600000000000000000e+01 3.047419999999999832e-46
3.625000000000000000e+01 3.016039999999999981e-46
3.650000000000000000e+01 2.987489999999999855e-46
3.675000000000000000e+01 2.965470000000000145e-46
3.700000000000000000e+01 2.946549999999999816e-46
3.725000000000000000e+01 2.933990000000000076e-46
3.750000000000000000e+01 2.924079999999999900e-46
3.775000000000000000e+01 2.918540000000000169e-46
3.800000000000000000e+01 2.917430000000000156e-46
3.825000000000000000e+01 2.918249999999999847e-46
3.850000000000000000e+01 2.922710000000000175e-46
3.875000000000000000e+01 2.929060000000000043e-46
3.900000000000000000e+01 2.938329999999999909e-46
3.925000000000000000e+01 2.948920000000000169e-46
3.950000000000000000e+01 2.961129999999999922e-46
3.975000000000000000e+01 2.973960000000000097e-46
4.000000000000000000e+01 2.989349999999999950e-46
4.025000000000000000e+01 3.004019999999999942e-46
4.050000000000000000e+01 3.021389999999999998e-46
4.075000000000000000e+01 3.037449999999999992e-46
4.100000000000000000e+01 3.054400000000000064e-46
4.125000000000000000e+01 3.069869999999999859e-46
4.150000000000000000e+01 3.085699999999999973e-46
4.175000000000000000e+01 3.099940000000000037e-46
4.200000000000000000e+01 3.110459999999999911e-46
4.225000000000000000e+01 3.121210000000000054e-46
4.250000000000000000e+01 3.130409999999999923e-46
4.275000000000000000e+01 3.140260000000000045e-46
4.300000000000000000e+01 3.144609999999999822e-46
4.325000000000000000e+01 3.145979999999999936e-46
4.350000000000000000e+01 3.145629999999999950e-46
4.375000000000000000e+01 3.142089999999999919e-46
4.400000000000000000e+01 3.134709999999999980e-46
4.425000000000000000e+01 3.122289999999999846e-46
4.450000000000000000e+01 3.105599999999999876e-46
4.475000000000000000e+01 3.084099999999999979e-46
4.500000000000000000e+01 3.058029999999999980e-46
4.525000000000000000e+01 3.028680000000000051e-46
4.550000000000000000e+01 2.992720000000000154e-46
4.575000000000000000e+01 2.955489999999999972e-46
4.600000000000000000e+01 2.912230000000000078e-46
4.625000000000000000e+01 2.861169999999999871e-46
4.650000000000000000e+01 2.807019999999999839e-46
4.675000000000000000e+01 2.746570000000000049e-46
4.700000000000000000e+01 2.680460000000000032e-46
4.725000000000000000e+01 2.609499999999999923e-46
4.750000000000000000e+01 2.534829999999999956e-46
4.775000000000000000e+01 2.456680000000000012e-46
4.800000000000000000e+01 2.376949999999999962e-46
4.825000000000000000e+01 2.295170000000000102e-46
4.850000000000000000e+01 2.211639999999999920e-46
4.875000000000000000e+01 2.119770000000000114e-46
4.900000000000000000e+01 2.020549999999999813e-46
4.925000000000000000e+01 1.919189999999999815e-46
4.950000000000000000e+01 1.821559999999999953e-46
4.975000000000000000e+01 1.721969999999999971e-46
5.000000000000000000e+01 1.623960000000000095e-46
5.025000000000000000e+01 1.525539999999999984e-46
5.050000000000000000e+01 1.428179999999999972e-46
5.075000000000000000e+01 1.331969999999999944e-46
5.100000000000000000e+01 1.236610000000000022e-46
5.125000000000000000e+01 1.143739999999999977e-46
5.150000000000000000e+01 1.054120000000000028e-46
5.175000000000000000e+01 9.678189999999999085e-47
5.200000000000000000e+01 8.883530000000000540e-47
5.225000000000000000e+01 8.156110000000000357e-47
5.250000000000000000e+01 7.495270000000000479e-47
5.275000000000000000e+01 6.921479999999999759e-47
5.300000000000000000e+01 6.417770000000000182e-47
5.325000000000000000e+01 5.998880000000000181e-47
5.350000000000000000e+01 5.651809999999999562e-47
5.375000000000000000e+01 5.369439999999999653e-47
5.400000000000000000e+01 5.153920000000000094e-47
5.425000000000000000e+01 5.007260000000000142e-47
5.450000000000000000e+01 4.931169999999999758e-47
5.475000000000000000e+01 4.934100000000000284e-47
5.500000000000000000e+01 5.018670000000000287e-47
5.525000000000000000e+01 5.207970000000000102e-47
5.550000000000000000e+01 5.509000000000000434e-47
5.575000000000000000e+01 5.943400000000000006e-47
5.600000000000000000e+01 6.522810000000000010e-47
5.625000000000000000e+01 7.261279999999999629e-47
5.650000000000000000e+01 8.159789999999999605e-47
5.675000000000000000e+01 9.220099999999999618e-47
5.700000000000000000e+01 1.046370000000000020e-46
5.725000000000000000e+01 1.189190000000000065e-46
5.750000000000000000e+01 1.349750000000000039e-46
5.775000000000000000e+01 1.525309999999999910e-46
5.800000000000000000e+01 1.707460000000000055e-46
5.825000000000000000e+01 1.890790000000000017e-46
5.850000000000000000e+01 2.066079999999999842e-46
5.875000000000000000e+01 2.219559999999999950e-46
5.900000000000000000e+01 2.334219999999999825e-46
5.925000000000000000e+01 2.399219999999999830e-46
5.950000000000000000e+01 2.408620000000000135e-46
5.975000000000000000e+01 2.358539999999999891e-46
6.000000000000000000e+01 2.267879999999999928e-46
6.025000000000000000e+01 2.136989999999999842e-46
6.050000000000000000e+01 1.984089999999999990e-46
6.075000000000000000e+01 1.813330000000000102e-46
6.100000000000000000e+01 1.638059999999999970e-46
6.125000000000000000e+01 1.469150000000000038e-46
6.150000000000000000e+01 1.305640000000000038e-46
6.175000000000000000e+01 1.154390000000000095e-46
6.200000000000000000e+01 1.015999999999999964e-46
6.225000000000000000e+01 8.930819999999999669e-47
6.250000000000000000e+01 7.869459999999999696e-47
6.275000000000000000e+01 6.936610000000000095e-47
6.300000000000000000e+01 6.183520000000000009e-47
6.325000000000000000e+01 5.569770000000000378e-47
6.350000000000000000e+01 5.053300000000000430e-47
6.375000000000000000e+01 4.646239999999999780e-47
6.400000000000000000e+01 4.318959999999999971e-47
6.425000000000000000e+01 4.049759999999999890e-47
6.450000000000000000e+01 3.843889999999999822e-47
6.475000000000000000e+01 3.689249999999999884e-47
6.500000000000000000e+01 3.568730000000000219e-47
6.525000000000000000e+01 3.483339999999999845e-47
6.550000000000000000e+01 3.421699999999999809e-47
6.575000000000000000e+01 3.381270000000000028e-47
6.600000000000000000e+01 3.356140000000000215e-47
6.625000000000000000e+01 3.345230000000000189e-47
6.650000000000000000e+01 3.343339999999999873e-47
6.675000000000000000e+01 3.350019999999999839e-47
6.700000000000000000e+01 3.361170000000000175e-47
6.725000000000000000e+01 3.374820000000000137e-47
6.750000000000000000e+01 3.389010000000000189e-47
6.775000000000000000e+01 3.402089999999999840e-47
6.800000000000000000e+01 3.417349999999999837e-47
6.825000000000000000e+01 3.430500000000000166e-47
6.850000000000000000e+01 3.442580000000000063e-47
6.875000000000000000e+01 3.455490000000000081e-47
6.900000000000000000e+01 3.467990000000000157e-47
6.925000000000000000e+01 3.479649999999999876e-47
6.950000000000000000e+01 3.493040000000000028e-47
6.975000000000000000e+01 3.504840000000000131e-47
7.000000000000000000e+01 3.517980000000000224e-47
7.025000000000000000e+01 3.529130000000000073e-47
7.050000000000000000e+01 3.541329999999999883e-47
7.075000000000000000e+01 3.553789999999999988e-47
7.100000000000000000e+01 3.566159999999999915e-47
7.125000000000000000e+01 3.579060000000000184e-47
7.150000000000000000e+01 3.592039999999999908e-47
7.175000000000000000e+01 3.602159999999999783e-47
7.200000000000000000e+01 3.612670000000000102e-47
7.225000000000000000e+01 3.624430000000000234e-47
7.250000000000000000e+01 3.634269999999999828e-47
7.275000000000000000e+01 3.645030000000000207e-47
7.300000000000000000e+01 3.654749999999999889e-47
7.325000000000000000e+01 3.665220000000000237e-47
7.350000000000000000e+01 3.675759999999999805e-47
7.375000000000000000e+01 3.684990000000000089e-47
7.400000000000000000e+01 3.692469999999999955e-47
7.425000000000000000e+01 3.701769999999999945e-47
7.450000000000000000e+01 3.708489999999999881e-47
7.475000000000000000e+01 3.717490000000000091e-47
7.500000000000000000e+01 3.725160000000000061e-47
7.525000000000000000e+01 3.732110000000000072e-47
7.550000000000000000e+01 3.736550000000000221e-47
7.575000000000000000e+01 3.742690000000000096e-47
7.600000000000000000e+01 3.748400000000000044e-47
7.625000000000000000e+01 3.752789999999999986e-47
7.650000000000000000e+01 3.756100000000000234e-47
7.675000000000000000e+01 3.760120000000000205e-47
7.700000000000000000e+01 3.763739999999999982e-47
7.725000000000000000e+01 3.765540000000000122e-47
7.750000000000000000e+01 3.768349999999999764e-47
7.775000000000000000e+01 3.769230000000000091e-47
7.800000000000000000e+01 3.772109999999999925e-47
7.825000000000000000e+01 3.772960000000000031e-47
7.850000000000000000e+01 3.772849999999999869e-47
7.875000000000000000e+01 3.773369999999999974e-47
7.900000000000000000e+01 3.772519999999999867e-47
7.925000000000000000e+01 3.771790000000000159e-47
7.950000000000000000e+01 3.771819999999999894e-47
7.975000000000000000e+01 3.770789999999999920e-47
8.000000000000000000e+01 3.769190000000000120e-47
8.025000000000000000e+01 3.768390000000000220e-47
8.050000000000000000e+01 3.767279999999999819e-47
8.075000000000000000e+01 3.765879999999999872e-47
8.100000000000000000e+01 3.764470000000000177e-47
8.125000000000000000e+01 3.762289999999999830e-47
8.150000000000000000e+01 3.760059999999999762e-47
8.175000000000000000e+01 3.758180000000000168e-47
8.200000000000000000e+01 3.755000000000000068e-47
8.225000000000000000e+01 3.751779999999999997e-47
8.250000000000000000e+01 3.749120000000000002e-47
8.275000000000000000e+01 3.745109999999999781e-47
8.300000000000000000e+01 3.742420000000000051e-47
8.325000000000000000e+01 3.738730000000000081e-47
8.350000000000000000e+01 3.736659999999999897e-47
8.375000000000000000e+01 3.732750000000000089e-47
8.400000000000000000e+01 3.728900000000000237e-47
8.425000000000000000e+01 3.724810000000000074e-47
8.450000000000000000e+01 3.720090000000000130e-47
8.475000000000000000e+01 3.715869999999999820e-47
8.500000000000000000e+01 3.710600000000000036e-47
8.525000000000000000e+01 3.706019999999999990e-47
8.550000000000000000e+01 3.700859999999999883e-47
8.575000000000000000e+01 3.696310000000000057e-47
8.600000000000000000e+01 3.690750000000000243e-47
8.625000000000000000e+01 3.686049999999999798e-47
8.650000000000000000e+01 3.680319999999999866e-47
8.675000000000000000e+01 3.674419999999999814e-47
8.700000000000000000e+01 3.668250000000000204e-47
8.725000000000000000e+01 3.661920000000000225e-47
8.750000000000000000e+01 3.656609999999999984e-47
8.775000000000000000e+01 3.651110000000000126e-47
8.800000000000000000e+01 3.645620000000000017e-47
8.825000000000000000e+01 3.639919999999999820e-47
8.850000000000000000e+01 3.633919999999999842e-47
8.875000000000000000e+01 3.626710000000000021e-47
8.900000000000000000e+01 3.619350000000000068e-47
8.925000000000000000e+01 3.612280000000000145e-47
8.950000000000000000e+01 3.604900000000000206e-47
8.975000000000000000e+01 3.597539999999999766e-47
9.000000000000000000e+01 3.589689999999999929e-47
9.025000000000000000e+01 3.581949999999999767e-47
9.050000000000000000e+01 3.574279999999999798e-47
9.075000000000000000e+01 3.566270000000000078e-47
9.100000000000000000e+01 3.558870000000000154e-47
9.125000000000000000e+01 3.550629999999999873e-47
9.150000000000000000e+01 3.542689999999999858e-47
9.175000000000000000e+01 3.534620000000000182e-47
9.200000000000000000e+01 3.526220000000000018e-47
9.225000000000000000e+01 3.518040000000000180e-47
9.250000000000000000e+01 3.510000000000000238e-47
9.275000000000000000e+01 3.502410000000000210e-47
9.300000000000000000e+01 3.493199999999999911e-47
9.325000000000000000e+01 3.485259999999999896e-47
9.350000000000000000e+01 3.476960000000000146e-47
9.375000000000000000e+01 3.468059999999999862e-47
9.400000000000000000e+01 3.459279999999999977e-47
9.425000000000000000e+01 3.450400000000000165e-47
9.450000000000000000e+01 3.440580000000000070e-47
9.475000000000000000e+01 3.431280000000000080e-47
9.500000000000000000e+01 3.422700000000000048e-47
9.525000000000000000e+01 3.413189999999999969e-47
9.550000000000000000e+01 3.403579999999999963e-47
9.575000000000000000e+01 3.394700000000000151e-47
9.600000000000000000e+01 3.385070000000000160e-47
9.625000000000000000e+01 3.376080000000000185e-47
9.650000000000000000e+01 3.366630000000000062e-47
9.675000000000000000e+01 3.357370000000000043e-47
9.700000000000000000e+01 3.347899999999999934e-47
9.725000000000000000e+01 3.337919999999999956e-47
9.750000000000000000e+01 3.328909999999999996e-47
9.775000000000000000e+01 3.319640000000000227e-47
9.800000000000000000e+01 3.310279999999999795e-47
9.825000000000000000e+01 3.300819999999999922e-47
9.850000000000000000e+01 3.290970000000000092e-47
9.875000000000000000e+01 3.281260000000000159e-47
9.900000000000000000e+01 3.272399999999999847e-47
9.925000000000000000e+01 3.263249999999999990e-47
9.950000000000000000e+01 3.253420000000000145e-47
9.975000000000000000e+01 3.244530000000000097e-47
1.000000000000000000e+02 3.235629999999999814e-47
1.002500000000000000e+02 3.225879999999999911e-47
1.005000000000000000e+02 3.216119999999999771e-47
1.007500000000000000e+02 3.206799999999999796e-47
1.010000000000000000e+02 3.197490000000000056e-47
1.012500000000000000e+02 3.188480000000000096e-47
1.015000000000000000e+02 3.179120000000000150e-47
1.017500000000000000e+02 3.169639999999999806e-47
1.020000000000000000e+02 3.160429999999999993e-47
1.022500000000000000e+02 3.150890000000000179e-47
1.025000000000000000e+02 3.141220000000000217e-47
1.027500000000000000e+02 3.132180000000000036e-47
1.030000000000000000e+02 3.122550000000000044e-47
1.032500000000000000e+02 3.113699999999999968e-47
1.035000000000000000e+02 3.104539999999999875e-47
1.037500000000000000e+02 3.095669999999999813e-47
1.040000000000000000e+02 3.085819999999999982e-47
1.042500000000000000e+02 3.076730000000000081e-47
1.045000000000000000e+02 3.067709999999999886e-47
1.047500000000000000e+02 3.058759999999999882e-47
1.050000000000000000e+02 3.049709999999999952e-47
1.052500000000000000e+02 3.041060000000000215e-47
1.055000000000000000e+02 3.032230000000000123e-47
1.057500000000000000e+02 3.023289999999999869e-47
1.060000000000000000e+02 3.014060000000000071e-47
1.062500000000000000e+02 3.005799999999999805e-47
1.065000000000000000e+02 2.996919999999999993e-47
1.067500000000000000e+02 2.988240000000000034e-47
1.070000000000000000e+02 2.979620000000000032e-47
1.072500000000000000e+02 2.970909999999999853e-47
1.075000000000000000e+02 2.962789999999999970e-47
1.077500000000000000e+02 2.953689999999999833e-47
1.080000000000000000e+02 2.944489999999999770e-47
1.082500000000000000e+02 2.936119999999999827e-47
1.085000000000000000e+02 2.927129999999999853e-47
1.087500000000000000e+02 2.918870000000000073e-47
1.090000000000000000e+02 2.909989999999999775e-47
1.092500000000000000e+02 2.901630000000000068e-47
1.095000000000000000e+02 2.893320000000000082e-47
1.097500000000000000e+02 2.884450000000000019e-47
1.100000000000000000e+02 2.875909999999999958e-47
1.102500000000000000e+02 2.867790000000000076e-47
1.105000000000000000e+02 2.859369999999999927e-47
1.107500000000000000e+02 2.851609999999999780e-47
1.110000000000000000e+02 2.843609999999999809e-47
1.112500000000000000e+02 2.835339999999999794e-47
1.115000000000000000e+02 2.827589999999999883e-47
1.117500000000000000e+02 2.819609999999999898e-47
1.120000000000000000e+02 2.811609999999999927e-47
1.122500000000000000e+02 2.803629999999999942e-47
1.125000000000000000e+02 2.796210000000000032e-47
1.127500000000000000e+02 2.788639999999999989e-47
1.130000000000000000e+02 2.780979999999999770e-47
1.132500000000000000e+02 2.773390000000000228e-47
1.135000000000000000e+02 2.765080000000000241e-47
1.137500000000000000e+02 2.757779999999999758e-47
1.140000000000000000e+02 2.750649999999999879e-47
1.142500000000000000e+02 2.743159999999999777e-47
1.145000000000000000e+02 2.735699999999999897e-47
1.147500000000000000e+02 2.728359999999999929e-47
1.150000000000000000e+02 2.721110000000000138e-47
1.152500000000000000e+02 2.713859999999999860e-47
1.155000000000000000e+02 2.706470000000000172e-47
1.157500000000000000e+02 2.699669999999999808e-47
1.160000000000000000e+02 2.692229999999999913e-47
1.162500000000000000e+02 2.685120000000000020e-47
1.165000000000000000e+02 2.678320000000000142e-47
1.167500000000000000e+02 2.670790000000000070e-47
1.170000000000000000e+02 2.664070000000000133e-47
1.172500000000000000e+02 2.657570000000000036e-47
1.175000000000000000e+02 2.650629999999999774e-47
1.177500000000000000e+02 2.643880000000000103e-47
1.180000000000000000e+02 2.637100000000000210e-47
1.182500000000000000e+02 2.630850000000000173e-47
1.185000000000000000e+02 2.624649999999999855e-47
1.187500000000000000e+02 2.618410000000000053e-47
1.190000000000000000e+02 2.612219999999999971e-47
1.192500000000000000e+02 2.606129999999999816e-47
1.195000000000000000e+02 2.599870000000000029e-47
1.197500000000000000e+02 2.593799999999999859e-47
1.200000000000000000e+02 2.588109999999999897e-47
1.202500000000000000e+02 2.582000000000000243e-47
1.205000000000000000e+02 2.576060000000000221e-47
1.207500000000000000e+02 2.569549999999999887e-47
1.210000000000000000e+02 2.563779999999999984e-47
1.212500000000000000e+02 2.558059999999999801e-47
1.215000000000000000e+02 2.552300000000000133e-47
1.217500000000000000e+02 2.546770000000000053e-47
1.220000000000000000e+02 2.540980000000000165e-47
1.222500000000000000e+02 2.535729999999999880e-47
1.225000000000000000e+02 2.530679999999999935e-47
1.227500000000000000e+02 2.525450000000000122e-47
1.230000000000000000e+02 2.520299999999999764e-47
1.232500000000000000e+02 2.514999999999999759e-47
1.235000000000000000e+02 2.509900000000000094e-47
1.237500000000000000e+02 2.504919999999999855e-47
1.240000000000000000e+02 2.499800000000000204e-47
1.242500000000000000e+02 2.494899999999999906e-47
1.245000000000000000e+02 2.489719999999999813e-47
1.247500000000000000e+02 2.485079999999999811e-47
1.250000000000000000e+02 2.480499999999999764e-47
1.252500000000000000e+02 2.475859999999999762e-47
1.255000000000000000e+02 2.470970000000000186e-47
1.257500000000000000e+02 2.466270000000000228e-47
1.260000000000000000e+02 2.461449999999999871e-47
1.262500000000000000e+02 2.456880000000000060e-47
1.265000000000000000e+02 2.452459999999999897e-47
1.267500000000000000e+02 2.447779999999999924e-47
1.270000000000000000e+02 2.443689999999999761e-47
1.272500000000000000e+02 2.439959999999999821e-47
1.275000000000000000e+02 2.435689999999999790e-47
1.277500000000000000e+02 2.431720000000000026e-47
1.280000000000000000e+02 2.427500000000000202e-47
1.282500000000000000e+02 2.423500000000000217e-47
1.285000000000000000e+02 2.419919999999999924e-47
1.287500000000000000e+02 2.415459999999999789e-47
1.290000000000000000e+02 2.411319999999999907e-47
1.292500000000000000e+02 2.407740000000000100e-47
1.295000000000000000e+02 2.404079999999999865e-47
1.297500000000000000e+02 2.400659999999999941e-47
1.300000000000000000e+02 2.396930000000000001e-47
1.302500000000000000e+02 2.393229999999999796e-47
1.305000000000000000e+02 2.389940000000000019e-47
1.307500000000000000e+02 2.386979999999999758e-47
1.310000000000000000e+02 2.383789999999999908e-47
1.312500000000000000e+02 2.380400000000000205e-47
1.315000000000000000e+02 2.377329999999999781e-47
1.317500000000000000e+02 2.374719999999999992e-47
1.320000000000000000e+02 2.371430000000000216e-47
1.322500000000000000e+02 2.368179999999999924e-47
1.325000000000000000e+02 2.365169999999999942e-47
1.327500000000000000e+02 2.362270000000000123e-47
1.330000000000000000e+02 2.359289999999999877e-47
1.332500000000000000e+02 2.356419999999999792e-47
1.335000000000000000e+02 2.353630000000000136e-47
1.337500000000000000e+02 2.351059999999999831e-47
1.340000000000000000e+02 2.348359999999999866e-47
1.342500000000000000e+02 2.345940000000000181e-47
1.345000000000000000e+02 2.343420000000000083e-47
1.347500000000000000e+02 2.340860000000000015e-47
1.350000000000000000e+02 2.338430000000000094e-47
1.352500000000000000e+02 2.336290000000000204e-47
1.355000000000000000e+02 2.334270000000000226e-47
1.357500000000000000e+02 2.331890000000000026e-47
1.360000000000000000e+02 2.329630000000000224e-47
1.362500000000000000e+02 2.327190000000000067e-47
1.365000000000000000e+02 2.325279999999999766e-47
1.367500000000000000e+02 2.323190000000000082e-47
1.370000000000000000e+02 2.321250000000000045e-47
1.372500000000000000e+02 2.319070000000000185e-47
1.375000000000000000e+02 2.317039999999999971e-47
1.377500000000000000e+02 2.315059999999999964e-47
1.380000000000000000e+02 2.313130000000000163e-47
1.382500000000000000e+02 2.311509999999999892e-47
1.385000000000000000e+02 2.309930000000000077e-47
1.387500000000000000e+02 2.308459999999999939e-47
1.390000000000000000e+02 2.306880000000000125e-47
1.392500000000000000e+02 2.305339999999999795e-47
1.395000000000000000e+02 2.304010000000000041e-47
1.397500000000000000e+02 2.302559999999999888e-47
1.400000000000000000e+02 2.301219999999999898e-47
1.402500000000000000e+02 2.299919999999999878e-47
1.405000000000000000e+02 2.298559999999999903e-47
1.407500000000000000e+02 2.297549999999999914e-47
1.410000000000000000e+02 2.296349999999999821e-47
1.412500000000000000e+02 2.295040000000000052e-47
1.415000000000000000e+02 2.293830000000000209e-47
1.417500000000000000e+02 2.292630000000000116e-47
1.420000000000000000e+02 2.291480000000000230e-47
1.422500000000000000e+02 2.290670000000000094e-47
1.425000000000000000e+02 2.289760000000000032e-47
1.427500000000000000e+02 2.288719999999999822e-47
1.430000000000000000e+02 2.287879999999999952e-47
1.432500000000000000e+02 2.287310000000000126e-47
1.435000000000000000e+02 2.286690000000000094e-47
1.437500000000000000e+02 2.285899999999999944e-47
1.440000000000000000e+02 2.285239999999999942e-47
1.442500000000000000e+02 2.284579999999999939e-47
1.445000000000000000e+02 2.284050000000000085e-47
1.447500000000000000e+02 2.283600000000000171e-47
1.450000000000000000e+02 2.283140000000000022e-47
1.452500000000000000e+02 2.282630000000000153e-47
1.455000000000000000e+02 2.281890000000000209e-47
1.457500000000000000e+02 2.281649999999999899e-47
1.460000000000000000e+02 2.281210000000000222e-47
1.462500000000000000e+02 2.281109999999999809e-47
1.465000000000000000e+02 2.280539999999999983e-47
1.467500000000000000e+02 2.280489999999999777e-47
1.470000000000000000e+02 2.280559999999999969e-47
1.472500000000000000e+02 2.280480000000000027e-47
1.475000000000000000e+02 2.280229999999999967e-47
1.477500000000000000e+02 2.279979999999999908e-47
1.480000000000000000e+02 2.279910000000000202e-47
1.482500000000000000e+02 2.279470000000000038e-47
1.485000000000000000e+02 2.279439999999999817e-47
1.487500000000000000e+02 2.279450000000000053e-47
1.490000000000000000e+02 2.279430000000000068e-47
1.492500000000000000e+02 2.279660000000000142e-47
1.495000000000000000e+02 2.279629999999999921e-47
1.497500000000000000e+02 2.279510000000000009e-47
1.500000000000000000e+02 2.279439999999999817e-47
1.502500000000000000e+02 2.279450000000000053e-47
1.505000000000000000e+02 2.279549999999999980e-47
1.507500000000000000e+02 2.279350000000000126e-47
1.510000000000000000e+02 2.279700000000000113e-47
1.512500000000000000e+02 2.279999999999999893e-47
1.515000000000000000e+02 2.280099999999999820e-47
1.517500000000000000e+02 2.280550000000000219e-47
1.520000000000000000e+02 2.280750000000000073e-47
1.522500000000000000e+02 2.280900000000000206e-47
1.525000000000000000e+02 2.281020000000000118e-47
1.527500000000000000e+02 2.281510000000000002e-47
1.530000000000000000e+02 2.282010000000000121e-47
1.532500000000000000e+02 2.282249999999999945e-47
1.535000000000000000e+02 2.282349999999999872e-47
1.537500000000000000e+02 2.283129999999999787e-47
1.540000000000000000e+02 2.283529999999999980e-47
1.542500000000000000e+02 2.284150000000000011e-47
1.545000000000000000e+02 2.284869999999999970e-47
1.547500000000000000e+02 2.285649999999999884e-47
1.550000000000000000e+02 2.286099999999999798e-47
1.552500000000000000e+02 2.286770000000000036e-47
1.555000000000000000e+02 2.287709999999999833e-47
1.557500000000000000e+02 2.288510000000000219e-47
1.560000000000000000e+02 2.289660000000000105e-47
1.562500000000000000e+02 2.290759999999999785e-47
1.565000000000000000e+02 2.291549999999999936e-47
1.567500000000000000e+02 2.292630000000000116e-47
1.570000000000000000e+02 2.293620000000000120e-47
1.572500000000000000e+02 2.294619999999999873e-47
1.575000000000000000e+02 2.295339999999999832e-47
1.577500000000000000e+02 2.296149999999999967e-47
1.580000000000000000e+02 2.297179999999999942e-47
1.582500000000000000e+02 2.298109999999999989e-47
1.585000000000000000e+02 2.299119999999999978e-47
1.587500000000000000e+02 2.300030000000000041e-47
1.590000000000000000e+02 2.301170000000000177e-47
1.592500000000000000e+02 2.302470000000000197e-47
1.595000000000000000e+02 2.303540000000000142e-47
1.597500000000000000e+02 2.304800000000000191e-47
1.600000000000000000e+02 2.305850000000000151e-47
1.602500000000000000e+02 2.307179999999999905e-47
1.605000000000000000e+02 2.309159999999999912e-47
1.607500000000000000e+02 2.310370000000000241e-47
1.610000000000000000e+02 2.311790000000000172e-47
1.612500000000000000e+02 2.312809999999999911e-47
1.615000000000000000e+02 2.314049999999999975e-47
1.617500000000000000e+02 2.315739999999999951e-47
1.620000000000000000e+02 2.317429999999999928e-47
1.622500000000000000e+02 2.318709999999999962e-47
1.625000000000000000e+02 2.320450000000000146e-47
1.627500000000000000e+02 2.322020000000000210e-47
1.630000000000000000e+02 2.323429999999999906e-47
1.632500000000000000e+02 2.324379999999999939e-47
1.635000000000000000e+02 2.325679999999999959e-47
1.637500000000000000e+02 2.327409999999999906e-47
1.640000000000000000e+02 2.329179999999999824e-47
1.642500000000000000e+02 2.331030000000000170e-47
1.645000000000000000e+02 2.332689999999999926e-47
1.647500000000000000e+02 2.334820000000000066e-47
1.650000000000000000e+02 2.337010000000000163e-47
1.652500000000000000e+02 2.338860000000000022e-47
1.655000000000000000e+02 2.340840000000000029e-47
1.657500000000000000e+02 2.342479999999999800e-47
1.660000000000000000e+02 2.344660000000000147e-47
1.662500000000000000e+02 2.346629999999999918e-47
1.665000000000000000e+02 2.348640000000000147e-47
1.667500000000000000e+02 2.350319999999999888e-47
1.670000000000000000e+02 2.352020000000000100e-47
1.672500000000000000e+02 2.353799999999999768e-47
1.675000000000000000e+02 2.356009999999999850e-47
1.677500000000000000e+02 2.358120000000000005e-47
1.680000000000000000e+02 2.360239999999999909e-47
1.682500000000000000e+02 2.362170000000000197e-47
1.685000000000000000e+02 2.364139999999999968e-47
1.687500000000000000e+02 2.366330000000000065e-47
1.690000000000000000e+02 2.368669999999999808e-47
1.692500000000000000e+02 2.370959999999999831e-47
1.695000000000000000e+02 2.373039999999999765e-47
1.697500000000000000e+02 2.374850000000000140e-47
1.700000000000000000e+02 2.376850000000000133e-47
1.702500000000000000e+02 2.378999999999999773e-47
1.705000000000000000e+02 2.381129999999999913e-47
1.707500000000000000e+02 2.383300000000000024e-47
1.710000000000000000e+02 2.385590000000000047e-47
1.712500000000000000e+02 2.387660000000000232e-47
1.715000000000000000e+02 2.389990000000000226e-47
1.717500000000000000e+02 2.392199999999999821e-47
1.720000000000000000e+02 2.394090000000000138e-47
1.722500000000000000e+02 2.396369999999999925e-47
1.725000000000000000e+02 2.398690000000000169e-47
1.727500000000000000e+02 2.400779999999999853e-47
1.730000000000000000e+02 2.403189999999999788e-47
1.732500000000000000e+02 2.405470000000000062e-47
1.735000000000000000e+02 2.408010000000000145e-47
1.737500000000000000e+02 2.410269999999999947e-47
1.740000000000000000e+02 2.412320000000000146e-47
1.742500000000000000e+02 2.414300000000000153e-47
1.745000000000000000e+02 2.416599999999999926e-47
1.747500000000000000e+02 2.418889999999999949e-47
1.750000000000000000e+02 2.420840000000000222e-47
1.752500000000000000e+02 2.422880000000000185e-47
1.755000000000000000e+02 2.425130000000000238e-47
1.757500000000000000e+02 2.427080000000000024e-47
1.760000000000000000e+02 2.429370000000000047e-47
1.762500000000000000e+02 2.431680000000000056e-47
1.765000000000000000e+02 2.433680000000000048e-47
1.767500000000000000e+02 2.435879999999999894e-47
1.770000000000000000e+02 2.438200000000000139e-47
1.772500000000000000e+02 2.440320000000000043e-47
1.775000000000000000e+02 2.442280000000000065e-47
1.777500000000000000e+02 2.444789999999999927e-47
1.780000000000000000e+02 2.447190000000000113e-47
1.782500000000000000e+02 2.449509999999999871e-47
1.785000000000000000e+02 2.451560000000000070e-47
1.787500000000000000e+02 2.453839999999999858e-47
1.790000000000000000e+02 2.456129999999999881e-47
1.792500000000000000e+02 2.457939999999999770e-47
1.795000000000000000e+02 2.460229999999999793e-47
1.797500000000000000e+02 2.462299999999999977e-47
1.800000000000000000e+02 2.464680000000000177e-47
1.802500000000000000e+02 2.467070000000000127e-47
1.805000000000000000e+02 2.469540000000000019e-47
1.807500000000000000e+02 2.471460000000000070e-47
1.810000000000000000e+02 2.473630000000000181e-47
1.812500000000000000e+02 2.475790000000000056e-47
1.815000000000000000e+02 2.477869999999999990e-47
1.817500000000000000e+02 2.479579999999999953e-47
1.820000000000000000e+02 2.481389999999999841e-47
1.822500000000000000e+02 2.483240000000000187e-47
1.825000000000000000e+02 2.485169999999999988e-47
1.827500000000000000e+02 2.486950000000000142e-47
1.830000000000000000e+02 2.488800000000000001e-47
1.832500000000000000e+02 2.490649999999999861e-47
1.835000000000000000e+02 2.492469999999999985e-47
1.837500000000000000e+02 2.494439999999999757e-47
1.840000000000000000e+02 2.496310000000000088e-47
1.842500000000000000e+02 2.498219999999999904e-47
1.845000000000000000e+02 2.500130000000000205e-47
1.847500000000000000e+02 2.501719999999999769e-47
1.850000000000000000e+02 2.503360000000000026e-47
1.852500000000000000e+02 2.505109999999999959e-47
1.855000000000000000e+02 2.507140000000000172e-47
1.857500000000000000e+02 2.508790000000000178e-47
1.860000000000000000e+02 2.510580000000000082e-47
1.862500000000000000e+02 2.512540000000000104e-47
1.865000000000000000e+02 2.513760000000000182e-47
1.867500000000000000e+02 2.514770000000000171e-47
1.870000000000000000e+02 2.515809999999999895e-47
1.872500000000000000e+02 2.516839999999999869e-47
1.875000000000000000e+02 2.518549999999999831e-47
1.877500000000000000e+02 2.519669999999999983e-47
1.880000000000000000e+02 2.521149999999999870e-47
1.882500000000000000e+02 2.522400000000000170e-47
1.885000000000000000e+02 2.524099999999999896e-47
1.887500000000000000e+02 2.524790000000000120e-47
1.890000000000000000e+02 2.526360000000000184e-47
1.892500000000000000e+02 2.527470000000000100e-47
1.895000000000000000e+02 2.528540000000000045e-47
1.897500000000000000e+02 2.529769999999999873e-47
1.900000000000000000e+02 2.530549999999999787e-47
1.902500000000000000e+02 2.531249999999999760e-47
1.905000000000000000e+02 2.532340000000000177e-47
1.907500000000000000e+02 2.533109999999999856e-47
1.910000000000000000e+02 2.533840000000000050e-47
1.912500000000000000e+02 2.534920000000000231e-47
1.915000000000000000e+02 2.535930000000000220e-47
1.917500000000000000e+02 2.536980000000000179e-47
1.920000000000000000e+02 2.537800000000000065e-47
1.922500000000000000e+02 2.538480000000000052e-47
1.925000000000000000e+02 2.538859999999999774e-47
1.927500000000000000e+02 2.539049999999999878e-47
1.930000000000000000e+02 2.539510000000000027e-47
1.932500000000000000e+02 2.540119999999999823e-47
1.935000000000000000e+02 2.540659999999999913e-47
1.937500000000000000e+02 2.541219999999999989e-47
1.940000000000000000e+02 2.541540000000000240e-47
1.942500000000000000e+02 2.542070000000000095e-47
1.945000000000000000e+02 2.541749999999999843e-47
1.947500000000000000e+02 2.541910000000000212e-47
1.950000000000000000e+02 2.541580000000000211e-47
1.952500000000000000e+02 2.541589999999999961e-47
1.955000000000000000e+02 2.541800000000000050e-47
1.957500000000000000e+02 2.542079999999999845e-47
1.960000000000000000e+02 2.542619999999999935e-47
1.962500000000000000e+02 2.543140000000000040e-47
1.965000000000000000e+02 2.542940000000000187e-47
1.967500000000000000e+02 2.542570000000000215e-47
1.970000000000000000e+02 2.542489999999999787e-47
1.972500000000000000e+02 2.542079999999999845e-47
1.975000000000000000e+02 2.541589999999999961e-47
1.977500000000000000e+02 2.540949999999999944e-47
1.980000000000000000e+02 2.540619999999999942e-47
1.982500000000000000e+02 2.539869999999999763e-47
1.985000000000000000e+02 2.538799999999999818e-47
1.987500000000000000e+02 2.538469999999999817e-47
1.990000000000000000e+02 2.537910000000000227e-47
1.992500000000000000e+02 2.536730000000000120e-47
1.995000000000000000e+02 2.535749999999999865e-47
1.997500000000000000e+02 2.534509999999999802e-47
2.000000000000000000e+02 2.533939999999999977e-47
2.002500000000000000e+02 2.533009999999999929e-47
2.005000000000000000e+02 2.531760000000000116e-47
2.007500000000000000e+02 2.530549999999999787e-47
2.010000000000000000e+02 2.529200000000000048e-47
2.012500000000000000e+02 2.527660000000000204e-47
2.015000000000000000e+02 2.526039999999999933e-47
2.017500000000000000e+02 2.524750000000000149e-47
2.020000000000000000e+02 2.523189999999999834e-47
2.022500000000000000e+02 2.521459999999999886e-47
2.025000000000000000e+02 2.520369999999999956e-47
2.027500000000000000e+02 2.518369999999999963e-47
2.030000000000000000e+02 2.516710000000000208e-47
2.032500000000000000e+02 2.514910000000000068e-47
2.035000000000000000e+02 2.513249999999999827e-47
2.037500000000000000e+02 2.511390000000000217e-47
2.040000000000000000e+02 2.509430000000000195e-47
2.042500000000000000e+02 2.507590000000000086e-47
2.045000000000000000e+02 2.505610000000000078e-47
2.047500000000000000e+02 2.503630000000000071e-47
2.050000000000000000e+02 2.501209999999999900e-47
2.052500000000000000e+02 2.499030000000000039e-47
2.055000000000000000e+02 2.496629999999999854e-47
2.057500000000000000e+02 2.493969999999999858e-47
2.060000000000000000e+02 2.491550000000000174e-47
2.062500000000000000e+02 2.489059999999999811e-47
2.065000000000000000e+02 2.486299999999999889e-47
2.067500000000000000e+02 2.483380000000000084e-47
2.070000000000000000e+02 2.480359999999999867e-47
2.072500000000000000e+02 2.477300000000000165e-47
2.075000000000000000e+02 2.474230000000000227e-47
2.077500000000000000e+02 2.471019999999999906e-47
2.080000000000000000e+02 2.468129999999999837e-47
2.082500000000000000e+02 2.465099999999999870e-47
2.085000000000000000e+02 2.461480000000000092e-47
2.087500000000000000e+02 2.457870000000000064e-47
2.090000000000000000e+02 2.454180000000000094e-47
2.092500000000000000e+02 2.450869999999999847e-47
2.095000000000000000e+02 2.447030000000000230e-47
2.097500000000000000e+02 2.443139999999999921e-47
2.100000000000000000e+02 2.438719999999999757e-47
2.102500000000000000e+02 2.434039999999999784e-47
2.105000000000000000e+02 2.429859999999999931e-47
2.107500000000000000e+02 2.425769999999999769e-47
2.110000000000000000e+02 2.421729999999999813e-47
2.112500000000000000e+02 2.417069999999999825e-47
2.115000000000000000e+02 2.412690000000000118e-47
2.117500000000000000e+02 2.407640000000000173e-47
2.120000000000000000e+02 2.403040000000000141e-47
2.122500000000000000e+02 2.398590000000000243e-47
2.125000000000000000e+02 2.394320000000000212e-47
2.127500000000000000e+02 2.389640000000000239e-47
2.130000000000000000e+02 2.384299999999999777e-47
2.132500000000000000e+02 2.378950000000000052e-47
2.135000000000000000e+02 2.373410000000000223e-47
2.137500000000000000e+02 2.368099999999999983e-47
2.140000000000000000e+02 2.362640000000000095e-47
2.142500000000000000e+02 2.356709999999999823e-47
2.145000000000000000e+02 2.350729999999999830e-47
2.147500000000000000e+02 2.345130000000000045e-47
2.150000000000000000e+02 2.339090000000000097e-47
2.152500000000000000e+02 2.332760000000000117e-47
2.155000000000000000e+02 2.326620000000000242e-47
2.157500000000000000e+02 2.319910000000000055e-47
2.160000000000000000e+02 2.313150000000000148e-47
2.162500000000000000e+02 2.306430000000000212e-47
2.165000000000000000e+02 2.299609999999999862e-47
2.167500000000000000e+02 2.292679999999999837e-47
2.170000000000000000e+02 2.285709999999999840e-47
2.172500000000000000e+02 2.279020000000000125e-47
2.175000000000000000e+02 2.271999999999999922e-47
2.177500000000000000e+02 2.264949999999999985e-47
2.180000000000000000e+02 2.257430000000000148e-47
2.182500000000000000e+02 2.249889999999999841e-47
2.185000000000000000e+02 2.242500000000000152e-47
2.187500000000000000e+02 2.234999999999999815e-47
2.190000000000000000e+02 2.227429999999999772e-47
2.192500000000000000e+02 2.219719999999999832e-47
2.195000000000000000e+02 2.211989999999999907e-47
2.197500000000000000e+02 2.204109999999999848e-47
2.200000000000000000e+02 2.196240000000000026e-47
2.202500000000000000e+02 2.187940000000000032e-47
2.205000000000000000e+02 2.179739999999999965e-47
2.207500000000000000e+02 2.171290000000000081e-47
2.210000000000000000e+02 2.163169999999999955e-47
2.212500000000000000e+02 2.154489999999999996e-47
2.215000000000000000e+02 2.145700000000000119e-47
2.217500000000000000e+02 2.136679999999999923e-47
2.220000000000000000e+02 2.127830000000000090e-47
2.222500000000000000e+02 2.118880000000000086e-47
2.225000000000000000e+02 2.110350000000000018e-47
2.227500000000000000e+02 2.101590000000000118e-47
2.230000000000000000e+02 2.092660000000000100e-47
2.232500000000000000e+02 2.083800000000000030e-47
2.235000000000000000e+02 2.074689999999999901e-47
2.237500000000000000e+02 2.065309999999999969e-47
2.240000000000000000e+02 2.055560000000000066e-47
2.242500000000000000e+02 2.045920000000000082e-47
2.245000000000000000e+02 2.035869999999999912e-47
2.247500000000000000e+02 2.025980000000000111e-47
2.250000000000000000e+02 2.015959999999999919e-47
2.252500000000000000e+02 2.005760000000000103e-47
2.255000000000000000e+02 1.995610000000000006e-47
2.257500000000000000e+02 1.985679999999999992e-47
2.260000000000000000e+02 1.975439999999999961e-47
2.262500000000000000e+02 1.965370000000000049e-47
2.265000000000000000e+02 1.955070000000000063e-47
2.267500000000000000e+02 1.944430000000000082e-47
2.270000000000000000e+02 1.933590000000000005e-47
2.272500000000000000e+02 1.922699999999999965e-47
2.275000000000000000e+02 1.912089999999999963e-47
2.277500000000000000e+02 1.901529999999999924e-47
2.280000000000000000e+02 1.890360000000000089e-47
2.282500000000000000e+02 1.879209999999999996e-47
2.285000000000000000e+02 1.868130000000000095e-47
2.287500000000000000e+02 1.857260000000000040e-47
2.290000000000000000e+02 1.846389999999999985e-47
2.292500000000000000e+02 1.835020000000000054e-47
2.295000000000000000e+02 1.823790000000000020e-47
2.297500000000000000e+02 1.812619999999999942e-47
2.300000000000000000e+02 1.801369999999999922e-47
2.302500000000000000e+02 1.790280000000000028e-47
2.305000000000000000e+02 1.778970000000000053e-47
2.307500000000000000e+02 1.767760000000000004e-47
2.310000000000000000e+02 1.756020000000000101e-47
2.312500000000000000e+02 1.744730000000000111e-47
2.315000000000000000e+02 1.733409999999999899e-47
2.317500000000000000e+02 1.721699999999999974e-47
2.320000000000000000e+02 1.710479999999999933e-47
2.322500000000000000e+02 1.698970000000000104e-47
2.325000000000000000e+02 1.687599999999999929e-47
2.327500000000000000e+02 1.675949999999999960e-47
2.330000000000000000e+02 1.664109999999999886e-47
2.332500000000000000e+02 1.652449999999999924e-47
2.335000000000000000e+02 1.640789999999999962e-47
2.337500000000000000e+02 1.629249999999999912e-47
2.340000000000000000e+02 1.617229999999999971e-47
2.342500000000000000e+02 1.605770000000000106e-47
2.345000000000000000e+02 1.594359999999999960e-47
2.347500000000000000e+02 1.582600000000000072e-47
2.350000000000000000e+02 1.570789999999999976e-47
2.352500000000000000e+02 1.559130000000000014e-47
2.355000000000000000e+02 1.547659999999999913e-47
2.357500000000000000e+02 1.536180000000000062e-47
2.360000000000000000e+02 1.524389999999999952e-47
2.362500000000000000e+02 1.512549999999999879e-47
2.365000000000000000e+02 1.500420000000000018e-47
2.367500000000000000e+02 1.488979999999999895e-47
2.370000000000000000e+02 1.477090000000000102e-47
2.372500000000000000e+02 1.465160000000000094e-47
2.375000000000000000e+02 1.453190000000000116e-47
2.377500000000000000e+02 1.441640000000000074e-47
2.380000000000000000e+02 1.429919999999999913e-47
2.382500000000000000e+02 1.418269999999999943e-47
2.385000000000000000e+02 1.406699999999999915e-47
2.387500000000000000e+02 1.394620000000000018e-47
2.390000000000000000e+02 1.382869999999999879e-47
2.392500000000000000e+02 1.371169999999999946e-47
2.395000000000000000e+02 1.359370000000000087e-47
2.397500000000000000e+02 1.347229999999999990e-47
2.400000000000000000e+02 1.335900000000000029e-47
2.402500000000000000e+02 1.324300000000000023e-47
2.405000000000000000e+02 1.312970000000000062e-47
2.407500000000000000e+02 1.301430000000000012e-47
2.410000000000000000e+02 1.289669999999999881e-47
2.412500000000000000e+02 1.277959999999999955e-47
2.415000000000000000e+02 1.266719999999999928e-47
2.417500000000000000e+02 1.255260000000000063e-47
2.420000000000000000e+02 1.243600000000000101e-47
2.422500000000000000e+02 1.232159999999999978e-47
2.425000000000000000e+02 1.220599999999999942e-47
2.427500000000000000e+02 1.209059999999999892e-47
2.430000000000000000e+02 1.197659999999999983e-47
2.432500000000000000e+02 1.186330000000000022e-47
2.435000000000000000e+02 1.175139999999999958e-47
2.437500000000000000e+02 1.164020000000000087e-47
2.440000000000000000e+02 1.152810000000000038e-47
2.442500000000000000e+02 1.141369999999999915e-47
2.445000000000000000e+02 1.129880000000000071e-47
2.447500000000000000e+02 1.118089999999999961e-47
2.450000000000000000e+02 1.106569999999999897e-47
2.452500000000000000e+02 1.094969999999999891e-47
2.455000000000000000e+02 1.083700000000000007e-47
2.457500000000000000e+02 1.072819999999999960e-47
2.460000000000000000e+02 1.061659999999999996e-47
2.462500000000000000e+02 1.050389999999999991e-47
2.465000000000000000e+02 1.038989999999999960e-47
2.467500000000000000e+02 1.027980000000000008e-47
2.470000000000000000e+02 1.016789999999999944e-47
2.472500000000000000e+02 1.005669999999999951e-47
2.475000000000000000e+02 9.949689999999999668e-48
2.477500000000000000e+02 9.842770000000000489e-48
2.480000000000000000e+02 9.735559999999999577e-48
2.482500000000000000e+02 9.627820000000000026e-48
2.485000000000000000e+02 9.523569999999999862e-48
2.487500000000000000e+02 9.423420000000000339e-48
2.490000000000000000e+02 9.327170000000000389e-48
2.492500000000000000e+02 9.231020000000000365e-48
2.495000000000000000e+02 9.129210000000000357e-48
2.497500000000000000e+02 9.030880000000000473e-48
2.500000000000000000e+02 8.932759999999999705e-48
2.502500000000000000e+02 8.832979999999999668e-48
2.505000000000000000e+02 8.729319999999999801e-48
2.507500000000000000e+02 8.631519999999999771e-48
2.510000000000000000e+02 8.536010000000000007e-48
2.512500000000000000e+02 8.446440000000000266e-48
2.515000000000000000e+02 8.358039999999999424e-48
2.517500000000000000e+02 8.265240000000000591e-48
2.520000000000000000e+02 8.178120000000000269e-48
2.522500000000000000e+02 8.088420000000000380e-48
2.525000000000000000e+02 7.998180000000000157e-48
2.527500000000000000e+02 7.907310000000000152e-48
2.530000000000000000e+02 7.821659999999999726e-48
2.532500000000000000e+02 7.738959999999999567e-48
2.535000000000000000e+02 7.656039999999999813e-48
2.537500000000000000e+02 7.572929999999999470e-48
2.540000000000000000e+02 7.492790000000000352e-48
2.542500000000000000e+02 7.415999999999999995e-48
2.545000000000000000e+02 7.336990000000000292e-48
2.547500000000000000e+02 7.262169999999999463e-48
2.550000000000000000e+02 7.187690000000000330e-48
2.552500000000000000e+02 7.110609999999999456e-48
