0.000000000000000000e+00 5.000000000000000000e-01
2.500000000000000000e-01 5.000000000000000000e-01
5.000000000000000000e-01 5.000000000000000000e-01
7.500000000000000000e-01 5.000000000000000000e-01
1.000000000000000000e+00 5.000000000000000000e-01
1.250000000000000000e+00 5.000000000000000000e-01
1.500000000000000000e+00 5.000000000000000000e-01
1.750000000000000000e+00 5.000000000000000000e-01
2.000000000000000000e+00 5.000000000000000000e-01
2.250000000000000000e+00 5.000000000000000000e-01
2.500000000000000000e+00 5.000000000000000000e-01
2.750000000000000000e+00 5.000000000000000000e-01
3.000000000000000000e+00 5.000000000000000000e-01
3.250000000000000000e+00 5.000000000000000000e-01
3.500000000000000000e+00 5.000000000000000000e-01
3.750000000000000000e+00 5.000000000000000000e-01
4.000000000000000000e+00 5.000000000000000000e-01
4.250000000000000000e+00 5.000000000000000000e-01
4.500000000000000000e+00 5.000000000000000000e-01
4.750000000000000000e+00 5.000000000000000000e-01
5.000000000000000000e+00 5.000000000000000000e-01
5.250000000000000000e+00 5.000000000000000000e-01
5.500000000000000000e+00 5.000000000000000000e-01
5.750000000000000000e+00 5.000000000000000000e-01
6.000000000000000000e+00 5.000000000000000000e-01
6.250000000000000000e+00 5.000000000000000000e-01
6.500000000000000000e+00 5.000000000000000000e-01
6.750000000000000000e+00 5.000000000000000000e-01
7.000000000000000000e+00 5.000000000000000000e-01
7.250000000000000000e+00 5.000000000000000000e-01
7.500000000000000000e+00 5.000000000000000000e-01
7.750000000000000000e+00 5.000000000000000000e-01
8.000000000000000000e+00 5.000000000000000000e-01
8.250000000000000000e+00 5.000000000000000000e-01
8.500000000000000000e+00 5.000000000000000000e-01
8.750000000000000000e+00 5.000000000000000000e-01
9.000000000000000000e+00 5.000000000000000000e-01
9.250000000000000000e+00 5.000000000000000000e-01
9.500000000000000000e+00 5.000000000000000000e-01
9.750000000000000000e+00 5.000000000000000000e-01
1.000000000000000000e+01 5.000000000000000000e-01
1.025000000000000000e+01 5.000000000000000000e-01
1.050000000000000000e+01 5.000000000000000000e-01
1.075000000000000000e+01 5.000000000000000000e-01
1.100000000000000000e+01 5.000000000000000000e-01
1.125000000000000000e+01 5.000000000000000000e-01
1.150000000000000000e+01 5.000000000000000000e-01
1.175000000000000000e+01 5.000000000000000000e-01
1.200000000000000000e+01 5.000000000000000000e-01
1.225000000000000000e+01 5.000000000000000000e-01
1.250000000000000000e+01 5.000000000000000000e-01
1.275000000000000000e+01 5.000000000000000000e-01
1.300000000000000000e+01 5.000000000000000000e-01
1.325000000000000000e+01 5.000000000000000000e-01
1.350000000000000000e+01 5.000000000000000000e-01
1.375000000000000000e+01 5.000000000000000000e-01
1.400000000000000000e+01 5.000000000000000000e-01
1.425000000000000000e+01 5.000000000000000000e-01
1.450000000000000000e+01 5.000000000000000000e-01
1.475000000000000000e+01 5.000000000000000000e-01
1.500000000000000000e+01 5.000000000000000000e-01
1.525000000000000000e+01 5.000000000000000000e-01
1.550000000000000000e+01 5.000000000000000000e-01
1.575000000000000000e+01 5.000000000000000000e-01
1.600000000000000000e+01 4.052470000000000288e-42
1.625000000000000000e+01 3.343430000000000308e-42
1.650000000000000000e+01 2.758790000000000155e-42
1.675000000000000000e+01 2.272570000000000143e-42
1.700000000000000000e+01 1.869700000000000155e-42
1.725000000000000000e+01 1.540780000000000002e-42
1.750000000000000000e+01 1.269320000000000059e-42
1.775000000000000000e+01 1.047869999999999973e-42
1.800000000000000000e+01 8.649330000000000075e-43
1.825000000000000000e+01 7.143070000000000356e-43
1.850000000000000000e+01 5.921150000000000031e-43
1.875000000000000000e+01 4.940830000000000172e-43
1.900000000000000000e+01 4.126299999999999867e-43
1.925000000000000000e+01 3.455499999999999940e-43
1.950000000000000000e+01 2.907590000000000140e-43
1.975000000000000000e+01 2.453389999999999806e-43
2.000000000000000000e+01 2.079739999999999928e-43
2.025000000000000000e+01 1.766470000000000005e-43
2.050000000000000000e+01 1.505929999999999934e-43
2.075000000000000000e+01 1.287660000000000063e-43
2.100000000000000000e+01 1.103590000000000076e-43
2.125000000000000000e+01 9.476480000000000394e-44
2.150000000000000000e+01 8.165110000000000443e-44
2.175000000000000000e+01 7.052589999999999858e-44
2.200000000000000000e+01 6.110540000000000474e-44
2.225000000000000000e+01 5.315919999999999760e-44
2.250000000000000000e+01 4.643570000000000327e-44
2.275000000000000000e+01 4.073770000000000240e-44
2.300000000000000000e+01 3.587250000000000208e-44
2.325000000000000000e+01 3.173219999999999800e-44
2.350000000000000000e+01 2.816949999999999840e-44
2.375000000000000000e+01 2.510330000000000088e-44
2.400000000000000000e+01 2.248350000000000009e-44
2.425000000000000000e+01 2.025689999999999993e-44
2.450000000000000000e+01 1.843389999999999948e-44
2.475000000000000000e+01 1.682719999999999928e-44
2.500000000000000000e+01 1.532100000000000124e-44
2.525000000000000000e+01 1.389089999999999999e-44
2.550000000000000000e+01 1.253489999999999925e-44
2.575000000000000000e+01 1.133590000000000008e-44
2.600000000000000000e+01 1.030969999999999997e-44
2.625000000000000000e+01 9.460360000000000471e-45
2.650000000000000000e+01 8.709959999999999415e-45
2.675000000000000000e+01 8.054310000000000021e-45
2.700000000000000000e+01 7.467800000000000262e-45
2.725000000000000000e+01 6.941200000000000435e-45
2.750000000000000000e+01 6.460489999999999947e-45
2.775000000000000000e+01 6.035090000000000235e-45
2.800000000000000000e+01 5.646909999999999517e-45
2.825000000000000000e+01 5.294049999999999709e-45
2.850000000000000000e+01 4.972129999999999802e-45
2.875000000000000000e+01 4.683770000000000073e-45
2.900000000000000000e+01 4.419769999999999720e-45
2.925000000000000000e+01 4.178380000000000132e-45
2.950000000000000000e+01 3.959569999999999922e-45
2.975000000000000000e+01 3.757449999999999993e-45
3.000000000000000000e+01 3.570929999999999910e-45
3.025000000000000000e+01 3.400039999999999816e-45
3.050000000000000000e+01 3.242070000000000247e-45
3.075000000000000000e+01 3.097960000000000302e-45
3.100000000000000000e+01 2.962999999999999884e-45
3.125000000000000000e+01 2.837940000000000086e-45
3.150000000000000000e+01 2.724610000000000003e-45
3.175000000000000000e+01 2.615829999999999980e-45
3.200000000000000000e+01 2.518550000000000026e-45
3.225000000000000000e+01 2.428660000000000110e-45
3.250000000000000000e+01 2.344879999999999927e-45
3.275000000000000000e+01 2.267940000000000059e-45
3.300000000000000000e+01 2.196140000000000060e-45
3.325000000000000000e+01 2.131479999999999942e-45
3.350000000000000000e+01 2.070280000000000070e-45
3.375000000000000000e+01 2.010270000000000074e-45
3.400000000000000000e+01 1.953389999999999991e-45
3.425000000000000000e+01 1.900650000000000083e-45
3.450000000000000000e+01 1.852260000000000107e-45
3.475000000000000000e+01 1.805610000000000043e-45
3.500000000000000000e+01 1.760869999999999871e-45
3.525000000000000000e+01 1.718429999999999901e-45
3.550000000000000000e+01 1.678790000000000134e-45
3.575000000000000000e+01 1.640799999999999848e-45
3.600000000000000000e+01 1.602959999999999968e-45
3.625000000000000000e+01 1.568209999999999913e-45
3.650000000000000000e+01 1.534009999999999893e-45
3.675000000000000000e+01 1.501409999999999944e-45
3.700000000000000000e+01 1.469999999999999872e-45
3.725000000000000000e+01 1.439499999999999999e-45
3.750000000000000000e+01 1.410029999999999964e-45
3.775000000000000000e+01 1.381499999999999959e-45
3.800000000000000000e+01 1.354370000000000056e-45
3.825000000000000000e+01 1.327909999999999983e-45
3.850000000000000000e+01 1.300930000000000019e-45
3.875000000000000000e+01 1.274779999999999923e-45
3.900000000000000000e+01 1.248730000000000046e-45
3.925000000000000000e+01 1.223999999999999939e-45
3.950000000000000000e+01 1.199620000000000053e-45
3.975000000000000000e+01 1.176660000000000001e-45
4.000000000000000000e+01 1.154180000000000065e-45
4.025000000000000000e+01 1.132640000000000003e-45
4.050000000000000000e+01 1.110899999999999971e-45
4.075000000000000000e+01 1.089989999999999962e-45
4.100000000000000000e+01 1.070460000000000012e-45
4.125000000000000000e+01 1.051150000000000076e-45
4.150000000000000000e+01 1.032280000000000011e-45
4.175000000000000000e+01 1.013709999999999980e-45
4.200000000000000000e+01 9.961830000000000251e-46
4.225000000000000000e+01 9.794710000000000223e-46
4.250000000000000000e+01 9.638039999999999294e-46
4.275000000000000000e+01 9.483760000000000550e-46
4.300000000000000000e+01 9.333090000000000280e-46
4.325000000000000000e+01 9.190059999999999271e-46
4.350000000000000000e+01 9.057049999999999767e-46
4.375000000000000000e+01 8.932989999999999974e-46
4.400000000000000000e+01 8.822820000000000260e-46
4.425000000000000000e+01 8.724719999999999915e-46
4.450000000000000000e+01 8.652769999999999511e-46
4.475000000000000000e+01 8.605110000000000118e-46
4.500000000000000000e+01 8.598209999999999828e-46
4.525000000000000000e+01 8.644999999999999420e-46
4.550000000000000000e+01 8.765679999999999453e-46
4.575000000000000000e+01 8.974060000000000453e-46
4.600000000000000000e+01 9.337719999999999268e-46
4.625000000000000000e+01 9.909599999999999979e-46
4.650000000000000000e+01 1.080419999999999985e-45
4.675000000000000000e+01 1.219769999999999957e-45
4.700000000000000000e+01 1.433169999999999942e-45
4.725000000000000000e+01 1.759239999999999967e-45
4.750000000000000000e+01 2.257090000000000086e-45
4.775000000000000000e+01 3.006329999999999854e-45
4.800000000000000000e+01 4.114889999999999692e-45
4.825000000000000000e+01 5.411689999999999948e-45
4.850000000000000000e+01 6.229660000000000398e-45
4.875000000000000000e+01 6.768770000000000244e-45
4.900000000000000000e+01 7.054219999999999763e-45
4.925000000000000000e+01 7.053390000000000361e-45
4.950000000000000000e+01 6.755140000000000268e-45
4.975000000000000000e+01 6.242529999999999649e-45
5.000000000000000000e+01 5.539130000000000121e-45
5.025000000000000000e+01 4.508840000000000178e-45
5.050000000000000000e+01 3.265090000000000275e-45
5.075000000000000000e+01 2.361239999999999877e-45
5.100000000000000000e+01 1.763189999999999960e-45
5.125000000000000000e+01 1.366780000000000013e-45
5.150000000000000000e+01 1.103930000000000072e-45
5.175000000000000000e+01 9.265099999999999501e-46
5.200000000000000000e+01 8.086279999999999760e-46
5.225000000000000000e+01 7.279470000000000348e-46
5.250000000000000000e+01 6.710759999999999794e-46
5.275000000000000000e+01 6.301940000000000045e-46
5.300000000000000000e+01 6.002010000000000172e-46
5.325000000000000000e+01 5.777229999999999913e-46
5.350000000000000000e+01 5.600969999999999680e-46
5.375000000000000000e+01 5.460430000000000299e-46
5.400000000000000000e+01 5.347860000000000009e-46
5.425000000000000000e+01 5.255029999999999740e-46
5.450000000000000000e+01 5.174430000000000279e-46
5.475000000000000000e+01 5.099910000000000251e-46
5.500000000000000000e+01 5.035280000000000122e-46
5.525000000000000000e+01 4.970789999999999986e-46
5.550000000000000000e+01 4.915170000000000011e-46
5.575000000000000000e+01 4.862590000000000141e-46
5.600000000000000000e+01 4.813110000000000040e-46
5.625000000000000000e+01 4.764000000000000204e-46
5.650000000000000000e+01 4.716129999999999653e-46
5.675000000000000000e+01 4.670499999999999793e-46
5.700000000000000000e+01 4.625739999999999734e-46
5.725000000000000000e+01 4.583429999999999970e-46
5.750000000000000000e+01 4.543040000000000354e-46
5.775000000000000000e+01 4.504250000000000343e-46
5.800000000000000000e+01 4.469599999999999729e-46
5.825000000000000000e+01 4.434610000000000239e-46
5.850000000000000000e+01 4.403350000000000106e-46
5.875000000000000000e+01 4.376319999999999644e-46
5.900000000000000000e+01 4.356259999999999858e-46
5.925000000000000000e+01 4.344210000000000377e-46
5.950000000000000000e+01 4.344469999999999700e-46
5.975000000000000000e+01 4.360129999999999987e-46
6.000000000000000000e+01 4.396210000000000380e-46
6.025000000000000000e+01 4.464350000000000319e-46
6.050000000000000000e+01 4.563510000000000179e-46
6.075000000000000000e+01 4.709630000000000236e-46
6.100000000000000000e+01 4.959809999999999964e-46
6.125000000000000000e+01 5.373700000000000128e-46
6.150000000000000000e+01 6.208480000000000189e-46
6.175000000000000000e+01 7.740919999999999687e-46
6.200000000000000000e+01 1.175469999999999969e-45
6.225000000000000000e+01 2.276000000000000083e-45
6.250000000000000000e+01 4.570210000000000033e-45
6.275000000000000000e+01 1.373650000000000005e-45
6.300000000000000000e+01 8.162050000000000573e-46
6.325000000000000000e+01 6.059970000000000280e-46
6.350000000000000000e+01 5.108899999999999739e-46
6.375000000000000000e+01 4.583550000000000076e-46
6.400000000000000000e+01 4.255899999999999711e-46
6.425000000000000000e+01 4.037009999999999949e-46
6.450000000000000000e+01 3.887989999999999781e-46
6.475000000000000000e+01 3.784180000000000267e-46
6.500000000000000000e+01 3.703069999999999770e-46
6.525000000000000000e+01 3.640109999999999632e-46
6.550000000000000000e+01 3.590889999999999633e-46
6.575000000000000000e+01 3.548910000000000355e-46
6.600000000000000000e+01 3.514939999999999826e-46
6.625000000000000000e+01 3.483029999999999829e-46
6.650000000000000000e+01 3.454620000000000087e-46
6.675000000000000000e+01 3.428810000000000189e-46
6.700000000000000000e+01 3.404580000000000008e-46
6.725000000000000000e+01 3.382530000000000077e-46
6.750000000000000000e+01 3.361260000000000060e-46
6.775000000000000000e+01 3.339920000000000046e-46
6.800000000000000000e+01 3.319579999999999882e-46
6.825000000000000000e+01 3.299769999999999865e-46
6.850000000000000000e+01 3.280190000000000117e-46
6.875000000000000000e+01 3.261630000000000107e-46
6.900000000000000000e+01 3.243470000000000194e-46
6.925000000000000000e+01 3.225890000000000146e-46
6.950000000000000000e+01 3.207890000000000115e-46
6.975000000000000000e+01 3.190609999999999945e-46
7.000000000000000000e+01 3.174520000000000119e-46
7.025000000000000000e+01 3.158429999999999903e-46
7.050000000000000000e+01 3.143030000000000105e-46
7.075000000000000000e+01 3.126080000000000034e-46
7.100000000000000000e+01 3.110640000000000071e-46
7.125000000000000000e+01 3.094910000000000175e-46
7.150000000000000000e+01 3.079480000000000156e-46
7.175000000000000000e+01 3.063650000000000042e-46
7.200000000000000000e+01 3.048700000000000060e-46
7.225000000000000000e+01 3.034090000000000121e-46
7.250000000000000000e+01 3.019640000000000065e-46
7.275000000000000000e+01 3.005370000000000168e-46
7.300000000000000000e+01 2.992730000000000098e-46
7.325000000000000000e+01 2.978900000000000074e-46
7.350000000000000000e+01 2.966219999999999838e-46
7.375000000000000000e+01 2.952519999999999864e-46
7.400000000000000000e+01 2.939099999999999879e-46
7.425000000000000000e+01 2.925269999999999855e-46
7.450000000000000000e+01 2.912609999999999896e-46
7.475000000000000000e+01 2.899749999999999890e-46
7.500000000000000000e+01 2.887600000000000190e-46
7.525000000000000000e+01 2.875559999999999874e-46
7.550000000000000000e+01 2.863789999999999993e-46
7.575000000000000000e+01 2.851620000000000016e-46
7.600000000000000000e+01 2.840459999999999833e-46
7.625000000000000000e+01 2.828590000000000122e-46
7.650000000000000000e+01 2.817019999999999900e-46
7.675000000000000000e+01 2.805530000000000008e-46
7.700000000000000000e+01 2.795189999999999905e-46
7.725000000000000000e+01 2.785280000000000118e-46
7.750000000000000000e+01 2.775220000000000005e-46
7.775000000000000000e+01 2.763979999999999881e-46
7.800000000000000000e+01 2.753669999999999999e-46
7.825000000000000000e+01 2.743539999999999888e-46
7.850000000000000000e+01 2.733420000000000110e-46
7.875000000000000000e+01 2.723439999999999937e-46
7.900000000000000000e+01 2.713320000000000159e-46
7.925000000000000000e+01 2.703089999999999830e-46
7.950000000000000000e+01 2.692509999999999902e-46
7.975000000000000000e+01 2.683170000000000039e-46
8.000000000000000000e+01 2.674029999999999834e-46
8.025000000000000000e+01 2.664610000000000029e-46
8.050000000000000000e+01 2.653700000000000004e-46
8.075000000000000000e+01 2.644469999999999914e-46
8.100000000000000000e+01 2.635719999999999861e-46
8.125000000000000000e+01 2.627789999999999887e-46
8.150000000000000000e+01 2.620569999999999831e-46
8.175000000000000000e+01 2.612790000000000185e-46
8.200000000000000000e+01 2.605630000000000183e-46
8.225000000000000000e+01 2.600329999999999886e-46
8.250000000000000000e+01 2.598239999999999911e-46
8.275000000000000000e+01 2.604649999999999831e-46
8.300000000000000000e+01 2.627970000000000047e-46
8.325000000000000000e+01 2.716839999999999913e-46
8.350000000000000000e+01 2.611869999999999887e-46
8.375000000000000000e+01 2.569669999999999896e-46
8.400000000000000000e+01 2.541719999999999914e-46
8.425000000000000000e+01 2.525859999999999967e-46
8.450000000000000000e+01 2.512039999999999887e-46
8.475000000000000000e+01 2.500450000000000165e-46
8.500000000000000000e+01 2.489210000000000041e-46
8.525000000000000000e+01 2.478550000000000173e-46
8.550000000000000000e+01 2.468599999999999832e-46
8.575000000000000000e+01 2.460070000000000104e-46
8.600000000000000000e+01 2.451199999999999945e-46
8.625000000000000000e+01 2.443549999999999961e-46
8.650000000000000000e+01 2.436170000000000022e-46
8.675000000000000000e+01 2.428139999999999830e-46
8.700000000000000000e+01 2.419649999999999879e-46
8.725000000000000000e+01 2.410969999999999823e-46
8.750000000000000000e+01 2.402179999999999994e-46
8.775000000000000000e+01 2.392459999999999922e-46
8.800000000000000000e+01 2.383450000000000157e-46
8.825000000000000000e+01 2.373969999999999910e-46
8.850000000000000000e+01 2.365540000000000012e-46
8.875000000000000000e+01 2.356109999999999874e-46
8.900000000000000000e+01 2.347259999999999991e-46
8.925000000000000000e+01 2.338169999999999896e-46
8.950000000000000000e+01 2.330029999999999930e-46
8.975000000000000000e+01 2.322210000000000120e-46
9.000000000000000000e+01 2.313940000000000104e-46
9.025000000000000000e+01 2.305989999999999853e-46
9.050000000000000000e+01 2.298430000000000144e-46
9.075000000000000000e+01 2.290879999999999989e-46
9.100000000000000000e+01 2.283410000000000165e-46
9.125000000000000000e+01 2.275980000000000117e-46
9.150000000000000000e+01 2.268569999999999957e-46
9.175000000000000000e+01 2.260560000000000042e-46
9.200000000000000000e+01 2.252939999999999890e-46
9.225000000000000000e+01 2.246010000000000156e-46
9.250000000000000000e+01 2.238440000000000114e-46
9.275000000000000000e+01 2.231249999999999890e-46
9.300000000000000000e+01 2.223780000000000065e-46
9.325000000000000000e+01 2.216099999999999860e-46
9.350000000000000000e+01 2.208900000000000081e-46
9.375000000000000000e+01 2.201639999999999860e-46
9.400000000000000000e+01 2.194590000000000019e-46
9.425000000000000000e+01 2.187570000000000011e-46
9.450000000000000000e+01 2.180820000000000048e-46
9.475000000000000000e+01 2.174169999999999915e-46
9.500000000000000000e+01 2.167159999999999850e-46
9.525000000000000000e+01 2.160360000000000167e-46
9.550000000000000000e+01 2.154149999999999905e-46
9.575000000000000000e+01 2.147549999999999881e-46
9.600000000000000000e+01 2.141240000000000179e-46
9.625000000000000000e+01 2.134640000000000154e-46
9.650000000000000000e+01 2.129319999999999970e-46
9.675000000000000000e+01 2.124300000000000051e-46
9.700000000000000000e+01 2.119169999999999971e-46
9.725000000000000000e+01 2.115559999999999943e-46
9.750000000000000000e+01 2.113839999999999842e-46
9.775000000000000000e+01 2.114770000000000084e-46
9.800000000000000000e+01 2.118769999999999875e-46
9.825000000000000000e+01 2.124739999999999923e-46
9.850000000000000000e+01 2.134959999999999920e-46
9.875000000000000000e+01 2.156610000000000144e-46
9.900000000000000000e+01 2.192579999999999985e-46
9.925000000000000000e+01 2.274149999999999854e-46
9.950000000000000000e+01 2.507599999999999835e-46
9.975000000000000000e+01 4.551729999999999965e-46
1.000000000000000000e+02 2.016080000000000053e-44
1.002500000000000000e+02 6.052259999999999854e-46
1.005000000000000000e+02 2.558730000000000039e-46
1.007500000000000000e+02 2.239970000000000110e-46
1.010000000000000000e+02 2.143929999999999909e-46
1.012500000000000000e+02 2.090339999999999855e-46
1.015000000000000000e+02 2.057050000000000189e-46
1.017500000000000000e+02 2.034060000000000072e-46
1.020000000000000000e+02 2.016670000000000128e-46
1.022500000000000000e+02 2.001810000000000032e-46
1.025000000000000000e+02 1.988129999999999946e-46
1.027500000000000000e+02 1.977380000000000192e-46
1.030000000000000000e+02 1.967969999999999942e-46
1.032500000000000000e+02 1.960689999999999833e-46
1.035000000000000000e+02 1.954110000000000086e-46
1.037500000000000000e+02 1.947770000000000162e-46
1.040000000000000000e+02 1.941320000000000077e-46
1.042500000000000000e+02 1.935709999999999959e-46
1.045000000000000000e+02 1.930140000000000006e-46
1.047500000000000000e+02 1.924690000000000160e-46
1.050000000000000000e+02 1.919119999999999818e-46
1.052500000000000000e+02 1.913580000000000086e-46
1.055000000000000000e+02 1.908329999999999899e-46
1.057500000000000000e+02 1.902889999999999997e-46
1.060000000000000000e+02 1.896900000000000060e-46
1.062500000000000000e+02 1.891419999999999993e-46
1.065000000000000000e+02 1.885959999999999813e-46
1.067500000000000000e+02 1.880570000000000020e-46
1.070000000000000000e+02 1.874650000000000081e-46
1.072500000000000000e+02 1.869030000000000019e-46
1.075000000000000000e+02 1.863559999999999896e-46
1.077500000000000000e+02 1.857859999999999892e-46
1.080000000000000000e+02 1.853559999999999835e-46
1.082500000000000000e+02 1.848720000000000076e-46
1.085000000000000000e+02 1.843380000000000004e-46
1.087500000000000000e+02 1.838399999999999862e-46
1.090000000000000000e+02 1.833970000000000143e-46
1.092500000000000000e+02 1.829369999999999819e-46
1.095000000000000000e+02 1.825059999999999818e-46
1.097500000000000000e+02 1.820679999999999820e-46
1.100000000000000000e+02 1.816989999999999850e-46
1.102500000000000000e+02 1.813740000000000142e-46
1.105000000000000000e+02 1.810249999999999831e-46
1.107500000000000000e+02 1.806720000000000133e-46
1.110000000000000000e+02 1.803050000000000052e-46
1.112500000000000000e+02 1.800070000000000000e-46
1.115000000000000000e+02 1.797429999999999990e-46
1.117500000000000000e+02 1.794399999999999829e-46
1.120000000000000000e+02 1.791619999999999824e-46
1.122500000000000000e+02 1.789270000000000137e-46
1.125000000000000000e+02 1.787139999999999996e-46
1.127500000000000000e+02 1.784809999999999808e-46
1.130000000000000000e+02 1.783100000000000040e-46
1.132500000000000000e+02 1.781379999999999940e-46
1.135000000000000000e+02 1.778689999999999821e-46
1.137500000000000000e+02 1.776439999999999963e-46
1.140000000000000000e+02 1.774460000000000150e-46
1.142500000000000000e+02 1.772699999999999884e-46
1.145000000000000000e+02 1.770899999999999842e-46
1.147500000000000000e+02 1.769310000000000181e-46
1.150000000000000000e+02 1.767759999999999907e-46
1.152500000000000000e+02 1.766060000000000083e-46
1.155000000000000000e+02 1.764380000000000148e-46
1.157500000000000000e+02 1.763150000000000028e-46
1.160000000000000000e+02 1.762020000000000127e-46
1.162500000000000000e+02 1.761029999999999832e-46
1.165000000000000000e+02 1.760500000000000075e-46
1.167500000000000000e+02 1.759709999999999827e-46
1.170000000000000000e+02 1.758779999999999974e-46
1.172500000000000000e+02 1.758249999999999828e-46
1.175000000000000000e+02 1.757450000000000025e-46
1.177500000000000000e+02 1.756979999999999932e-46
1.180000000000000000e+02 1.756470000000000063e-46
1.182500000000000000e+02 1.756089999999999855e-46
1.185000000000000000e+02 1.756270000000000015e-46
1.187500000000000000e+02 1.756089999999999855e-46
1.190000000000000000e+02 1.756340000000000012e-46
1.192500000000000000e+02 1.756439999999999842e-46
1.195000000000000000e+02 1.756940000000000156e-46
1.197500000000000000e+02 1.757520000000000022e-46
1.200000000000000000e+02 1.757619999999999852e-46
1.202500000000000000e+02 1.758229999999999940e-46
1.205000000000000000e+02 1.759020000000000187e-46
1.207500000000000000e+02 1.760290000000000083e-46
1.210000000000000000e+02 1.761600000000000144e-46
1.212500000000000000e+02 1.762899999999999871e-46
1.215000000000000000e+02 1.764530000000000087e-46
1.217500000000000000e+02 1.765969999999999809e-46
1.220000000000000000e+02 1.767629999999999856e-46
1.222500000000000000e+02 1.769400000000000066e-46
1.225000000000000000e+02 1.771109999999999834e-46
1.227500000000000000e+02 1.773249999999999918e-46
1.230000000000000000e+02 1.774900000000000022e-46
1.232500000000000000e+02 1.776750000000000173e-46
1.235000000000000000e+02 1.778409999999999831e-46
1.237500000000000000e+02 1.780889999999999958e-46
1.240000000000000000e+02 1.783450000000000027e-46
1.242500000000000000e+02 1.786469999999999855e-46
1.245000000000000000e+02 1.789200000000000139e-46
1.247500000000000000e+02 1.791689999999999822e-46
1.250000000000000000e+02 1.794000000000000122e-46
1.252500000000000000e+02 1.796619999999999854e-46
1.255000000000000000e+02 1.798930000000000155e-46
1.257500000000000000e+02 1.801150000000000181e-46
1.260000000000000000e+02 1.804329999999999892e-46
1.262500000000000000e+02 1.806880000000000016e-46
1.265000000000000000e+02 1.809179999999999983e-46
1.267500000000000000e+02 1.811889999999999990e-46
1.270000000000000000e+02 1.814809999999999989e-46
1.272500000000000000e+02 1.817739999999999933e-46
1.275000000000000000e+02 1.821320000000000128e-46
1.277500000000000000e+02 1.824409999999999954e-46
1.280000000000000000e+02 1.827040000000000020e-46
1.282500000000000000e+02 1.829849999999999856e-46
1.285000000000000000e+02 1.833300000000000002e-46
1.287500000000000000e+02 1.836340000000000107e-46
1.290000000000000000e+02 1.839960000000000079e-46
1.292500000000000000e+02 1.842180000000000105e-46
1.295000000000000000e+02 1.845090000000000160e-46
1.297500000000000000e+02 1.848179999999999986e-46
1.300000000000000000e+02 1.851490000000000137e-46
1.302500000000000000e+02 1.854669999999999848e-46
1.305000000000000000e+02 1.857610000000000124e-46
1.307500000000000000e+02 1.860279999999999966e-46
1.310000000000000000e+02 1.864039999999999933e-46
1.312500000000000000e+02 1.867560000000000075e-46
1.315000000000000000e+02 1.870700000000000010e-46
1.317500000000000000e+02 1.873489999999999959e-46
1.320000000000000000e+02 1.876709999999999835e-46
1.322500000000000000e+02 1.879850000000000159e-46
1.325000000000000000e+02 1.883359999999999969e-46
1.327500000000000000e+02 1.886909999999999943e-46
1.330000000000000000e+02 1.889520000000000121e-46
1.332500000000000000e+02 1.891839999999999976e-46
1.335000000000000000e+02 1.894069999999999946e-46
1.337500000000000000e+02 1.896639999999999959e-46
1.340000000000000000e+02 1.899400000000000075e-46
1.342500000000000000e+02 1.900850000000000131e-46
1.345000000000000000e+02 1.903029999999999991e-46
1.347500000000000000e+02 1.904480000000000047e-46
1.350000000000000000e+02 1.905660000000000057e-46
1.352500000000000000e+02 1.906290000000000033e-46
1.355000000000000000e+02 1.908599999999999944e-46
1.357500000000000000e+02 1.909490000000000021e-46
1.360000000000000000e+02 1.910329999999999989e-46
1.362500000000000000e+02 1.911200000000000178e-46
1.365000000000000000e+02 1.911550000000000164e-46
1.367500000000000000e+02 1.911799999999999932e-46
1.370000000000000000e+02 1.912139999999999975e-46
1.372500000000000000e+02 1.911719999999999991e-46
1.375000000000000000e+02 1.910530000000000037e-46
1.377500000000000000e+02 1.908459999999999949e-46
1.380000000000000000e+02 1.904070000000000007e-46
1.382500000000000000e+02 1.898039999999999905e-46
1.385000000000000000e+02 1.891620000000000040e-46
1.387500000000000000e+02 1.883390000000000190e-46
1.390000000000000000e+02 1.875980000000000030e-46
1.392500000000000000e+02 1.867640000000000017e-46
1.395000000000000000e+02 1.860439999999999849e-46
1.397500000000000000e+02 1.851850000000000067e-46
1.400000000000000000e+02 1.843780000000000099e-46
1.402500000000000000e+02 1.835199999999999873e-46
1.405000000000000000e+02 1.825140000000000148e-46
1.407500000000000000e+02 1.812860000000000009e-46
1.410000000000000000e+02 1.799990000000000058e-46
1.412500000000000000e+02 1.785320000000000066e-46
1.415000000000000000e+02 1.768399999999999827e-46
1.417500000000000000e+02 1.752360000000000109e-46
1.420000000000000000e+02 1.739909999999999948e-46
1.422500000000000000e+02 1.725799999999999935e-46
1.425000000000000000e+02 1.710760000000000068e-46
1.427500000000000000e+02 1.692300000000000082e-46
1.430000000000000000e+02 1.680399999999999955e-46
1.432500000000000000e+02 1.669309999999999965e-46
1.435000000000000000e+02 1.662370000000000092e-46
1.437500000000000000e+02 1.657359999999999923e-46
1.440000000000000000e+02 1.660090000000000013e-46
1.442500000000000000e+02 1.680110000000000022e-46
1.445000000000000000e+02 1.715980000000000034e-46
1.447500000000000000e+02 1.772429999999999839e-46
1.450000000000000000e+02 1.896490000000000020e-46
1.452500000000000000e+02 2.080160000000000024e-46
1.455000000000000000e+02 2.415949999999999965e-46
1.457500000000000000e+02 3.111740000000000140e-46
1.460000000000000000e+02 4.185730000000000239e-46
1.462500000000000000e+02 5.955529999999999623e-46
1.465000000000000000e+02 9.008759999999999232e-46
1.467500000000000000e+02 1.437490000000000043e-45
1.470000000000000000e+02 2.405169999999999912e-45
1.472500000000000000e+02 4.181849999999999699e-45
1.475000000000000000e+02 7.533130000000000364e-45
1.477500000000000000e+02 1.402520000000000099e-44
1.480000000000000000e+02 2.699919999999999860e-44
1.482500000000000000e+02 5.409820000000000266e-44
1.485000000000000000e+02 1.131950000000000073e-43
1.487500000000000000e+02 2.489720000000000107e-43
1.490000000000000000e+02 5.709510000000000368e-43
1.492500000000000000e+02 1.448379999999999891e-42
1.495000000000000000e+02 4.440770000000000265e-42
1.497500000000000000e+02 1.515709999999999952e-41
1.500000000000000000e+02 2.270569999999999990e-40
1.502500000000000000e+02 5.851889999999999730e-41
1.505000000000000000e+02 9.155990000000000126e-42
1.507500000000000000e+02 2.760080000000000025e-42
1.510000000000000000e+02 9.175290000000000295e-43
1.512500000000000000e+02 3.575170000000000085e-43
1.515000000000000000e+02 1.533659999999999909e-43
1.517500000000000000e+02 7.060390000000000279e-44
1.520000000000000000e+02 3.436610000000000143e-44
1.522500000000000000e+02 1.760529999999999907e-44
1.525000000000000000e+02 9.485539999999999615e-45
1.527500000000000000e+02 5.428520000000000068e-45
1.530000000000000000e+02 3.325310000000000029e-45
1.532500000000000000e+02 2.177390000000000102e-45
1.535000000000000000e+02 1.521030000000000013e-45
1.537500000000000000e+02 1.126339999999999933e-45
1.540000000000000000e+02 8.705950000000000691e-46
1.542500000000000000e+02 7.202339999999999365e-46
1.545000000000000000e+02 6.288990000000000154e-46
1.547500000000000000e+02 5.623319999999999878e-46
1.550000000000000000e+02 5.203309999999999726e-46
1.552500000000000000e+02 4.898929999999999857e-46
1.555000000000000000e+02 4.635329999999999755e-46
1.557500000000000000e+02 4.430290000000000294e-46
1.560000000000000000e+02 4.265509999999999620e-46
1.562500000000000000e+02 4.122159999999999624e-46
1.565000000000000000e+02 4.001640000000000251e-46
1.567500000000000000e+02 3.891670000000000196e-46
1.570000000000000000e+02 3.795560000000000386e-46
1.572500000000000000e+02 3.709309999999999864e-46
1.575000000000000000e+02 3.632539999999999978e-46
1.577500000000000000e+02 3.566630000000000008e-46
1.580000000000000000e+02 3.504669999999999721e-46
1.582500000000000000e+02 3.450119999999999982e-46
1.585000000000000000e+02 3.396230000000000051e-46
1.587500000000000000e+02 3.346479999999999905e-46
1.590000000000000000e+02 3.300939999999999931e-46
1.592500000000000000e+02 3.255539999999999952e-46
1.595000000000000000e+02 3.212290000000000002e-46
1.597500000000000000e+02 3.170150000000000064e-46
1.600000000000000000e+02 3.132200000000000021e-46
1.602500000000000000e+02 3.093149999999999909e-46
1.605000000000000000e+02 3.055630000000000183e-46
1.607500000000000000e+02 3.019270000000000190e-46
1.610000000000000000e+02 2.983159999999999966e-46
1.612500000000000000e+02 2.947839999999999988e-46
1.615000000000000000e+02 2.913200000000000096e-46
1.617500000000000000e+02 2.878850000000000137e-46
1.620000000000000000e+02 2.845789999999999962e-46
1.622500000000000000e+02 2.814239999999999895e-46
1.625000000000000000e+02 2.783379999999999858e-46
1.627500000000000000e+02 2.753189999999999962e-46
1.630000000000000000e+02 2.724009999999999860e-46
1.632500000000000000e+02 2.695460000000000123e-46
1.635000000000000000e+02 2.667660000000000079e-46
1.637500000000000000e+02 2.640519999999999843e-46
1.640000000000000000e+02 2.614140000000000022e-46
1.642500000000000000e+02 2.588159999999999909e-46
1.645000000000000000e+02 2.563090000000000149e-46
1.647500000000000000e+02 2.538830000000000136e-46
1.650000000000000000e+02 2.514899999999999833e-46
1.652500000000000000e+02 2.492110000000000152e-46
1.655000000000000000e+02 2.469839999999999896e-46
1.657500000000000000e+02 2.448349999999999943e-46
1.660000000000000000e+02 2.427390000000000137e-46
1.662500000000000000e+02 2.407689999999999893e-46
1.665000000000000000e+02 2.387809999999999879e-46
1.667500000000000000e+02 2.367789999999999870e-46
1.670000000000000000e+02 2.348370000000000004e-46
1.672500000000000000e+02 2.329930000000000101e-46
1.675000000000000000e+02 2.312109999999999841e-46
1.677500000000000000e+02 2.294480000000000073e-46
1.680000000000000000e+02 2.276929999999999858e-46
1.682500000000000000e+02 2.260840000000000031e-46
1.685000000000000000e+02 2.244879999999999866e-46
1.687500000000000000e+02 2.229460000000000181e-46
1.690000000000000000e+02 2.213599999999999845e-46
1.692500000000000000e+02 2.199189999999999954e-46
1.695000000000000000e+02 2.184309999999999970e-46
1.697500000000000000e+02 2.169820000000000137e-46
1.700000000000000000e+02 2.155450000000000022e-46
1.702500000000000000e+02 2.142490000000000186e-46
1.705000000000000000e+02 2.130149999999999993e-46
1.707500000000000000e+02 2.117389999999999817e-46
1.710000000000000000e+02 2.104709999999999970e-46
1.712500000000000000e+02 2.092860000000000147e-46
1.715000000000000000e+02 2.080999999999999992e-46
1.717500000000000000e+02 2.069619999999999873e-46
1.720000000000000000e+02 2.058440000000000191e-46
1.722500000000000000e+02 2.047900000000000040e-46
1.725000000000000000e+02 2.037579999999999825e-46
1.727500000000000000e+02 2.027040000000000063e-46
1.730000000000000000e+02 2.017489999999999819e-46
1.732500000000000000e+02 2.007449999999999982e-46
1.735000000000000000e+02 1.997949999999999847e-46
1.737500000000000000e+02 1.988639999999999815e-46
1.740000000000000000e+02 1.979430000000000002e-46
1.742500000000000000e+02 1.970590000000000064e-46
1.745000000000000000e+02 1.962180000000000054e-46
1.747500000000000000e+02 1.953960000000000147e-46
1.750000000000000000e+02 1.945879999999999846e-46
1.752500000000000000e+02 1.938769999999999952e-46
1.755000000000000000e+02 1.931500000000000176e-46
1.757500000000000000e+02 1.924270000000000176e-46
1.760000000000000000e+02 1.917600000000000154e-46
1.762500000000000000e+02 1.911130000000000180e-46
1.765000000000000000e+02 1.904340000000000052e-46
1.767500000000000000e+02 1.898029999999999961e-46
1.770000000000000000e+02 1.891750000000000091e-46
1.772500000000000000e+02 1.885630000000000104e-46
1.775000000000000000e+02 1.880039999999999874e-46
1.777500000000000000e+02 1.874479999999999865e-46
1.780000000000000000e+02 1.868909999999999912e-46
1.782500000000000000e+02 1.863720000000000167e-46
1.785000000000000000e+02 1.858860000000000132e-46
1.787500000000000000e+02 1.854330000000000194e-46
1.790000000000000000e+02 1.850009999999999860e-46
1.792500000000000000e+02 1.845860000000000131e-46
1.795000000000000000e+02 1.841519999999999908e-46
1.797500000000000000e+02 1.837940000000000101e-46
1.800000000000000000e+02 1.833949999999999866e-46
1.802500000000000000e+02 1.830370000000000059e-46
1.805000000000000000e+02 1.827010000000000188e-46
1.807500000000000000e+02 1.823579999999999931e-46
1.810000000000000000e+02 1.820449999999999940e-46
1.812500000000000000e+02 1.817679999999999879e-46
1.815000000000000000e+02 1.814730000000000048e-46
1.817500000000000000e+02 1.812230000000000033e-46
1.820000000000000000e+02 1.809389999999999975e-46
1.822500000000000000e+02 1.807060000000000176e-46
1.825000000000000000e+02 1.805439999999999905e-46
1.827500000000000000e+02 1.803880000000000076e-46
1.830000000000000000e+02 1.802130000000000143e-46
1.832500000000000000e+02 1.800519999999999816e-46
1.835000000000000000e+02 1.799640000000000072e-46
1.837500000000000000e+02 1.797789999999999921e-46
1.840000000000000000e+02 1.796990000000000118e-46
1.842500000000000000e+02 1.796150000000000150e-46
1.845000000000000000e+02 1.795089999999999858e-46
1.847500000000000000e+02 1.794259999999999834e-46
1.850000000000000000e+02 1.793839999999999850e-46
1.852500000000000000e+02 1.793119999999999989e-46
1.855000000000000000e+02 1.792869999999999832e-46
1.857500000000000000e+02 1.792649999999999896e-46
1.860000000000000000e+02 1.792950000000000162e-46
1.862500000000000000e+02 1.792740000000000170e-46
1.865000000000000000e+02 1.793069999999999880e-46
1.867500000000000000e+02 1.793209999999999874e-46
1.870000000000000000e+02 1.793740000000000021e-46
1.872500000000000000e+02 1.794480000000000159e-46
1.875000000000000000e+02 1.795310000000000183e-46
1.877500000000000000e+02 1.796209999999999815e-46
1.880000000000000000e+02 1.796959999999999897e-46
1.882500000000000000e+02 1.798260000000000014e-46
1.885000000000000000e+02 1.799280000000000141e-46
1.887500000000000000e+02 1.801010000000000186e-46
1.890000000000000000e+02 1.802610000000000180e-46
1.892500000000000000e+02 1.804449999999999998e-46
1.895000000000000000e+02 1.806079999999999825e-46
1.897500000000000000e+02 1.808040000000000138e-46
1.900000000000000000e+02 1.810229999999999943e-46
1.902500000000000000e+02 1.812830000000000177e-46
1.905000000000000000e+02 1.814969999999999872e-46
1.907500000000000000e+02 1.817469999999999887e-46
1.910000000000000000e+02 1.820200000000000171e-46
1.912500000000000000e+02 1.822930000000000067e-46
1.915000000000000000e+02 1.826110000000000167e-46
1.917500000000000000e+02 1.829159999999999827e-46
1.920000000000000000e+02 1.832349999999999872e-46
1.922500000000000000e+02 1.836029999999999897e-46
1.925000000000000000e+02 1.839670000000000146e-46
1.927500000000000000e+02 1.844449999999999851e-46
1.930000000000000000e+02 1.849099999999999895e-46
1.932500000000000000e+02 1.854299999999999973e-46
1.935000000000000000e+02 1.860289999999999910e-46
1.937500000000000000e+02 1.866819999999999937e-46
1.940000000000000000e+02 1.874279999999999817e-46
1.942500000000000000e+02 1.882339999999999841e-46
1.945000000000000000e+02 1.891649999999999873e-46
1.947500000000000000e+02 1.902660000000000117e-46
1.950000000000000000e+02 1.915040000000000086e-46
1.952500000000000000e+02 1.927429999999999999e-46
1.955000000000000000e+02 1.941720000000000172e-46
1.957500000000000000e+02 1.958809999999999850e-46
1.960000000000000000e+02 1.979579999999999941e-46
1.962500000000000000e+02 2.006740000000000065e-46
1.965000000000000000e+02 2.040520000000000101e-46
1.967500000000000000e+02 2.082529999999999988e-46
1.970000000000000000e+02 2.138299999999999903e-46
1.972500000000000000e+02 2.216050000000000140e-46
1.975000000000000000e+02 2.337389999999999981e-46
1.977500000000000000e+02 2.546080000000000024e-46
1.980000000000000000e+02 2.959850000000000083e-46
1.982500000000000000e+02 3.829550000000000025e-46
1.985000000000000000e+02 6.397000000000000285e-46
1.987500000000000000e+02 2.372600000000000107e-45
1.990000000000000000e+02 2.955119999999999911e-44
1.992500000000000000e+02 1.505239999999999986e-45
1.995000000000000000e+02 5.622600000000000017e-46
1.997500000000000000e+02 3.608560000000000343e-46
2.000000000000000000e+02 2.873249999999999963e-46
2.002500000000000000e+02 2.529250000000000059e-46
2.005000000000000000e+02 2.350940000000000017e-46
2.007500000000000000e+02 2.248510000000000171e-46
2.010000000000000000e+02 2.183230000000000178e-46
2.012500000000000000e+02 2.138690000000000055e-46
2.015000000000000000e+02 2.106309999999999964e-46
2.017500000000000000e+02 2.083500000000000007e-46
2.020000000000000000e+02 2.067340000000000183e-46
2.022500000000000000e+02 2.054169999999999966e-46
2.025000000000000000e+02 2.045470000000000022e-46
2.027500000000000000e+02 2.038990000000000105e-46
2.030000000000000000e+02 2.033510000000000037e-46
2.032500000000000000e+02 2.028739999999999887e-46
2.035000000000000000e+02 2.025640000000000117e-46
2.037500000000000000e+02 2.023980000000000070e-46
2.040000000000000000e+02 2.023430000000000035e-46
2.042500000000000000e+02 2.023130000000000158e-46
2.045000000000000000e+02 2.024330000000000056e-46
2.047500000000000000e+02 2.025759999999999835e-46
2.050000000000000000e+02 2.027779999999999813e-46
2.052500000000000000e+02 2.030300000000000105e-46
2.055000000000000000e+02 2.032209999999999920e-46
2.057500000000000000e+02 2.034979999999999981e-46
2.060000000000000000e+02 2.037419999999999943e-46
2.062500000000000000e+02 2.040020000000000176e-46
2.065000000000000000e+02 2.042940000000000175e-46
2.067500000000000000e+02 2.046179999999999940e-46
2.070000000000000000e+02 2.049739999999999858e-46
2.072500000000000000e+02 2.052740000000000188e-46
2.075000000000000000e+02 2.055929999999999843e-46
2.077500000000000000e+02 2.059210000000000162e-46
2.080000000000000000e+02 2.062490000000000091e-46
2.082500000000000000e+02 2.065859999999999906e-46
2.085000000000000000e+02 2.069450000000000046e-46
2.087500000000000000e+02 2.073000000000000021e-46
2.090000000000000000e+02 2.075869999999999911e-46
2.092500000000000000e+02 2.079260000000000003e-46
2.095000000000000000e+02 2.081820000000000071e-46
2.097500000000000000e+02 2.085000000000000171e-46
2.100000000000000000e+02 2.087899999999999893e-46
2.102500000000000000e+02 2.090910000000000167e-46
2.105000000000000000e+02 2.094019999999999881e-46
2.107500000000000000e+02 2.096130000000000133e-46
2.110000000000000000e+02 2.098790000000000031e-46
2.112500000000000000e+02 2.101169999999999939e-46
2.115000000000000000e+02 2.103749999999999896e-46
2.117500000000000000e+02 2.105829999999999927e-46
2.120000000000000000e+02 2.108220000000000169e-46
2.122500000000000000e+02 2.110930000000000176e-46
2.125000000000000000e+02 2.113180000000000034e-46
2.127500000000000000e+02 2.115349999999999951e-46
2.130000000000000000e+02 2.117579999999999921e-46
2.132500000000000000e+02 2.119519999999999957e-46
2.135000000000000000e+02 2.121319999999999999e-46
2.137500000000000000e+02 2.123009999999999879e-46
2.140000000000000000e+02 2.124389999999999937e-46
2.142500000000000000e+02 2.126370000000000139e-46
2.145000000000000000e+02 2.127189999999999829e-46
2.147500000000000000e+02 2.128270000000000010e-46
2.150000000000000000e+02 2.129049999999999925e-46
2.152500000000000000e+02 2.130029999999999887e-46
2.155000000000000000e+02 2.130480000000000092e-46
2.157500000000000000e+02 2.131310000000000116e-46
2.160000000000000000e+02 2.132010000000000089e-46
2.162500000000000000e+02 2.132459999999999905e-46
2.165000000000000000e+02 2.132609999999999843e-46
2.167500000000000000e+02 2.133079999999999937e-46
2.170000000000000000e+02 2.133190000000000099e-46
2.172500000000000000e+02 2.133270000000000040e-46
2.175000000000000000e+02 2.132790000000000003e-46
2.177500000000000000e+02 2.131880000000000038e-46
2.180000000000000000e+02 2.131219999999999841e-46
2.182500000000000000e+02 2.130319999999999820e-46
2.185000000000000000e+02 2.129109999999999978e-46
2.187500000000000000e+02 2.128250000000000122e-46
2.190000000000000000e+02 2.126810000000000011e-46
2.192500000000000000e+02 2.125099999999999854e-46
2.195000000000000000e+02 2.123170000000000150e-46
2.197500000000000000e+02 2.121959999999999919e-46
2.200000000000000000e+02 2.120550000000000029e-46
2.202500000000000000e+02 2.118460000000000053e-46
2.205000000000000000e+02 2.116440000000000075e-46
2.207500000000000000e+02 2.114340000000000156e-46
2.210000000000000000e+02 2.112530000000000170e-46
2.212500000000000000e+02 2.110580000000000189e-46
2.215000000000000000e+02 2.107769999999999964e-46
2.217500000000000000e+02 2.104910000000000018e-46
2.220000000000000000e+02 2.101809999999999859e-46
2.222500000000000000e+02 2.098729999999999978e-46
2.225000000000000000e+02 2.095889999999999920e-46
2.227500000000000000e+02 2.092199999999999951e-46
2.230000000000000000e+02 2.088430000000000040e-46
2.232500000000000000e+02 2.084510000000000190e-46
2.235000000000000000e+02 2.079889999999999979e-46
2.237500000000000000e+02 2.076030000000000183e-46
2.240000000000000000e+02 2.071670000000000072e-46
2.242500000000000000e+02 2.066530000000000047e-46
2.245000000000000000e+02 2.062150000000000049e-46
2.247500000000000000e+02 2.057080000000000021e-46
2.250000000000000000e+02 2.052179999999999820e-46
2.252500000000000000e+02 2.046959999999999854e-46
2.255000000000000000e+02 2.042029999999999821e-46
2.257500000000000000e+02 2.035920000000000167e-46
2.260000000000000000e+02 2.029660000000000185e-46
2.262500000000000000e+02 2.023420000000000091e-46
2.265000000000000000e+02 2.016499999999999912e-46
2.267500000000000000e+02 2.009370000000000131e-46
2.270000000000000000e+02 2.001749999999999979e-46
2.272500000000000000e+02 1.993580000000000181e-46
2.275000000000000000e+02 1.985530000000000102e-46
2.277500000000000000e+02 1.977489999999999966e-46
2.280000000000000000e+02 1.969320000000000168e-46
2.282500000000000000e+02 1.960660000000000001e-46
2.285000000000000000e+02 1.952039999999999998e-46
2.287500000000000000e+02 1.942949999999999903e-46
2.290000000000000000e+02 1.933209999999999944e-46
2.292500000000000000e+02 1.922830000000000064e-46
2.295000000000000000e+02 1.912999999999999831e-46
2.297500000000000000e+02 1.902450000000000125e-46
2.300000000000000000e+02 1.891639999999999929e-46
2.302500000000000000e+02 1.881009999999999892e-46
2.305000000000000000e+02 1.869440000000000059e-46
2.307500000000000000e+02 1.858450000000000092e-46
2.310000000000000000e+02 1.846809999999999872e-46
2.312500000000000000e+02 1.834579999999999841e-46
2.315000000000000000e+02 1.822720000000000075e-46
2.317500000000000000e+02 1.810919999999999972e-46
2.320000000000000000e+02 1.799480000000000189e-46
2.322500000000000000e+02 1.786889999999999839e-46
2.325000000000000000e+02 1.773930000000000003e-46
2.327500000000000000e+02 1.761379999999999819e-46
2.330000000000000000e+02 1.748009999999999943e-46
2.332500000000000000e+02 1.735799999999999995e-46
2.335000000000000000e+02 1.723719999999999903e-46
2.337500000000000000e+02 1.710959999999999921e-46
2.340000000000000000e+02 1.698530000000000037e-46
2.342500000000000000e+02 1.686169999999999956e-46
2.345000000000000000e+02 1.676870000000000063e-46
2.347500000000000000e+02 1.658720000000000093e-46
2.350000000000000000e+02 1.643239999999999966e-46
2.352500000000000000e+02 1.627060000000000059e-46
2.355000000000000000e+02 1.611339999999999913e-46
2.357500000000000000e+02 1.594989999999999985e-46
2.360000000000000000e+02 1.578780000000000052e-46
2.362500000000000000e+02 1.561090000000000036e-46
2.365000000000000000e+02 1.543010000000000064e-46
2.367500000000000000e+02 1.525189999999999998e-46
2.370000000000000000e+02 1.508059999999999961e-46
2.372500000000000000e+02 1.490010000000000015e-46
2.375000000000000000e+02 1.472200000000000088e-46
2.377500000000000000e+02 1.454410000000000049e-46
2.380000000000000000e+02 1.436640000000000092e-46
2.382500000000000000e+02 1.418430000000000069e-46
2.385000000000000000e+02 1.399420000000000049e-46
2.387500000000000000e+02 1.380370000000000058e-46
2.390000000000000000e+02 1.360709999999999980e-46
2.392500000000000000e+02 1.341499999999999912e-46
2.395000000000000000e+02 1.321560000000000038e-46
2.397500000000000000e+02 1.300679999999999979e-46
2.400000000000000000e+02 1.279279999999999912e-46
2.402500000000000000e+02 1.258290000000000079e-46
2.405000000000000000e+02 1.236460000000000083e-46
2.407500000000000000e+02 1.214309999999999934e-46
2.410000000000000000e+02 1.192420000000000080e-46
2.412500000000000000e+02 1.169569999999999957e-46
2.415000000000000000e+02 1.146039999999999944e-46
2.417500000000000000e+02 1.122709999999999978e-46
2.420000000000000000e+02 1.099179999999999965e-46
2.422500000000000000e+02 1.075950000000000024e-46
2.425000000000000000e+02 1.052459999999999981e-46
2.427500000000000000e+02 1.029130000000000016e-46
2.430000000000000000e+02 1.005550000000000088e-46
2.432500000000000000e+02 9.812429999999999876e-47
2.435000000000000000e+02 9.563329999999999162e-47
2.437500000000000000e+02 9.306379999999999583e-47
2.440000000000000000e+02 8.992140000000000425e-47
2.442500000000000000e+02 8.681679999999999956e-47
2.445000000000000000e+02 8.405969999999999542e-47
2.447500000000000000e+02 8.180169999999999739e-47
2.450000000000000000e+02 7.966879999999999761e-47
2.452500000000000000e+02 7.760130000000000338e-47
2.455000000000000000e+02 7.567620000000000201e-47
2.457500000000000000e+02 7.376139999999999553e-47
2.460000000000000000e+02 7.210460000000000414e-47
2.462500000000000000e+02 7.069860000000000396e-47
2.465000000000000000e+02 6.946630000000000043e-47
2.467500000000000000e+02 6.861740000000000275e-47
2.470000000000000000e+02 6.804660000000000300e-47
2.472500000000000000e+02 6.798009999999999583e-47
2.475000000000000000e+02 6.851500000000000001e-47
2.477500000000000000e+02 6.975120000000000311e-47
2.480000000000000000e+02 7.268109999999999728e-47
2.482500000000000000e+02 7.847470000000000012e-47
2.485000000000000000e+02 8.835139999999999787e-47
2.487500000000000000e+02 1.050680000000000022e-46
2.490000000000000000e+02 1.378509999999999963e-46
2.492500000000000000e+02 2.119889999999999832e-46
2.495000000000000000e+02 4.360200000000000374e-46
2.497500000000000000e+02 1.436660000000000019e-45
2.500000000000000000e+02 2.640340000000000072e-45
2.502500000000000000e+02 6.717510000000000146e-46
2.505000000000000000e+02 2.821959999999999877e-46
2.507500000000000000e+02 1.669839999999999916e-46
2.510000000000000000e+02 1.204809999999999993e-46
2.512500000000000000e+02 9.827980000000000390e-47
2.515000000000000000e+02 8.632130000000000053e-47
2.517500000000000000e+02 8.009389999999999962e-47
2.520000000000000000e+02 7.762979999999999951e-47
2.522500000000000000e+02 7.834380000000000126e-47
2.525000000000000000e+02 8.153139999999999860e-47
2.527500000000000000e+02 8.690800000000000078e-47
2.530000000000000000e+02 9.394930000000000072e-47
2.532500000000000000e+02 1.028969999999999939e-46
2.535000000000000000e+02 1.143070000000000030e-46
2.537500000000000000e+02 1.280079999999999909e-46
2.540000000000000000e+02 1.452789999999999972e-46
2.542500000000000000e+02 1.665960000000000038e-46
2.545000000000000000e+02 1.938429999999999910e-46
2.547500000000000000e+02 2.258069999999999971e-46
2.550000000000000000e+02 2.625670000000000080e-46
2.552500000000000000e+02 3.073129999999999900e-46
