0.000000000000000000e+00 inf
2.500000000000000000e-01 5.000000000000000000e-01
5.000000000000000000e-01 5.000000000000000000e-01
7.500000000000000000e-01 5.000000000000000000e-01
1.000000000000000000e+00 5.000000000000000000e-01
1.250000000000000000e+00 5.000000000000000000e-01
1.500000000000000000e+00 5.000000000000000000e-01
1.750000000000000000e+00 5.000000000000000000e-01
2.000000000000000000e+00 5.000000000000000000e-01
2.250000000000000000e+00 5.000000000000000000e-01
2.500000000000000000e+00 5.000000000000000000e-01
2.750000000000000000e+00 5.000000000000000000e-01
3.000000000000000000e+00 5.000000000000000000e-01
3.250000000000000000e+00 5.000000000000000000e-01
3.500000000000000000e+00 5.000000000000000000e-01
3.750000000000000000e+00 5.000000000000000000e-01
4.000000000000000000e+00 5.000000000000000000e-01
4.250000000000000000e+00 5.000000000000000000e-01
4.500000000000000000e+00 5.000000000000000000e-01
4.750000000000000000e+00 5.000000000000000000e-01
5.000000000000000000e+00 5.000000000000000000e-01
5.250000000000000000e+00 5.000000000000000000e-01
5.500000000000000000e+00 5.000000000000000000e-01
5.750000000000000000e+00 5.000000000000000000e-01
6.000000000000000000e+00 5.000000000000000000e-01
6.250000000000000000e+00 5.000000000000000000e-01
6.500000000000000000e+00 5.000000000000000000e-01
6.750000000000000000e+00 5.000000000000000000e-01
7.000000000000000000e+00 5.000000000000000000e-01
7.250000000000000000e+00 5.000000000000000000e-01
7.500000000000000000e+00 5.000000000000000000e-01
7.750000000000000000e+00 5.000000000000000000e-01
8.000000000000000000e+00 5.000000000000000000e-01
8.250000000000000000e+00 5.000000000000000000e-01
8.500000000000000000e+00 5.000000000000000000e-01
8.750000000000000000e+00 5.000000000000000000e-01
9.000000000000000000e+00 5.000000000000000000e-01
9.250000000000000000e+00 5.000000000000000000e-01
9.500000000000000000e+00 5.000000000000000000e-01
9.750000000000000000e+00 5.000000000000000000e-01
1.000000000000000000e+01 5.000000000000000000e-01
1.025000000000000000e+01 5.000000000000000000e-01
1.050000000000000000e+01 5.000000000000000000e-01
1.075000000000000000e+01 5.000000000000000000e-01
1.100000000000000000e+01 5.000000000000000000e-01
1.125000000000000000e+01 5.000000000000000000e-01
1.150000000000000000e+01 5.000000000000000000e-01
1.175000000000000000e+01 5.000000000000000000e-01
1.200000000000000000e+01 5.000000000000000000e-01
1.225000000000000000e+01 5.000000000000000000e-01
1.250000000000000000e+01 5.000000000000000000e-01
1.275000000000000000e+01 5.000000000000000000e-01
1.300000000000000000e+01 5.000000000000000000e-01
1.325000000000000000e+01 5.000000000000000000e-01
1.350000000000000000e+01 5.000000000000000000e-01
1.375000000000000000e+01 5.000000000000000000e-01
1.400000000000000000e+01 5.000000000000000000e-01
1.425000000000000000e+01 5.000000000000000000e-01
1.450000000000000000e+01 5.000000000000000000e-01
1.475000000000000000e+01 5.000000000000000000e-01
1.500000000000000000e+01 5.000000000000000000e-01
1.525000000000000000e+01 5.000000000000000000e-01
1.550000000000000000e+01 5.000000000000000000e-01
1.575000000000000000e+01 5.000000000000000000e-01
1.600000000000000000e+01 1.480620000000000036e-43
1.625000000000000000e+01 1.321969999999999941e-43
1.650000000000000000e+01 1.180250000000000005e-43
1.675000000000000000e+01 1.052140000000000032e-43
1.700000000000000000e+01 9.381860000000000432e-44
1.725000000000000000e+01 8.364890000000000270e-44
1.750000000000000000e+01 7.463420000000000247e-44
1.775000000000000000e+01 6.657979999999999953e-44
1.800000000000000000e+01 5.936480000000000379e-44
1.825000000000000000e+01 5.288409999999999774e-44
1.850000000000000000e+01 4.714380000000000389e-44
1.875000000000000000e+01 4.200729999999999863e-44
1.900000000000000000e+01 3.746229999999999788e-44
1.925000000000000000e+01 3.339130000000000125e-44
1.950000000000000000e+01 2.979240000000000132e-44
1.975000000000000000e+01 2.658339999999999870e-44
2.000000000000000000e+01 2.375669999999999858e-44
2.025000000000000000e+01 2.123869999999999952e-44
2.050000000000000000e+01 1.900420000000000063e-44
2.075000000000000000e+01 1.702820000000000111e-44
2.100000000000000000e+01 1.524739999999999980e-44
2.125000000000000000e+01 1.367719999999999888e-44
2.150000000000000000e+01 1.227090000000000014e-44
2.175000000000000000e+01 1.101920000000000022e-44
2.200000000000000000e+01 9.900300000000000358e-45
2.225000000000000000e+01 8.907230000000000030e-45
2.250000000000000000e+01 8.031660000000000102e-45
2.275000000000000000e+01 7.250759999999999794e-45
2.300000000000000000e+01 6.553180000000000066e-45
2.325000000000000000e+01 5.931810000000000556e-45
2.350000000000000000e+01 5.379580000000000058e-45
2.375000000000000000e+01 4.882900000000000239e-45
2.400000000000000000e+01 4.438789999999999723e-45
2.425000000000000000e+01 4.041089999999999992e-45
2.450000000000000000e+01 3.680720000000000195e-45
2.475000000000000000e+01 3.358040000000000184e-45
2.500000000000000000e+01 3.068890000000000207e-45
2.525000000000000000e+01 2.807730000000000145e-45
2.550000000000000000e+01 2.571890000000000000e-45
2.575000000000000000e+01 2.360260000000000070e-45
2.600000000000000000e+01 2.168529999999999887e-45
2.625000000000000000e+01 1.995690000000000123e-45
2.650000000000000000e+01 1.838609999999999931e-45
2.675000000000000000e+01 1.696920000000000138e-45
2.700000000000000000e+01 1.567989999999999899e-45
2.725000000000000000e+01 1.451239999999999970e-45
2.750000000000000000e+01 1.345409999999999934e-45
2.775000000000000000e+01 1.247930000000000010e-45
2.800000000000000000e+01 1.158610000000000017e-45
2.825000000000000000e+01 1.077219999999999997e-45
2.850000000000000000e+01 1.002600000000000062e-45
2.875000000000000000e+01 9.346489999999999987e-46
2.900000000000000000e+01 8.719719999999999885e-46
2.925000000000000000e+01 8.149689999999999715e-46
2.950000000000000000e+01 7.625509999999999729e-46
2.975000000000000000e+01 7.145420000000000439e-46
3.000000000000000000e+01 6.703740000000000174e-46
3.025000000000000000e+01 6.299530000000000305e-46
3.050000000000000000e+01 5.928480000000000051e-46
3.075000000000000000e+01 5.587240000000000263e-46
3.100000000000000000e+01 5.269690000000000177e-46
3.125000000000000000e+01 4.979429999999999877e-46
3.150000000000000000e+01 4.708220000000000345e-46
3.175000000000000000e+01 4.458189999999999778e-46
3.200000000000000000e+01 4.230009999999999872e-46
3.225000000000000000e+01 4.019710000000000280e-46
3.250000000000000000e+01 3.825559999999999789e-46
3.275000000000000000e+01 3.646550000000000162e-46
3.300000000000000000e+01 3.480149999999999995e-46
3.325000000000000000e+01 3.325759999999999923e-46
3.350000000000000000e+01 3.185920000000000125e-46
3.375000000000000000e+01 3.054310000000000178e-46
3.400000000000000000e+01 2.931280000000000069e-46
3.425000000000000000e+01 2.817540000000000102e-46
3.450000000000000000e+01 2.712720000000000015e-46
3.475000000000000000e+01 2.615619999999999910e-46
3.500000000000000000e+01 2.525500000000000037e-46
3.525000000000000000e+01 2.440309999999999808e-46
3.550000000000000000e+01 2.360590000000000091e-46
3.575000000000000000e+01 2.287300000000000182e-46
3.600000000000000000e+01 2.217370000000000145e-46
3.625000000000000000e+01 2.152810000000000012e-46
3.650000000000000000e+01 2.093160000000000025e-46
3.675000000000000000e+01 2.037569999999999881e-46
3.700000000000000000e+01 1.985270000000000000e-46
3.725000000000000000e+01 1.934780000000000106e-46
3.750000000000000000e+01 1.887139999999999824e-46
3.775000000000000000e+01 1.842899999999999967e-46
3.800000000000000000e+01 1.800559999999999981e-46
3.825000000000000000e+01 1.759679999999999995e-46
3.850000000000000000e+01 1.721090000000000032e-46
3.875000000000000000e+01 1.684060000000000093e-46
3.900000000000000000e+01 1.649149999999999961e-46
3.925000000000000000e+01 1.616110000000000063e-46
3.950000000000000000e+01 1.584550000000000052e-46
3.975000000000000000e+01 1.554800000000000028e-46
4.000000000000000000e+01 1.526139999999999934e-46
4.025000000000000000e+01 1.498550000000000076e-46
4.050000000000000000e+01 1.472350000000000027e-46
4.075000000000000000e+01 1.446980000000000001e-46
4.100000000000000000e+01 1.423470000000000070e-46
4.125000000000000000e+01 1.400990000000000016e-46
4.150000000000000000e+01 1.379120000000000051e-46
4.175000000000000000e+01 1.358489999999999954e-46
4.200000000000000000e+01 1.338849999999999958e-46
4.225000000000000000e+01 1.320410000000000055e-46
4.250000000000000000e+01 1.302170000000000005e-46
4.275000000000000000e+01 1.284950000000000083e-46
4.300000000000000000e+01 1.268860000000000062e-46
4.325000000000000000e+01 1.253059999999999974e-46
4.350000000000000000e+01 1.237629999999999955e-46
4.375000000000000000e+01 1.223169999999999955e-46
4.400000000000000000e+01 1.209169999999999909e-46
4.425000000000000000e+01 1.195459999999999991e-46
4.450000000000000000e+01 1.182690000000000064e-46
4.475000000000000000e+01 1.169910000000000000e-46
4.500000000000000000e+01 1.157460000000000033e-46
4.525000000000000000e+01 1.145850000000000034e-46
4.550000000000000000e+01 1.134520000000000025e-46
4.575000000000000000e+01 1.123840000000000074e-46
4.600000000000000000e+01 1.113100000000000070e-46
4.625000000000000000e+01 1.103060000000000038e-46
4.650000000000000000e+01 1.093489999999999906e-46
4.675000000000000000e+01 1.083879999999999997e-46
4.700000000000000000e+01 1.074329999999999947e-46
4.725000000000000000e+01 1.064890000000000059e-46
4.750000000000000000e+01 1.055519999999999975e-46
4.775000000000000000e+01 1.046319999999999911e-46
4.800000000000000000e+01 1.037649999999999994e-46
4.825000000000000000e+01 1.029699999999999938e-46
4.850000000000000000e+01 1.021930000000000042e-46
4.875000000000000000e+01 1.014429999999999997e-46
4.900000000000000000e+01 1.006840000000000066e-46
4.925000000000000000e+01 9.997239999999999336e-47
4.950000000000000000e+01 9.926769999999999208e-47
4.975000000000000000e+01 9.859070000000000696e-47
5.000000000000000000e+01 9.791009999999999532e-47
5.025000000000000000e+01 9.723639999999999563e-47
5.050000000000000000e+01 9.656790000000000185e-47
5.075000000000000000e+01 9.591980000000000284e-47
5.100000000000000000e+01 9.529250000000000804e-47
5.125000000000000000e+01 9.465970000000000511e-47
5.150000000000000000e+01 9.402160000000000850e-47
5.175000000000000000e+01 9.339459999999999646e-47
5.200000000000000000e+01 9.278560000000000040e-47
5.225000000000000000e+01 9.216789999999999856e-47
5.250000000000000000e+01 9.156320000000000178e-47
5.275000000000000000e+01 9.095679999999999895e-47
5.300000000000000000e+01 9.036400000000000560e-47
5.325000000000000000e+01 8.979089999999999537e-47
5.350000000000000000e+01 8.921970000000000564e-47
5.375000000000000000e+01 8.863609999999999582e-47
5.400000000000000000e+01 8.806339999999999503e-47
5.425000000000000000e+01 8.749460000000000354e-47
5.450000000000000000e+01 8.693940000000000208e-47
5.475000000000000000e+01 8.639399999999999829e-47
5.500000000000000000e+01 8.587740000000000257e-47
5.525000000000000000e+01 8.537949999999999558e-47
5.550000000000000000e+01 8.488779999999999862e-47
5.575000000000000000e+01 8.438910000000000194e-47
5.600000000000000000e+01 8.388339999999999580e-47
5.625000000000000000e+01 8.338370000000000471e-47
5.650000000000000000e+01 8.289469999999999848e-47
5.675000000000000000e+01 8.238759999999999823e-47
5.700000000000000000e+01 8.188000000000000077e-47
5.725000000000000000e+01 8.138159999999999657e-47
5.750000000000000000e+01 8.093060000000000139e-47
5.775000000000000000e+01 8.047459999999999528e-47
5.800000000000000000e+01 8.000170000000000400e-47
5.825000000000000000e+01 7.952089999999999662e-47
5.850000000000000000e+01 7.903110000000000071e-47
5.875000000000000000e+01 7.854589999999999656e-47
5.900000000000000000e+01 7.806190000000000125e-47
5.925000000000000000e+01 7.757960000000000227e-47
5.950000000000000000e+01 7.710609999999999684e-47
5.975000000000000000e+01 7.663600000000000350e-47
6.000000000000000000e+01 7.617579999999999561e-47
6.025000000000000000e+01 7.571709999999999878e-47
6.050000000000000000e+01 7.524910000000000147e-47
6.075000000000000000e+01 7.479080000000000434e-47
6.100000000000000000e+01 7.433470000000000074e-47
6.125000000000000000e+01 7.389129999999999999e-47
6.150000000000000000e+01 7.343530000000000361e-47
6.175000000000000000e+01 7.299519999999999800e-47
6.200000000000000000e+01 7.252689999999999848e-47
6.225000000000000000e+01 7.207799999999999933e-47
6.250000000000000000e+01 7.161989999999999719e-47
6.275000000000000000e+01 7.117310000000000379e-47
6.300000000000000000e+01 7.072559999999999875e-47
6.325000000000000000e+01 7.029689999999999938e-47
6.350000000000000000e+01 6.988079999999999563e-47
6.375000000000000000e+01 6.947170000000000134e-47
6.400000000000000000e+01 6.905679999999999671e-47
6.425000000000000000e+01 6.864679999999999579e-47
6.450000000000000000e+01 6.823859999999999840e-47
6.475000000000000000e+01 6.783549999999999971e-47
6.500000000000000000e+01 6.743949999999999825e-47
6.525000000000000000e+01 6.704950000000000211e-47
6.550000000000000000e+01 6.666930000000000365e-47
6.575000000000000000e+01 6.629409999999999667e-47
6.600000000000000000e+01 6.592759999999999546e-47
6.625000000000000000e+01 6.555519999999999615e-47
6.650000000000000000e+01 6.518349999999999875e-47
6.675000000000000000e+01 6.481450000000000181e-47
6.700000000000000000e+01 6.444619999999999706e-47
6.725000000000000000e+01 6.408939999999999604e-47
6.750000000000000000e+01 6.373399999999999885e-47
6.775000000000000000e+01 6.338999999999999817e-47
6.800000000000000000e+01 6.304230000000000263e-47
6.825000000000000000e+01 6.269440000000000238e-47
6.850000000000000000e+01 6.234990000000000449e-47
6.875000000000000000e+01 6.200990000000000088e-47
6.900000000000000000e+01 6.166940000000000006e-47
6.925000000000000000e+01 6.133279999999999882e-47
6.950000000000000000e+01 6.099800000000000112e-47
6.975000000000000000e+01 6.066569999999999915e-47
7.000000000000000000e+01 6.034419999999999900e-47
7.025000000000000000e+01 6.001670000000000324e-47
7.050000000000000000e+01 5.969809999999999853e-47
7.075000000000000000e+01 5.938209999999999677e-47
7.100000000000000000e+01 5.906939999999999989e-47
7.125000000000000000e+01 5.875999999999999815e-47
7.150000000000000000e+01 5.844789999999999597e-47
7.175000000000000000e+01 5.813909999999999866e-47
7.200000000000000000e+01 5.784200000000000007e-47
7.225000000000000000e+01 5.754109999999999940e-47
7.250000000000000000e+01 5.724270000000000419e-47
7.275000000000000000e+01 5.695690000000000461e-47
7.300000000000000000e+01 5.667150000000000473e-47
7.325000000000000000e+01 5.638219999999999556e-47
7.350000000000000000e+01 5.609840000000000423e-47
7.375000000000000000e+01 5.582310000000000425e-47
7.400000000000000000e+01 5.554099999999999952e-47
7.425000000000000000e+01 5.526450000000000042e-47
7.450000000000000000e+01 5.498520000000000336e-47
7.475000000000000000e+01 5.471000000000000087e-47
7.500000000000000000e+01 5.444040000000000400e-47
7.525000000000000000e+01 5.417389999999999756e-47
7.550000000000000000e+01 5.390650000000000394e-47
7.575000000000000000e+01 5.363759999999999927e-47
7.600000000000000000e+01 5.337730000000000287e-47
7.625000000000000000e+01 5.311649999999999955e-47
7.650000000000000000e+01 5.285299999999999578e-47
7.675000000000000000e+01 5.259309999999999909e-47
7.700000000000000000e+01 5.233139999999999886e-47
7.725000000000000000e+01 5.207530000000000425e-47
7.750000000000000000e+01 5.182629999999999714e-47
7.775000000000000000e+01 5.157490000000000152e-47
7.800000000000000000e+01 5.131909999999999939e-47
7.825000000000000000e+01 5.106799999999999626e-47
7.850000000000000000e+01 5.081890000000000138e-47
7.875000000000000000e+01 5.056850000000000016e-47
7.900000000000000000e+01 5.032589999999999808e-47
7.925000000000000000e+01 5.008730000000000280e-47
7.950000000000000000e+01 4.985099999999999854e-47
7.975000000000000000e+01 4.960839999999999646e-47
8.000000000000000000e+01 4.937299999999999883e-47
8.025000000000000000e+01 4.913260000000000001e-47
8.050000000000000000e+01 4.889969999999999812e-47
8.075000000000000000e+01 4.866509999999999990e-47
8.100000000000000000e+01 4.842690000000000433e-47
8.125000000000000000e+01 4.819670000000000289e-47
8.150000000000000000e+01 4.796619999999999923e-47
8.175000000000000000e+01 4.773550000000000059e-47
8.200000000000000000e+01 4.750520000000000166e-47
8.225000000000000000e+01 4.727060000000000344e-47
8.250000000000000000e+01 4.704690000000000453e-47
8.275000000000000000e+01 4.681919999999999883e-47
8.300000000000000000e+01 4.659639999999999683e-47
8.325000000000000000e+01 4.637699999999999719e-47
8.350000000000000000e+01 4.615129999999999975e-47
8.375000000000000000e+01 4.593309999999999924e-47
8.400000000000000000e+01 4.571790000000000139e-47
8.425000000000000000e+01 4.551069999999999768e-47
8.450000000000000000e+01 4.530080000000000324e-47
8.475000000000000000e+01 4.508760000000000392e-47
8.500000000000000000e+01 4.488719999999999523e-47
8.525000000000000000e+01 4.468310000000000140e-47
8.550000000000000000e+01 4.448150000000000330e-47
8.575000000000000000e+01 4.428070000000000462e-47
8.600000000000000000e+01 4.408299999999999638e-47
8.625000000000000000e+01 4.389159999999999567e-47
8.650000000000000000e+01 4.370150000000000131e-47
8.675000000000000000e+01 4.351530000000000165e-47
8.700000000000000000e+01 4.332950000000000170e-47
8.725000000000000000e+01 4.314140000000000100e-47
8.750000000000000000e+01 4.295580000000000091e-47
8.775000000000000000e+01 4.277430000000000024e-47
8.800000000000000000e+01 4.259089999999999853e-47
8.825000000000000000e+01 4.241370000000000200e-47
8.850000000000000000e+01 4.223610000000000090e-47
8.875000000000000000e+01 4.206299999999999894e-47
8.900000000000000000e+01 4.188539999999999784e-47
8.925000000000000000e+01 4.171199999999999852e-47
8.950000000000000000e+01 4.154550000000000144e-47
8.975000000000000000e+01 4.137609999999999920e-47
9.000000000000000000e+01 4.120899999999999770e-47
9.025000000000000000e+01 4.104460000000000151e-47
9.050000000000000000e+01 4.088069999999999766e-47
9.075000000000000000e+01 4.071830000000000001e-47
9.100000000000000000e+01 4.055839999999999809e-47
9.125000000000000000e+01 4.039859999999999853e-47
9.150000000000000000e+01 4.024519999999999914e-47
9.175000000000000000e+01 4.010349999999999847e-47
9.200000000000000000e+01 3.995800000000000059e-47
9.225000000000000000e+01 3.980739999999999915e-47
9.250000000000000000e+01 3.966039999999999993e-47
9.275000000000000000e+01 3.951479999999999969e-47
9.300000000000000000e+01 3.936740000000000076e-47
9.325000000000000000e+01 3.921799999999999844e-47
9.350000000000000000e+01 3.906459999999999906e-47
9.375000000000000000e+01 3.891569999999999880e-47
9.400000000000000000e+01 3.876440000000000030e-47
9.425000000000000000e+01 3.861530000000000019e-47
9.450000000000000000e+01 3.846469999999999875e-47
9.475000000000000000e+01 3.832310000000000044e-47
9.500000000000000000e+01 3.817880000000000168e-47
9.525000000000000000e+01 3.803179999999999760e-47
9.550000000000000000e+01 3.788889999999999781e-47
9.575000000000000000e+01 3.774669999999999993e-47
9.600000000000000000e+01 3.760309999999999822e-47
9.625000000000000000e+01 3.746559999999999934e-47
9.650000000000000000e+01 3.732650000000000162e-47
9.675000000000000000e+01 3.718719999999999919e-47
9.700000000000000000e+01 3.704910000000000074e-47
9.725000000000000000e+01 3.691289999999999847e-47
9.750000000000000000e+01 3.677570000000000180e-47
9.775000000000000000e+01 3.664209999999999762e-47
9.800000000000000000e+01 3.650849999999999830e-47
9.825000000000000000e+01 3.637529999999999870e-47
9.850000000000000000e+01 3.624409999999999762e-47
9.875000000000000000e+01 3.611210000000000200e-47
9.900000000000000000e+01 3.598320000000000167e-47
9.925000000000000000e+01 3.585579999999999781e-47
9.950000000000000000e+01 3.572959999999999793e-47
9.975000000000000000e+01 3.560060000000000011e-47
1.000000000000000000e+02 3.547739999999999803e-47
1.002500000000000000e+02 3.535010000000000139e-47
1.005000000000000000e+02 3.522240000000000018e-47
1.007500000000000000e+02 3.509819999999999884e-47
1.010000000000000000e+02 3.497600000000000089e-47
1.012500000000000000e+02 3.485460000000000236e-47
1.015000000000000000e+02 3.473230000000000206e-47
1.017500000000000000e+02 3.460599999999999982e-47
1.020000000000000000e+02 3.447590000000000037e-47
1.022500000000000000e+02 3.434850000000000137e-47
1.025000000000000000e+02 3.421490000000000206e-47
1.027500000000000000e+02 3.407989999999999891e-47
1.030000000000000000e+02 3.395070000000000123e-47
1.032500000000000000e+02 3.380889999999999820e-47
1.035000000000000000e+02 3.367549999999999874e-47
1.037500000000000000e+02 3.355250000000000138e-47
1.040000000000000000e+02 3.343100000000000049e-47
1.042500000000000000e+02 3.331029999999999901e-47
1.045000000000000000e+02 3.319049999999999931e-47
1.047500000000000000e+02 3.307769999999999933e-47
1.050000000000000000e+02 3.297039999999999776e-47
1.052500000000000000e+02 3.286299999999999869e-47
1.055000000000000000e+02 3.275650000000000139e-47
1.057500000000000000e+02 3.265139999999999820e-47
1.060000000000000000e+02 3.254490000000000090e-47
1.062500000000000000e+02 3.244339999999999993e-47
1.065000000000000000e+02 3.234019999999999779e-47
1.067500000000000000e+02 3.223680000000000064e-47
1.070000000000000000e+02 3.213700000000000086e-47
1.072500000000000000e+02 3.203609999999999946e-47
1.075000000000000000e+02 3.193729999999999895e-47
1.077500000000000000e+02 3.183809999999999873e-47
1.080000000000000000e+02 3.173760000000000189e-47
1.082500000000000000e+02 3.163989999999999814e-47
1.085000000000000000e+02 3.154250000000000147e-47
1.087500000000000000e+02 3.144649999999999890e-47
1.090000000000000000e+02 3.135079999999999855e-47
1.092500000000000000e+02 3.125830000000000071e-47
1.095000000000000000e+02 3.116780000000000141e-47
1.097500000000000000e+02 3.107480000000000151e-47
1.100000000000000000e+02 3.098329999999999808e-47
1.102500000000000000e+02 3.089330000000000084e-47
1.105000000000000000e+02 3.080269999999999918e-47
1.107500000000000000e+02 3.071530000000000003e-47
1.110000000000000000e+02 3.062859999999999794e-47
1.112500000000000000e+02 3.054320000000000220e-47
1.115000000000000000e+02 3.045949999999999791e-47
1.117500000000000000e+02 3.037539999999999878e-47
1.120000000000000000e+02 3.029360000000000039e-47
1.122500000000000000e+02 3.020749999999999786e-47
1.125000000000000000e+02 3.012490000000000006e-47
1.127500000000000000e+02 3.004310000000000167e-47
1.130000000000000000e+02 2.996220000000000020e-47
1.132500000000000000e+02 2.988069999999999916e-47
1.135000000000000000e+02 2.979950000000000033e-47
1.137500000000000000e+02 2.972169999999999901e-47
1.140000000000000000e+02 2.964690000000000036e-47
1.142500000000000000e+02 2.956829999999999963e-47
1.145000000000000000e+02 2.949149999999999757e-47
1.147500000000000000e+02 2.941350000000000126e-47
1.150000000000000000e+02 2.933760000000000098e-47
1.152500000000000000e+02 2.926320000000000203e-47
1.155000000000000000e+02 2.919040000000000191e-47
1.157500000000000000e+02 2.912050000000000210e-47
1.160000000000000000e+02 2.904810000000000168e-47
1.162500000000000000e+02 2.897309999999999831e-47
1.165000000000000000e+02 2.889739999999999788e-47
1.167500000000000000e+02 2.882609999999999909e-47
1.170000000000000000e+02 2.875750000000000076e-47
1.172500000000000000e+02 2.868589999999999975e-47
1.175000000000000000e+02 2.861509999999999817e-47
1.177500000000000000e+02 2.854430000000000144e-47
1.180000000000000000e+02 2.847210000000000088e-47
1.182500000000000000e+02 2.839970000000000046e-47
1.185000000000000000e+02 2.832869999999999902e-47
1.187500000000000000e+02 2.825749999999999773e-47
1.190000000000000000e+02 2.818490000000000232e-47
1.192500000000000000e+02 2.811399999999999838e-47
1.195000000000000000e+02 2.804280000000000195e-47
1.197500000000000000e+02 2.797060000000000138e-47
1.200000000000000000e+02 2.790139999999999862e-47
1.202500000000000000e+02 2.783020000000000219e-47
1.205000000000000000e+02 2.776230000000000091e-47
1.207500000000000000e+02 2.769390000000000242e-47
1.210000000000000000e+02 2.762339999999999819e-47
1.212500000000000000e+02 2.755420000000000029e-47
1.215000000000000000e+02 2.748589999999999930e-47
1.217500000000000000e+02 2.741770000000000067e-47
1.220000000000000000e+02 2.735099999999999851e-47
1.222500000000000000e+02 2.728660000000000195e-47
1.225000000000000000e+02 2.722100000000000141e-47
1.227500000000000000e+02 2.715520000000000102e-47
1.230000000000000000e+02 2.709110000000000182e-47
1.232500000000000000e+02 2.702499999999999922e-47
1.235000000000000000e+02 2.695879999999999912e-47
1.237500000000000000e+02 2.689500000000000212e-47
1.240000000000000000e+02 2.683299999999999895e-47
1.242500000000000000e+02 2.677080000000000078e-47
1.245000000000000000e+02 2.671020000000000144e-47
1.247500000000000000e+02 2.664759999999999871e-47
1.250000000000000000e+02 2.658639999999999981e-47
1.252500000000000000e+02 2.652640000000000003e-47
1.255000000000000000e+02 2.646440000000000171e-47
1.257500000000000000e+02 2.640569999999999855e-47
1.260000000000000000e+02 2.634529999999999906e-47
1.262500000000000000e+02 2.628640000000000091e-47
1.265000000000000000e+02 2.622629999999999877e-47
1.267500000000000000e+02 2.616749999999999811e-47
1.270000000000000000e+02 2.611030000000000114e-47
1.272500000000000000e+02 2.605309999999999931e-47
1.275000000000000000e+02 2.599560000000000013e-47
1.277500000000000000e+02 2.594020000000000184e-47
1.280000000000000000e+02 2.588510000000000090e-47
1.282500000000000000e+02 2.583090000000000173e-47
1.285000000000000000e+02 2.577690000000000241e-47
1.287500000000000000e+02 2.572240000000000103e-47
1.290000000000000000e+02 2.567000000000000055e-47
1.292500000000000000e+02 2.561660000000000079e-47
1.295000000000000000e+02 2.556449999999999765e-47
1.297500000000000000e+02 2.551339999999999864e-47
1.300000000000000000e+02 2.546240000000000199e-47
1.302500000000000000e+02 2.541080000000000091e-47
1.305000000000000000e+02 2.536130000000000073e-47
1.307500000000000000e+02 2.531200000000000040e-47
1.310000000000000000e+02 2.526150000000000095e-47
1.312500000000000000e+02 2.521280000000000018e-47
1.315000000000000000e+02 2.516310000000000015e-47
1.317500000000000000e+02 2.511470000000000159e-47
1.320000000000000000e+02 2.506509999999999905e-47
1.322500000000000000e+02 2.501619999999999842e-47
1.325000000000000000e+02 2.496899999999999899e-47
1.327500000000000000e+02 2.492179999999999955e-47
1.330000000000000000e+02 2.487510000000000218e-47
1.332500000000000000e+02 2.482890000000000201e-47
1.335000000000000000e+02 2.478529999999999993e-47
1.337500000000000000e+02 2.474080000000000094e-47
1.340000000000000000e+02 2.469610000000000210e-47
1.342500000000000000e+02 2.465079999999999884e-47
1.345000000000000000e+02 2.460499999999999838e-47
1.347500000000000000e+02 2.455959999999999762e-47
1.350000000000000000e+02 2.451449999999999908e-47
1.352500000000000000e+02 2.446949999999999803e-47
1.355000000000000000e+02 2.442590000000000081e-47
1.357500000000000000e+02 2.438399999999999992e-47
1.360000000000000000e+02 2.434010000000000049e-47
1.362500000000000000e+02 2.429760000000000004e-47
1.365000000000000000e+02 2.425500000000000210e-47
1.367500000000000000e+02 2.421210000000000194e-47
1.370000000000000000e+02 2.417009999999999869e-47
1.372500000000000000e+02 2.412960000000000163e-47
1.375000000000000000e+02 2.408819999999999794e-47
1.377500000000000000e+02 2.404810000000000059e-47
1.380000000000000000e+02 2.400759999999999868e-47
1.382500000000000000e+02 2.396699999999999926e-47
1.385000000000000000e+02 2.392859999999999824e-47
1.387500000000000000e+02 2.388959999999999765e-47
1.390000000000000000e+02 2.385080000000000178e-47
1.392500000000000000e+02 2.381189999999999869e-47
1.395000000000000000e+02 2.377419999999999958e-47
1.397500000000000000e+02 2.373699999999999768e-47
1.400000000000000000e+02 2.370029999999999784e-47
1.402500000000000000e+02 2.366119999999999975e-47
1.405000000000000000e+02 2.362480000000000212e-47
1.407500000000000000e+02 2.359229999999999920e-47
1.410000000000000000e+02 2.355699999999999834e-47
1.412500000000000000e+02 2.352549999999999955e-47
1.415000000000000000e+02 2.349099999999999809e-47
1.417500000000000000e+02 2.345810000000000033e-47
1.420000000000000000e+02 2.342430000000000079e-47
1.422500000000000000e+02 2.339199999999999773e-47
1.425000000000000000e+02 2.336040000000000144e-47
1.427500000000000000e+02 2.332820000000000073e-47
1.430000000000000000e+02 2.329409999999999899e-47
1.432500000000000000e+02 2.326029999999999945e-47
1.435000000000000000e+02 2.322689999999999962e-47
1.437500000000000000e+02 2.319400000000000186e-47
1.440000000000000000e+02 2.316169999999999879e-47
1.442500000000000000e+02 2.312960000000000044e-47
1.445000000000000000e+02 2.309799999999999929e-47
1.447500000000000000e+02 2.306539999999999888e-47
1.450000000000000000e+02 2.303420000000000230e-47
1.452500000000000000e+02 2.300269999999999865e-47
1.455000000000000000e+02 2.297230000000000148e-47
1.457500000000000000e+02 2.294059999999999798e-47
1.460000000000000000e+02 2.290989999999999860e-47
1.462500000000000000e+02 2.287990000000000114e-47
1.465000000000000000e+02 2.284969999999999897e-47
1.467500000000000000e+02 2.281990000000000136e-47
1.470000000000000000e+02 2.279120000000000052e-47
1.472500000000000000e+02 2.276220000000000233e-47
1.475000000000000000e+02 2.273200000000000015e-47
1.477500000000000000e+02 2.270340000000000167e-47
1.480000000000000000e+02 2.267330000000000185e-47
1.482500000000000000e+02 2.264500000000000071e-47
1.485000000000000000e+02 2.261769999999999885e-47
1.487500000000000000e+02 2.258969999999999992e-47
1.490000000000000000e+02 2.256070000000000173e-47
1.492500000000000000e+02 2.253229999999999824e-47
1.495000000000000000e+02 2.250480000000000137e-47
1.497500000000000000e+02 2.247829999999999892e-47
1.500000000000000000e+02 2.245109999999999941e-47
1.502500000000000000e+02 2.242359999999999769e-47
1.505000000000000000e+02 2.239670000000000039e-47
1.507500000000000000e+02 2.237070000000000000e-47
1.510000000000000000e+02 2.234629999999999843e-47
1.512500000000000000e+02 2.232259999999999879e-47
1.515000000000000000e+02 2.229639999999999854e-47
1.517500000000000000e+02 2.226979999999999859e-47
1.520000000000000000e+02 2.224450000000000012e-47
1.522500000000000000e+02 2.221770000000000031e-47
1.525000000000000000e+02 2.219209999999999963e-47
1.527500000000000000e+02 2.216430000000000056e-47
1.530000000000000000e+02 2.213500000000000016e-47
1.532500000000000000e+02 2.211070000000000095e-47
1.535000000000000000e+02 2.208549999999999997e-47
1.537500000000000000e+02 2.205900000000000238e-47
1.540000000000000000e+02 2.203289999999999963e-47
1.542500000000000000e+02 2.200530000000000041e-47
1.545000000000000000e+02 2.198009999999999944e-47
1.547500000000000000e+02 2.195639999999999979e-47
1.550000000000000000e+02 2.193320000000000221e-47
1.552500000000000000e+02 2.190970000000000242e-47
1.555000000000000000e+02 2.188709999999999953e-47
1.557500000000000000e+02 2.186510000000000107e-47
1.560000000000000000e+02 2.184300000000000026e-47
1.562500000000000000e+02 2.181970000000000032e-47
1.565000000000000000e+02 2.179719999999999979e-47
1.567500000000000000e+02 2.177630000000000053e-47
1.570000000000000000e+02 2.175399999999999985e-47
1.572500000000000000e+02 2.173219999999999882e-47
1.575000000000000000e+02 2.170910000000000116e-47
1.577500000000000000e+02 2.168819999999999946e-47
1.580000000000000000e+02 2.166710000000000034e-47
1.582500000000000000e+02 2.164489999999999960e-47
1.585000000000000000e+02 2.162290000000000114e-47
1.587500000000000000e+02 2.160060000000000047e-47
1.590000000000000000e+02 2.157879999999999943e-47
1.592500000000000000e+02 2.155790000000000016e-47
1.595000000000000000e+02 2.153829999999999994e-47
1.597500000000000000e+02 2.151680000000000111e-47
1.600000000000000000e+02 2.149840000000000001e-47
1.602500000000000000e+02 2.147989999999999899e-47
1.605000000000000000e+02 2.145939999999999943e-47
1.607500000000000000e+02 2.144019999999999892e-47
1.610000000000000000e+02 2.142070000000000105e-47
1.612500000000000000e+02 2.140170000000000039e-47
1.615000000000000000e+02 2.138299999999999951e-47
1.617500000000000000e+02 2.136379999999999900e-47
1.620000000000000000e+02 2.134510000000000055e-47
1.622500000000000000e+02 2.132609999999999989e-47
1.625000000000000000e+02 2.130769999999999879e-47
1.627500000000000000e+02 2.128920000000000020e-47
1.630000000000000000e+02 2.127069999999999917e-47
1.632500000000000000e+02 2.125319999999999984e-47
1.635000000000000000e+02 2.123640000000000000e-47
1.637500000000000000e+02 2.121799999999999890e-47
1.640000000000000000e+02 2.120029999999999972e-47
1.642500000000000000e+02 2.118349999999999988e-47
1.645000000000000000e+02 2.116719999999999967e-47
1.647500000000000000e+02 2.114960000000000042e-47
1.650000000000000000e+02 2.113359999999999999e-47
1.652500000000000000e+02 2.111739999999999971e-47
1.655000000000000000e+02 2.110040000000000002e-47
1.657500000000000000e+02 2.108590000000000092e-47
1.660000000000000000e+02 2.106940000000000086e-47
1.662500000000000000e+02 2.105290000000000080e-47
1.665000000000000000e+02 2.103730000000000008e-47
1.667500000000000000e+02 2.102199999999999914e-47
1.670000000000000000e+02 2.100509999999999937e-47
1.672500000000000000e+02 2.098909999999999894e-47
1.675000000000000000e+02 2.097320000000000087e-47
1.677500000000000000e+02 2.095919999999999898e-47
1.680000000000000000e+02 2.094239999999999914e-47
1.682500000000000000e+02 2.092660000000000100e-47
1.685000000000000000e+02 2.091299999999999881e-47
1.687500000000000000e+02 2.089919999999999920e-47
1.690000000000000000e+02 2.088440000000000032e-47
1.692500000000000000e+02 2.086939999999999916e-47
1.695000000000000000e+02 2.085529999999999977e-47
1.697500000000000000e+02 2.084120000000000039e-47
1.700000000000000000e+02 2.082750000000000070e-47
1.702500000000000000e+02 2.081319999999999903e-47
1.705000000000000000e+02 2.079999999999999898e-47
1.707500000000000000e+02 2.078730000000000100e-47
1.710000000000000000e+02 2.077369999999999881e-47
1.712500000000000000e+02 2.076019999999999898e-47
1.715000000000000000e+02 2.074550000000000003e-47
1.717500000000000000e+02 2.073210000000000013e-47
1.720000000000000000e+02 2.072009999999999920e-47
1.722500000000000000e+02 2.070820000000000063e-47
1.725000000000000000e+02 2.069550000000000022e-47
1.727500000000000000e+02 2.068230000000000017e-47
1.730000000000000000e+02 2.066870000000000041e-47
1.732500000000000000e+02 2.065600000000000000e-47
1.735000000000000000e+02 2.064379999999999921e-47
1.737500000000000000e+02 2.063190000000000064e-47
1.740000000000000000e+02 2.061860000000000067e-47
1.742500000000000000e+02 2.060679999999999959e-47
1.745000000000000000e+02 2.059550000000000058e-47
1.747500000000000000e+02 2.058359999999999958e-47
1.750000000000000000e+02 2.057230000000000057e-47
1.752500000000000000e+02 2.056150000000000119e-47
1.755000000000000000e+02 2.054960000000000019e-47
1.757500000000000000e+02 2.053759999999999926e-47
1.760000000000000000e+02 2.052560000000000077e-47
1.762500000000000000e+02 2.051369999999999976e-47
1.765000000000000000e+02 2.050280000000000046e-47
1.767500000000000000e+02 2.049099999999999939e-47
1.770000000000000000e+02 2.048089999999999950e-47
1.772500000000000000e+02 2.046900000000000093e-47
1.775000000000000000e+02 2.045620000000000058e-47
1.777500000000000000e+02 2.044459999999999936e-47
1.780000000000000000e+02 2.043270000000000079e-47
1.782500000000000000e+02 2.042250000000000097e-47
1.785000000000000000e+02 2.040879999999999886e-47
1.787500000000000000e+02 2.039370000000000021e-47
1.790000000000000000e+02 2.038040000000000023e-47
1.792500000000000000e+02 2.036779999999999974e-47
1.795000000000000000e+02 2.035549999999999903e-47
1.797500000000000000e+02 2.034559999999999900e-47
1.800000000000000000e+02 2.033610000000000110e-47
1.802500000000000000e+02 2.032559999999999907e-47
1.805000000000000000e+02 2.031390000000000035e-47
1.807500000000000000e+02 2.030290000000000112e-47
1.810000000000000000e+02 2.029209999999999931e-47
1.812500000000000000e+02 2.028110000000000008e-47
1.815000000000000000e+02 2.027350000000000079e-47
1.817500000000000000e+02 2.026259999999999906e-47
1.820000000000000000e+02 2.025310000000000116e-47
1.822500000000000000e+02 2.024350000000000090e-47
1.825000000000000000e+02 2.023430000000000035e-47
1.827500000000000000e+02 2.022549999999999951e-47
1.830000000000000000e+02 2.021499999999999991e-47
1.832500000000000000e+02 2.020490000000000002e-47
1.835000000000000000e+02 2.019460000000000028e-47
1.837500000000000000e+02 2.018569999999999951e-47
1.840000000000000000e+02 2.017569999999999955e-47
1.842500000000000000e+02 2.016599999999999936e-47
1.845000000000000000e+02 2.015609999999999933e-47
1.847500000000000000e+02 2.014579999999999958e-47
1.850000000000000000e+02 2.013649999999999911e-47
1.852500000000000000e+02 2.012780000000000062e-47
1.855000000000000000e+02 2.011879999999999993e-47
1.857500000000000000e+02 2.010959999999999938e-47
1.860000000000000000e+02 2.010160000000000038e-47
1.862500000000000000e+02 2.009450000000000072e-47
1.865000000000000000e+02 2.008579999999999980e-47
1.867500000000000000e+02 2.007629999999999947e-47
1.870000000000000000e+02 2.006709999999999893e-47
1.872500000000000000e+02 2.005560000000000006e-47
1.875000000000000000e+02 2.004599999999999980e-47
1.877500000000000000e+02 2.003750000000000117e-47
1.880000000000000000e+02 2.002830000000000062e-47
1.882500000000000000e+02 2.001969999999999963e-47
1.885000000000000000e+02 2.001019999999999930e-47
1.887500000000000000e+02 2.000079999999999890e-47
1.890000000000000000e+02 1.999319999999999961e-47
1.892500000000000000e+02 1.998530000000000054e-47
1.895000000000000000e+02 1.997850000000000066e-47
1.897500000000000000e+02 1.997220000000000042e-47
1.900000000000000000e+02 1.996450000000000120e-47
1.902500000000000000e+02 1.995460000000000116e-47
1.905000000000000000e+02 1.994850000000000077e-47
1.907500000000000000e+02 1.994009999999999963e-47
1.910000000000000000e+02 1.993260000000000027e-47
1.912500000000000000e+02 1.992530000000000076e-47
1.915000000000000000e+02 1.991810000000000117e-47
1.917500000000000000e+02 1.990960000000000011e-47
1.920000000000000000e+02 1.990210000000000075e-47
1.922500000000000000e+02 1.989329999999999990e-47
1.925000000000000000e+02 1.988650000000000003e-47
1.927500000000000000e+02 1.987850000000000103e-47
1.930000000000000000e+02 1.987129999999999901e-47
1.932500000000000000e+02 1.986369999999999972e-47
1.935000000000000000e+02 1.985660000000000006e-47
1.937500000000000000e+02 1.985059999999999960e-47
1.940000000000000000e+02 1.984469999999999906e-47
1.942500000000000000e+02 1.983829999999999889e-47
1.945000000000000000e+02 1.983000000000000011e-47
1.947500000000000000e+02 1.982190000000000119e-47
1.950000000000000000e+02 1.981540000000000109e-47
1.952500000000000000e+02 1.980990000000000026e-47
1.955000000000000000e+02 1.980399999999999972e-47
1.957500000000000000e+02 1.979769999999999948e-47
1.960000000000000000e+02 1.979210000000000115e-47
1.962500000000000000e+02 1.978489999999999913e-47
1.965000000000000000e+02 1.977789999999999940e-47
1.967500000000000000e+02 1.977199999999999887e-47
1.970000000000000000e+02 1.976680000000000025e-47
1.972500000000000000e+02 1.975970000000000059e-47
1.975000000000000000e+02 1.975509999999999910e-47
1.977500000000000000e+02 1.974990000000000048e-47
1.980000000000000000e+02 1.974350000000000031e-47
1.982500000000000000e+02 1.973700000000000021e-47
1.985000000000000000e+02 1.973159999999999931e-47
1.987500000000000000e+02 1.972610000000000091e-47
1.990000000000000000e+02 1.972099999999999978e-47
1.992500000000000000e+02 1.971549999999999895e-47
1.995000000000000000e+02 1.971169999999999931e-47
1.997500000000000000e+02 1.970600000000000105e-47
2.000000000000000000e+02 1.970189999999999920e-47
2.002500000000000000e+02 1.969700000000000036e-47
2.005000000000000000e+02 1.969149999999999953e-47
2.007500000000000000e+02 1.968710000000000032e-47
2.010000000000000000e+02 1.968270000000000111e-47
2.012500000000000000e+02 1.967829999999999948e-47
2.015000000000000000e+02 1.967509999999999939e-47
2.017500000000000000e+02 1.967119999999999982e-47
2.020000000000000000e+02 1.966589999999999884e-47
2.022500000000000000e+02 1.966119999999999986e-47
2.025000000000000000e+02 1.965720000000000036e-47
2.027500000000000000e+02 1.965199999999999931e-47
2.030000000000000000e+02 1.964730000000000032e-47
2.032500000000000000e+02 1.964380000000000046e-47
2.035000000000000000e+02 1.963939999999999882e-47
2.037500000000000000e+02 1.963630000000000109e-47
2.040000000000000000e+02 1.963199999999999938e-47
2.042500000000000000e+02 1.962740000000000032e-47
2.045000000000000000e+02 1.962330000000000090e-47
2.047500000000000000e+02 1.961980000000000103e-47
2.050000000000000000e+02 1.961589999999999903e-47
2.052500000000000000e+02 1.961350000000000079e-47
2.055000000000000000e+02 1.961149999999999982e-47
2.057500000000000000e+02 1.960889999999999930e-47
2.060000000000000000e+02 1.960619999999999884e-47
2.062500000000000000e+02 1.960310000000000112e-47
2.065000000000000000e+02 1.960030000000000074e-47
2.067500000000000000e+02 1.959720000000000058e-47
2.070000000000000000e+02 1.959340000000000093e-47
2.072500000000000000e+02 1.959040000000000070e-47
2.075000000000000000e+02 1.958720000000000061e-47
2.077500000000000000e+02 1.958470000000000002e-47
2.080000000000000000e+02 1.958159999999999986e-47
2.082500000000000000e+02 1.957879999999999948e-47
2.085000000000000000e+02 1.957559999999999939e-47
2.087500000000000000e+02 1.957080000000000048e-47
2.090000000000000000e+02 1.956829999999999988e-47
2.092500000000000000e+02 1.956509999999999980e-47
2.095000000000000000e+02 1.956159999999999993e-47
2.097500000000000000e+02 1.955839999999999985e-47
2.100000000000000000e+02 1.955450000000000027e-47
2.102500000000000000e+02 1.955070000000000063e-47
2.105000000000000000e+02 1.954780000000000032e-47
2.107500000000000000e+02 1.954490000000000002e-47
2.110000000000000000e+02 1.954169999999999993e-47
2.112500000000000000e+02 1.953929999999999926e-47
2.115000000000000000e+02 1.953770000000000043e-47
2.117500000000000000e+02 1.953440000000000042e-47
2.120000000000000000e+02 1.953160000000000004e-47
2.122500000000000000e+02 1.952969999999999900e-47
2.125000000000000000e+02 1.952760000000000054e-47
2.127500000000000000e+02 1.952569999999999950e-47
2.130000000000000000e+02 1.952350000000000112e-47
2.132500000000000000e+02 1.952090000000000059e-47
2.135000000000000000e+02 1.951780000000000043e-47
2.137500000000000000e+02 1.951680000000000116e-47
2.140000000000000000e+02 1.951400000000000079e-47
2.142500000000000000e+02 1.951339999999999879e-47
2.145000000000000000e+02 1.951120000000000041e-47
2.147500000000000000e+02 1.951030000000000107e-47
2.150000000000000000e+02 1.950830000000000010e-47
2.152500000000000000e+02 1.950750000000000069e-47
2.155000000000000000e+02 1.950720000000000091e-47
2.157500000000000000e+02 1.950579999999999950e-47
2.160000000000000000e+02 1.950430000000000060e-47
2.162500000000000000e+02 1.950199999999999986e-47
2.165000000000000000e+02 1.949889999999999970e-47
2.167500000000000000e+02 1.949929999999999941e-47
2.170000000000000000e+02 1.949629999999999917e-47
2.172500000000000000e+02 1.949380000000000101e-47
2.175000000000000000e+02 1.949100000000000063e-47
2.177500000000000000e+02 1.948899999999999966e-47
2.180000000000000000e+02 1.948669999999999892e-47
2.182500000000000000e+02 1.948589999999999950e-47
2.185000000000000000e+02 1.948500000000000016e-47
2.187500000000000000e+02 1.948299999999999920e-47
2.190000000000000000e+02 1.948100000000000066e-47
2.192500000000000000e+02 1.947869999999999992e-47
2.195000000000000000e+02 1.947859999999999999e-47
2.197500000000000000e+02 1.947810000000000036e-47
2.200000000000000000e+02 1.947470000000000042e-47
2.202500000000000000e+02 1.947130000000000048e-47
2.205000000000000000e+02 1.946820000000000032e-47
2.207500000000000000e+02 1.946710000000000113e-47
2.210000000000000000e+02 1.946410000000000090e-47
2.212500000000000000e+02 1.946060000000000103e-47
2.215000000000000000e+02 1.945909999999999970e-47
2.217500000000000000e+02 1.945559999999999983e-47
2.220000000000000000e+02 1.945239999999999975e-47
2.222500000000000000e+02 1.944989999999999915e-47
2.225000000000000000e+02 1.944780000000000069e-47
2.227500000000000000e+02 1.944629999999999936e-47
2.230000000000000000e+02 1.944279999999999949e-47
2.232500000000000000e+02 1.944090000000000088e-47
2.235000000000000000e+02 1.943689999999999895e-47
2.237500000000000000e+02 1.943390000000000115e-47
2.240000000000000000e+02 1.942919999999999974e-47
2.242500000000000000e+02 1.942649999999999928e-47
2.245000000000000000e+02 1.942510000000000031e-47
2.247500000000000000e+02 1.942150000000000052e-47
2.250000000000000000e+02 1.941659999999999925e-47
2.252500000000000000e+02 1.941319999999999931e-47
2.255000000000000000e+02 1.940999999999999922e-47
2.257500000000000000e+02 1.940719999999999884e-47
2.260000000000000000e+02 1.940319999999999935e-47
2.262500000000000000e+02 1.939949999999999963e-47
2.265000000000000000e+02 1.939279999999999968e-47
2.267500000000000000e+02 1.938810000000000069e-47
2.270000000000000000e+02 1.938289999999999964e-47
2.272500000000000000e+02 1.937900000000000007e-47
2.275000000000000000e+02 1.937180000000000048e-47
2.277500000000000000e+02 1.936689999999999921e-47
2.280000000000000000e+02 1.936170000000000059e-47
2.282500000000000000e+02 1.935450000000000101e-47
2.285000000000000000e+02 1.935049999999999908e-47
2.287500000000000000e+02 1.934359999999999927e-47
2.290000000000000000e+02 1.933810000000000087e-47
2.292500000000000000e+02 1.932969999999999974e-47
2.295000000000000000e+02 1.932180000000000067e-47
2.297500000000000000e+02 1.931689999999999939e-47
2.300000000000000000e+02 1.930840000000000076e-47
2.302500000000000000e+02 1.930049999999999926e-47
2.305000000000000000e+02 1.929329999999999968e-47
2.307500000000000000e+02 1.928480000000000104e-47
2.310000000000000000e+02 1.927560000000000049e-47
2.312500000000000000e+02 1.926669999999999973e-47
2.315000000000000000e+02 1.925779999999999896e-47
2.317500000000000000e+02 1.924679999999999973e-47
2.320000000000000000e+02 1.923530000000000086e-47
2.322500000000000000e+02 1.922500000000000112e-47
2.325000000000000000e+02 1.921489999999999880e-47
2.327500000000000000e+02 1.920300000000000023e-47
2.330000000000000000e+02 1.918860000000000106e-47
2.332500000000000000e+02 1.917379999999999975e-47
2.335000000000000000e+02 1.915670000000000013e-47
2.337500000000000000e+02 1.913880000000000109e-47
2.340000000000000000e+02 1.911600000000000079e-47
2.342500000000000000e+02 1.909539999999999887e-47
2.345000000000000000e+02 1.907099999999999974e-47
2.347500000000000000e+02 1.904340000000000052e-47
2.350000000000000000e+02 1.902290000000000096e-47
2.352500000000000000e+02 1.899569999999999902e-47
2.355000000000000000e+02 1.897040000000000055e-47
2.357500000000000000e+02 1.893929999999999903e-47
2.360000000000000000e+02 1.890420000000000045e-47
2.362500000000000000e+02 1.887050000000000084e-47
2.365000000000000000e+02 1.883090000000000069e-47
2.367500000000000000e+02 1.878740000000000097e-47
2.370000000000000000e+02 1.874389999999999882e-47
2.372500000000000000e+02 1.870589999999999994e-47
2.375000000000000000e+02 1.866130000000000102e-47
2.377500000000000000e+02 1.861409999999999916e-47
2.380000000000000000e+02 1.856220000000000073e-47
2.382500000000000000e+02 1.850940000000000054e-47
2.385000000000000000e+02 1.845620000000000063e-47
2.387500000000000000e+02 1.839209999999999900e-47
2.390000000000000000e+02 1.833149999999999966e-47
2.392500000000000000e+02 1.827090000000000032e-47
2.395000000000000000e+02 1.820229999999999955e-47
2.397500000000000000e+02 1.813440000000000070e-47
2.400000000000000000e+02 1.805739999999999879e-47
2.402500000000000000e+02 1.798439999999999882e-47
2.405000000000000000e+02 1.790429999999999919e-47
2.407500000000000000e+02 1.781640000000000041e-47
2.410000000000000000e+02 1.774040000000000020e-47
2.412500000000000000e+02 1.766469999999999977e-47
2.415000000000000000e+02 1.759259999999999914e-47
2.417500000000000000e+02 1.751490000000000018e-47
2.420000000000000000e+02 1.743669999999999915e-47
2.422500000000000000e+02 1.736810000000000081e-47
2.425000000000000000e+02 1.730180000000000079e-47
2.427500000000000000e+02 1.724099999999999917e-47
2.430000000000000000e+02 1.718890000000000089e-47
2.432500000000000000e+02 1.713779999999999945e-47
2.435000000000000000e+02 1.708559999999999881e-47
2.437500000000000000e+02 1.704350000000000050e-47
2.440000000000000000e+02 1.699529999999999936e-47
2.442500000000000000e+02 1.696219999999999931e-47
2.445000000000000000e+02 1.690979999999999883e-47
2.447500000000000000e+02 1.684090000000000071e-47
2.450000000000000000e+02 1.674659999999999933e-47
2.452500000000000000e+02 1.661719999999999937e-47
2.455000000000000000e+02 1.643710000000000010e-47
2.457500000000000000e+02 1.620380000000000093e-47
2.460000000000000000e+02 1.590610000000000035e-47
2.462500000000000000e+02 1.554680000000000116e-47
2.465000000000000000e+02 1.511169999999999918e-47
2.467500000000000000e+02 1.461349999999999970e-47
2.470000000000000000e+02 1.404580000000000011e-47
2.472500000000000000e+02 1.340790000000000092e-47
2.475000000000000000e+02 1.272689999999999928e-47
2.477500000000000000e+02 1.199999999999999969e-47
2.480000000000000000e+02 1.123389999999999966e-47
2.482500000000000000e+02 1.046469999999999947e-47
2.485000000000000000e+02 9.654710000000000494e-48
2.487500000000000000e+02 8.830639999999999438e-48
2.490000000000000000e+02 8.085209999999999815e-48
2.492500000000000000e+02 7.378149999999999781e-48
2.495000000000000000e+02 6.701770000000000597e-48
2.497500000000000000e+02 6.124089999999999568e-48
2.500000000000000000e+02 5.606940000000000604e-48
2.502500000000000000e+02 5.162810000000000142e-48
2.505000000000000000e+02 4.799349999999999867e-48
2.507500000000000000e+02 4.487150000000000187e-48
2.510000000000000000e+02 4.228120000000000188e-48
2.512500000000000000e+02 4.037840000000000240e-48
2.515000000000000000e+02 3.899079999999999967e-48
2.517500000000000000e+02 3.824399999999999764e-48
2.520000000000000000e+02 3.830279999999999952e-48
2.522500000000000000e+02 3.904649999999999895e-48
2.525000000000000000e+02 4.059989999999999806e-48
2.527500000000000000e+02 4.283469999999999729e-48
2.530000000000000000e+02 4.561539999999999873e-48
2.532500000000000000e+02 4.896389999999999968e-48
2.535000000000000000e+02 5.291320000000000027e-48
2.537500000000000000e+02 5.727170000000000238e-48
2.540000000000000000e+02 6.298829999999999845e-48
2.542500000000000000e+02 6.993660000000000092e-48
2.545000000000000000e+02 7.921100000000000498e-48
2.547500000000000000e+02 8.974769999999999787e-48
2.550000000000000000e+02 1.033849999999999959e-47
2.552500000000000000e+02 1.185270000000000070e-47
2.555000000000000000e+02 1.355629999999999911e-47
2.557500000000000000e+02 1.689189999999999979e-47
2.560000000000000000e+02 inf
