0.000000000000000000e+00 inf
2.500000000000000000e-01 5.000000000000000000e-01
5.000000000000000000e-01 5.000000000000000000e-01
7.500000000000000000e-01 5.000000000000000000e-01
1.000000000000000000e+00 5.000000000000000000e-01
1.250000000000000000e+00 5.000000000000000000e-01
1.500000000000000000e+00 5.000000000000000000e-01
1.750000000000000000e+00 5.000000000000000000e-01
2.000000000000000000e+00 5.000000000000000000e-01
2.250000000000000000e+00 5.000000000000000000e-01
2.500000000000000000e+00 5.000000000000000000e-01
2.750000000000000000e+00 5.000000000000000000e-01
3.000000000000000000e+00 5.000000000000000000e-01
3.250000000000000000e+00 5.000000000000000000e-01
3.500000000000000000e+00 5.000000000000000000e-01
3.750000000000000000e+00 5.000000000000000000e-01
4.000000000000000000e+00 5.000000000000000000e-01
4.250000000000000000e+00 5.000000000000000000e-01
4.500000000000000000e+00 5.000000000000000000e-01
4.750000000000000000e+00 5.000000000000000000e-01
5.000000000000000000e+00 5.000000000000000000e-01
5.250000000000000000e+00 5.000000000000000000e-01
5.500000000000000000e+00 5.000000000000000000e-01
5.750000000000000000e+00 5.000000000000000000e-01
6.000000000000000000e+00 5.000000000000000000e-01
6.250000000000000000e+00 5.000000000000000000e-01
6.500000000000000000e+00 5.000000000000000000e-01
6.750000000000000000e+00 5.000000000000000000e-01
7.000000000000000000e+00 5.000000000000000000e-01
7.250000000000000000e+00 5.000000000000000000e-01
7.500000000000000000e+00 5.000000000000000000e-01
7.750000000000000000e+00 5.000000000000000000e-01
8.000000000000000000e+00 5.000000000000000000e-01
8.250000000000000000e+00 5.000000000000000000e-01
8.500000000000000000e+00 5.000000000000000000e-01
8.750000000000000000e+00 5.000000000000000000e-01
9.000000000000000000e+00 5.000000000000000000e-01
9.250000000000000000e+00 5.000000000000000000e-01
9.500000000000000000e+00 5.000000000000000000e-01
9.750000000000000000e+00 5.000000000000000000e-01
1.000000000000000000e+01 5.000000000000000000e-01
1.025000000000000000e+01 5.000000000000000000e-01
1.050000000000000000e+01 5.000000000000000000e-01
1.075000000000000000e+01 5.000000000000000000e-01
1.100000000000000000e+01 5.000000000000000000e-01
1.125000000000000000e+01 5.000000000000000000e-01
1.150000000000000000e+01 5.000000000000000000e-01
1.175000000000000000e+01 5.000000000000000000e-01
1.200000000000000000e+01 5.000000000000000000e-01
1.225000000000000000e+01 5.000000000000000000e-01
1.250000000000000000e+01 5.000000000000000000e-01
1.275000000000000000e+01 5.000000000000000000e-01
1.300000000000000000e+01 5.000000000000000000e-01
1.325000000000000000e+01 5.000000000000000000e-01
1.350000000000000000e+01 5.000000000000000000e-01
1.375000000000000000e+01 5.000000000000000000e-01
1.400000000000000000e+01 5.000000000000000000e-01
1.425000000000000000e+01 5.000000000000000000e-01
1.450000000000000000e+01 5.000000000000000000e-01
1.475000000000000000e+01 5.000000000000000000e-01
1.500000000000000000e+01 5.000000000000000000e-01
1.525000000000000000e+01 5.000000000000000000e-01
1.550000000000000000e+01 5.000000000000000000e-01
1.575000000000000000e+01 5.000000000000000000e-01
1.600000000000000000e+01 2.105130000000000115e-42
1.625000000000000000e+01 1.830890000000000009e-42
1.650000000000000000e+01 1.591130000000000101e-42
1.675000000000000000e+01 1.381190000000000063e-42
1.700000000000000000e+01 1.198660000000000038e-42
1.725000000000000000e+01 1.040860000000000073e-42
1.750000000000000000e+01 9.041699999999999767e-43
1.775000000000000000e+01 7.859080000000000787e-43
1.800000000000000000e+01 6.821699999999999973e-43
1.825000000000000000e+01 5.918960000000000323e-43
1.850000000000000000e+01 5.140320000000000340e-43
1.875000000000000000e+01 4.476740000000000121e-43
1.900000000000000000e+01 3.907910000000000219e-43
1.925000000000000000e+01 3.422099999999999961e-43
1.950000000000000000e+01 3.005949999999999914e-43
1.975000000000000000e+01 2.642259999999999822e-43
2.000000000000000000e+01 2.325430000000000152e-43
2.025000000000000000e+01 2.047929999999999978e-43
2.050000000000000000e+01 1.806179999999999990e-43
2.075000000000000000e+01 1.595929999999999931e-43
2.100000000000000000e+01 1.412740000000000098e-43
2.125000000000000000e+01 1.251520000000000006e-43
2.150000000000000000e+01 1.110570000000000031e-43
2.175000000000000000e+01 9.862569999999999426e-44
2.200000000000000000e+01 8.774370000000000184e-44
2.225000000000000000e+01 7.811900000000000166e-44
2.250000000000000000e+01 6.964880000000000379e-44
2.275000000000000000e+01 6.216400000000000032e-44
2.300000000000000000e+01 5.559109999999999856e-44
2.325000000000000000e+01 4.982110000000000223e-44
2.350000000000000000e+01 4.488860000000000070e-44
2.375000000000000000e+01 4.074880000000000066e-44
2.400000000000000000e+01 3.672199999999999944e-44
2.425000000000000000e+01 3.304489999999999766e-44
2.450000000000000000e+01 2.984970000000000123e-44
2.475000000000000000e+01 2.732769999999999966e-44
2.500000000000000000e+01 2.675080000000000183e-44
2.525000000000000000e+01 2.225729999999999984e-44
2.550000000000000000e+01 1.965329999999999902e-44
2.575000000000000000e+01 1.752269999999999944e-44
2.600000000000000000e+01 1.578409999999999975e-44
2.625000000000000000e+01 1.429619999999999952e-44
2.650000000000000000e+01 1.298379999999999879e-44
2.675000000000000000e+01 1.180779999999999914e-44
2.700000000000000000e+01 1.075740000000000001e-44
2.725000000000000000e+01 9.811519999999999833e-45
2.750000000000000000e+01 8.962869999999999894e-45
2.775000000000000000e+01 8.200039999999999615e-45
2.800000000000000000e+01 7.518199999999999571e-45
2.825000000000000000e+01 6.905510000000000039e-45
2.850000000000000000e+01 6.349969999999999701e-45
2.875000000000000000e+01 5.849849999999999836e-45
2.900000000000000000e+01 5.398199999999999810e-45
2.925000000000000000e+01 4.986870000000000102e-45
2.950000000000000000e+01 4.616409999999999815e-45
2.975000000000000000e+01 4.283899999999999725e-45
3.000000000000000000e+01 3.987409999999999742e-45
3.025000000000000000e+01 3.714660000000000114e-45
3.050000000000000000e+01 3.468700000000000268e-45
3.075000000000000000e+01 3.245229999999999993e-45
3.100000000000000000e+01 3.042680000000000291e-45
3.125000000000000000e+01 2.861749999999999738e-45
3.150000000000000000e+01 2.694780000000000115e-45
3.175000000000000000e+01 2.543359999999999996e-45
3.200000000000000000e+01 2.402030000000000055e-45
3.225000000000000000e+01 2.272029999999999891e-45
3.250000000000000000e+01 2.151169999999999931e-45
3.275000000000000000e+01 2.038640000000000040e-45
3.300000000000000000e+01 1.935939999999999917e-45
3.325000000000000000e+01 1.838679999999999851e-45
3.350000000000000000e+01 1.749299999999999882e-45
3.375000000000000000e+01 1.665259999999999909e-45
3.400000000000000000e+01 1.587150000000000052e-45
3.425000000000000000e+01 1.513610000000000143e-45
3.450000000000000000e+01 1.445480000000000147e-45
3.475000000000000000e+01 1.382510000000000065e-45
3.500000000000000000e+01 1.324780000000000070e-45
3.525000000000000000e+01 1.270530000000000053e-45
3.550000000000000000e+01 1.220260000000000016e-45
3.575000000000000000e+01 1.173790000000000034e-45
3.600000000000000000e+01 1.131500000000000002e-45
3.625000000000000000e+01 1.092260000000000020e-45
3.650000000000000000e+01 1.056860000000000023e-45
3.675000000000000000e+01 1.023740000000000028e-45
3.700000000000000000e+01 9.935700000000000199e-46
3.725000000000000000e+01 9.657090000000000062e-46
3.750000000000000000e+01 9.401579999999999817e-46
3.775000000000000000e+01 9.172030000000000574e-46
3.800000000000000000e+01 8.957320000000000762e-46
3.825000000000000000e+01 8.767049999999999567e-46
3.850000000000000000e+01 8.593769999999999776e-46
3.875000000000000000e+01 8.432980000000000116e-46
3.900000000000000000e+01 8.297170000000000719e-46
3.925000000000000000e+01 8.175899999999999319e-46
3.950000000000000000e+01 8.075189999999999575e-46
3.975000000000000000e+01 7.994569999999999448e-46
4.000000000000000000e+01 7.928129999999999332e-46
4.025000000000000000e+01 7.875489999999999798e-46
4.050000000000000000e+01 7.827780000000000685e-46
4.075000000000000000e+01 7.789099999999999281e-46
4.100000000000000000e+01 7.757389999999999332e-46
4.125000000000000000e+01 7.727809999999999912e-46
4.150000000000000000e+01 7.695879999999999638e-46
4.175000000000000000e+01 7.664590000000000451e-46
4.200000000000000000e+01 7.626180000000000647e-46
4.225000000000000000e+01 7.591240000000000100e-46
4.250000000000000000e+01 7.551889999999999333e-46
4.275000000000000000e+01 7.513070000000000268e-46
4.300000000000000000e+01 7.494070000000000775e-46
4.325000000000000000e+01 7.462229999999999998e-46
4.350000000000000000e+01 7.422539999999999577e-46
4.375000000000000000e+01 7.394610000000000260e-46
4.400000000000000000e+01 7.374320000000000206e-46
4.425000000000000000e+01 7.352310000000000440e-46
4.450000000000000000e+01 7.353160000000000352e-46
4.475000000000000000e+01 7.388589999999999714e-46
4.500000000000000000e+01 7.460530000000000174e-46
4.525000000000000000e+01 7.616319999999999804e-46
4.550000000000000000e+01 7.989140000000000268e-46
4.575000000000000000e+01 8.671310000000000021e-46
4.600000000000000000e+01 9.765589999999999785e-46
4.625000000000000000e+01 1.139539999999999982e-45
4.650000000000000000e+01 1.370259999999999991e-45
4.675000000000000000e+01 1.717740000000000027e-45
4.700000000000000000e+01 2.193900000000000146e-45
4.725000000000000000e+01 2.723279999999999977e-45
4.750000000000000000e+01 3.332730000000000211e-45
4.775000000000000000e+01 4.200770000000000261e-45
4.800000000000000000e+01 6.561250000000000034e-45
4.825000000000000000e+01 6.794880000000000097e-45
4.850000000000000000e+01 5.356150000000000147e-45
4.875000000000000000e+01 5.004439999999999817e-45
4.900000000000000000e+01 4.844719999999999771e-45
4.925000000000000000e+01 4.824420000000000084e-45
4.950000000000000000e+01 4.790770000000000098e-45
4.975000000000000000e+01 4.290690000000000009e-45
5.000000000000000000e+01 3.498849999999999922e-45
5.025000000000000000e+01 2.834800000000000228e-45
5.050000000000000000e+01 2.352590000000000042e-45
5.075000000000000000e+01 1.926199999999999957e-45
5.100000000000000000e+01 1.549830000000000063e-45
5.125000000000000000e+01 1.254439999999999993e-45
5.150000000000000000e+01 1.036549999999999925e-45
5.175000000000000000e+01 8.704189999999999647e-46
5.200000000000000000e+01 7.550509999999999275e-46
5.225000000000000000e+01 6.712210000000000238e-46
5.250000000000000000e+01 6.080209999999999836e-46
5.275000000000000000e+01 5.588869999999999701e-46
5.300000000000000000e+01 5.214009999999999759e-46
5.325000000000000000e+01 4.941710000000000103e-46
5.350000000000000000e+01 4.737069999999999960e-46
5.375000000000000000e+01 4.572469999999999835e-46
5.400000000000000000e+01 4.433739999999999661e-46
5.425000000000000000e+01 4.312609999999999812e-46
5.450000000000000000e+01 4.209380000000000164e-46
5.475000000000000000e+01 4.105319999999999715e-46
5.500000000000000000e+01 3.997519999999999965e-46
5.525000000000000000e+01 3.895769999999999816e-46
5.550000000000000000e+01 3.807560000000000147e-46
5.575000000000000000e+01 3.731500000000000178e-46
5.600000000000000000e+01 3.666529999999999617e-46
5.625000000000000000e+01 3.603150000000000273e-46
5.650000000000000000e+01 3.540290000000000353e-46
5.675000000000000000e+01 3.479440000000000078e-46
5.700000000000000000e+01 3.428630000000000029e-46
5.725000000000000000e+01 3.380220000000000165e-46
5.750000000000000000e+01 3.334109999999999880e-46
5.775000000000000000e+01 3.289069999999999832e-46
5.800000000000000000e+01 3.251299999999999948e-46
5.825000000000000000e+01 3.217249999999999867e-46
5.850000000000000000e+01 3.187590000000000117e-46
5.875000000000000000e+01 3.162319999999999920e-46
5.900000000000000000e+01 3.139649999999999957e-46
5.925000000000000000e+01 3.118630000000000098e-46
5.950000000000000000e+01 3.100680000000000176e-46
5.975000000000000000e+01 3.085859999999999856e-46
6.000000000000000000e+01 3.078899999999999901e-46
6.025000000000000000e+01 3.082490000000000041e-46
6.050000000000000000e+01 3.095359999999999991e-46
6.075000000000000000e+01 3.122440000000000174e-46
6.100000000000000000e+01 3.200590000000000118e-46
6.125000000000000000e+01 3.533760000000000326e-46
6.150000000000000000e+01 4.761859999999999730e-45
6.175000000000000000e+01 3.560149999999999702e-46
6.200000000000000000e+01 3.132730000000000167e-46
6.225000000000000000e+01 3.017179999999999826e-46
6.250000000000000000e+01 2.948740000000000009e-46
6.275000000000000000e+01 2.895939999999999814e-46
6.300000000000000000e+01 2.855290000000000097e-46
6.325000000000000000e+01 2.820969999999999970e-46
6.350000000000000000e+01 2.795490000000000171e-46
6.375000000000000000e+01 2.772959999999999814e-46
6.400000000000000000e+01 2.752419999999999991e-46
6.425000000000000000e+01 2.734690000000000005e-46
6.450000000000000000e+01 2.717580000000000051e-46
6.475000000000000000e+01 2.700859999999999860e-46
6.500000000000000000e+01 2.685230000000000182e-46
6.525000000000000000e+01 2.669969999999999990e-46
6.550000000000000000e+01 2.654950000000000011e-46
6.575000000000000000e+01 2.640439999999999902e-46
6.600000000000000000e+01 2.626049999999999899e-46
6.625000000000000000e+01 2.610990000000000143e-46
6.650000000000000000e+01 2.596909999999999962e-46
6.675000000000000000e+01 2.582280000000000135e-46
6.700000000000000000e+01 2.568460000000000054e-46
6.725000000000000000e+01 2.555260000000000005e-46
6.750000000000000000e+01 2.541820000000000132e-46
6.775000000000000000e+01 2.528750000000000134e-46
6.800000000000000000e+01 2.516059999999999955e-46
6.825000000000000000e+01 2.503399999999999996e-46
6.850000000000000000e+01 2.490969999999999918e-46
6.875000000000000000e+01 2.478840000000000106e-46
6.900000000000000000e+01 2.466800000000000179e-46
6.925000000000000000e+01 2.454479999999999875e-46
6.950000000000000000e+01 2.442700000000000049e-46
6.975000000000000000e+01 2.431059999999999829e-46
7.000000000000000000e+01 2.419489999999999996e-46
7.025000000000000000e+01 2.408060000000000157e-46
7.050000000000000000e+01 2.396699999999999926e-46
7.075000000000000000e+01 2.385569999999999965e-46
7.100000000000000000e+01 2.374889999999999819e-46
7.125000000000000000e+01 2.364169999999999897e-46
7.150000000000000000e+01 2.353409999999999811e-46
7.175000000000000000e+01 2.343270000000000144e-46
7.200000000000000000e+01 2.332869999999999988e-46
7.225000000000000000e+01 2.322789999999999986e-46
7.250000000000000000e+01 2.312550000000000102e-46
7.275000000000000000e+01 2.302789999999999865e-46
7.300000000000000000e+01 2.293230000000000066e-46
7.325000000000000000e+01 2.283620000000000157e-46
7.350000000000000000e+01 2.274139999999999910e-46
7.375000000000000000e+01 2.265109999999999867e-46
7.400000000000000000e+01 2.255840000000000001e-46
7.425000000000000000e+01 2.246930000000000065e-46
7.450000000000000000e+01 2.237989999999999909e-46
7.475000000000000000e+01 2.229270000000000077e-46
7.500000000000000000e+01 2.220710000000000128e-46
7.525000000000000000e+01 2.211890000000000077e-46
7.550000000000000000e+01 2.203169999999999857e-46
7.575000000000000000e+01 2.194889999999999897e-46
7.600000000000000000e+01 2.186730000000000043e-46
7.625000000000000000e+01 2.178720000000000129e-46
7.650000000000000000e+01 2.170709999999999825e-46
7.675000000000000000e+01 2.162439999999999809e-46
7.700000000000000000e+01 2.154610000000000054e-46
7.725000000000000000e+01 2.147030000000000068e-46
7.750000000000000000e+01 2.139100000000000094e-46
7.775000000000000000e+01 2.131769999999999876e-46
7.800000000000000000e+01 2.124269999999999830e-46
7.825000000000000000e+01 2.117099999999999883e-46
7.850000000000000000e+01 2.109970000000000102e-46
7.875000000000000000e+01 2.102750000000000045e-46
7.900000000000000000e+01 2.095599999999999987e-46
7.925000000000000000e+01 2.088900000000000133e-46
7.950000000000000000e+01 2.081810000000000127e-46
7.975000000000000000e+01 2.074920000000000170e-46
8.000000000000000000e+01 2.068029999999999823e-46
8.025000000000000000e+01 2.061329999999999969e-46
8.050000000000000000e+01 2.054519999999999953e-46
8.075000000000000000e+01 2.048100000000000088e-46
8.100000000000000000e+01 2.041739999999999888e-46
8.125000000000000000e+01 2.035189999999999973e-46
8.150000000000000000e+01 2.028529999999999895e-46
8.175000000000000000e+01 2.022279999999999857e-46
8.200000000000000000e+01 2.016649999999999851e-46
8.225000000000000000e+01 2.010509999999999976e-46
8.250000000000000000e+01 2.004459999999999986e-46
8.275000000000000000e+01 1.998750000000000038e-46
8.300000000000000000e+01 1.993030000000000147e-46
8.325000000000000000e+01 1.987509999999999914e-46
8.350000000000000000e+01 1.982239999999999839e-46
8.375000000000000000e+01 1.976609999999999833e-46
8.400000000000000000e+01 1.971469999999999808e-46
8.425000000000000000e+01 1.966509999999999943e-46
8.450000000000000000e+01 1.961910000000000008e-46
8.475000000000000000e+01 1.957640000000000172e-46
8.500000000000000000e+01 1.954429999999999851e-46
8.525000000000000000e+01 1.952290000000000156e-46
8.550000000000000000e+01 1.952850000000000134e-46
8.575000000000000000e+01 1.956149999999999952e-46
8.600000000000000000e+01 1.962160000000000165e-46
8.625000000000000000e+01 1.962759999999999920e-46
8.650000000000000000e+01 1.946240000000000166e-46
8.675000000000000000e+01 1.930789999999999870e-46
8.700000000000000000e+01 1.919309999999999922e-46
8.725000000000000000e+01 1.910259999999999991e-46
8.750000000000000000e+01 1.902520000000000122e-46
8.775000000000000000e+01 1.895829999999999823e-46
8.800000000000000000e+01 1.889940000000000105e-46
8.825000000000000000e+01 1.884079999999999830e-46
8.850000000000000000e+01 1.878880000000000141e-46
8.875000000000000000e+01 1.873629999999999953e-46
8.900000000000000000e+01 1.868619999999999979e-46
8.925000000000000000e+01 1.863730000000000111e-46
8.950000000000000000e+01 1.859049999999999846e-46
8.975000000000000000e+01 1.854570000000000018e-46
9.000000000000000000e+01 1.850069999999999913e-46
9.025000000000000000e+01 1.845609999999999974e-46
9.050000000000000000e+01 1.841259999999999807e-46
9.075000000000000000e+01 1.837020000000000192e-46
9.100000000000000000e+01 1.832909999999999850e-46
9.125000000000000000e+01 1.828680000000000179e-46
9.150000000000000000e+01 1.824540000000000005e-46
9.175000000000000000e+01 1.820469999999999828e-46
9.200000000000000000e+01 1.816610000000000031e-46
9.225000000000000000e+01 1.812350000000000139e-46
9.250000000000000000e+01 1.808250000000000130e-46
9.275000000000000000e+01 1.804350000000000169e-46
9.300000000000000000e+01 1.800559999999999981e-46
9.325000000000000000e+01 1.796720000000000073e-46
9.350000000000000000e+01 1.793020000000000159e-46
9.375000000000000000e+01 1.789439999999999963e-46
9.400000000000000000e+01 1.786109999999999925e-46
9.425000000000000000e+01 1.782929999999999825e-46
9.450000000000000000e+01 1.779869999999999831e-46
9.475000000000000000e+01 1.777149999999999880e-46
9.500000000000000000e+01 1.774659999999999809e-46
9.525000000000000000e+01 1.772730000000000105e-46
9.550000000000000000e+01 1.771010000000000004e-46
9.575000000000000000e+01 1.769730000000000165e-46
9.600000000000000000e+01 1.769260000000000072e-46
9.625000000000000000e+01 1.770069999999999818e-46
9.650000000000000000e+01 1.771880000000000193e-46
9.675000000000000000e+01 1.775370000000000115e-46
9.700000000000000000e+01 1.781889999999999809e-46
9.725000000000000000e+01 1.792130000000000082e-46
9.750000000000000000e+01 1.807439999999999995e-46
9.775000000000000000e+01 1.830790000000000043e-46
9.800000000000000000e+01 1.863059999999999970e-46
9.825000000000000000e+01 1.900170000000000046e-46
9.850000000000000000e+01 1.958389999999999866e-46
9.875000000000000000e+01 2.061819999999999950e-46
9.900000000000000000e+01 2.268449999999999850e-46
9.925000000000000000e+01 2.775319999999999834e-46
9.950000000000000000e+01 4.386480000000000365e-46
9.975000000000000000e+01 1.410290000000000065e-45
1.000000000000000000e+02 6.150619999999999522e-45
1.002500000000000000e+02 7.705849999999999866e-46
1.005000000000000000e+02 3.506650000000000311e-46
1.007500000000000000e+02 2.512259999999999823e-46
1.010000000000000000e+02 2.149120000000000043e-46
1.012500000000000000e+02 1.984599999999999859e-46
1.015000000000000000e+02 1.896340000000000081e-46
1.017500000000000000e+02 1.840739999999999994e-46
1.020000000000000000e+02 1.799480000000000189e-46
1.022500000000000000e+02 1.763999999999999940e-46
1.025000000000000000e+02 1.738750000000000021e-46
1.027500000000000000e+02 1.719779999999999971e-46
1.030000000000000000e+02 1.705609999999999904e-46
1.032500000000000000e+02 1.694889999999999983e-46
1.035000000000000000e+02 1.686330000000000033e-46
1.037500000000000000e+02 1.679319999999999969e-46
1.040000000000000000e+02 1.673600000000000078e-46
1.042500000000000000e+02 1.668460000000000053e-46
1.045000000000000000e+02 1.664250000000000076e-46
1.047500000000000000e+02 1.660659999999999936e-46
1.050000000000000000e+02 1.657240000000000011e-46
1.052500000000000000e+02 1.654100000000000076e-46
1.055000000000000000e+02 1.651129999999999968e-46
1.057500000000000000e+02 1.648230000000000052e-46
1.060000000000000000e+02 1.645620000000000069e-46
1.062500000000000000e+02 1.643150000000000080e-46
1.065000000000000000e+02 1.640800000000000004e-46
1.067500000000000000e+02 1.638549999999999951e-46
1.070000000000000000e+02 1.636259999999999928e-46
1.072500000000000000e+02 1.633989999999999987e-46
1.075000000000000000e+02 1.631830000000000015e-46
1.077500000000000000e+02 1.629689999999999930e-46
1.080000000000000000e+02 1.627820000000000085e-46
1.082500000000000000e+02 1.625859999999999966e-46
1.085000000000000000e+02 1.623819999999999906e-46
1.087500000000000000e+02 1.621859999999999981e-46
1.090000000000000000e+02 1.619940000000000027e-46
1.092500000000000000e+02 1.618079999999999932e-46
1.095000000000000000e+02 1.616360000000000025e-46
1.097500000000000000e+02 1.614620000000000037e-46
1.100000000000000000e+02 1.612910000000000074e-46
1.102500000000000000e+02 1.611150000000000003e-46
1.105000000000000000e+02 1.609440000000000041e-46
1.107500000000000000e+02 1.607749999999999967e-46
1.110000000000000000e+02 1.606159999999999917e-46
1.112500000000000000e+02 1.604629999999999920e-46
1.115000000000000000e+02 1.603040000000000065e-46
1.117500000000000000e+02 1.601510000000000068e-46
1.120000000000000000e+02 1.600039999999999930e-46
1.122500000000000000e+02 1.598530000000000015e-46
1.125000000000000000e+02 1.596979999999999936e-46
1.127500000000000000e+02 1.595589999999999934e-46
1.130000000000000000e+02 1.594059999999999937e-46
1.132500000000000000e+02 1.592610000000000076e-46
1.135000000000000000e+02 1.591430000000000066e-46
1.137500000000000000e+02 1.590129999999999949e-46
1.140000000000000000e+02 1.588830000000000027e-46
1.142500000000000000e+02 1.587379999999999971e-46
1.145000000000000000e+02 1.586159999999999990e-46
1.147500000000000000e+02 1.584979999999999980e-46
1.150000000000000000e+02 1.583799999999999970e-46
1.152500000000000000e+02 1.582530000000000074e-46
1.155000000000000000e+02 1.581390000000000035e-46
1.157500000000000000e+02 1.580170000000000054e-46
1.160000000000000000e+02 1.579060000000000041e-46
1.162500000000000000e+02 1.578139999999999937e-46
1.165000000000000000e+02 1.576980000000000010e-46
1.167500000000000000e+02 1.576100000000000071e-46
1.170000000000000000e+02 1.575139999999999997e-46
1.172500000000000000e+02 1.574230000000000032e-46
1.175000000000000000e+02 1.573290000000000040e-46
1.177500000000000000e+02 1.572399999999999963e-46
1.180000000000000000e+02 1.571559999999999995e-46
1.182500000000000000e+02 1.570610000000000060e-46
1.185000000000000000e+02 1.569589999999999932e-46
1.187500000000000000e+02 1.568740000000000020e-46
1.190000000000000000e+02 1.567779999999999946e-46
1.192500000000000000e+02 1.567019999999999920e-46
1.195000000000000000e+02 1.566170000000000008e-46
1.197500000000000000e+02 1.565470000000000035e-46
1.200000000000000000e+02 1.564549999999999931e-46
1.202500000000000000e+02 1.563730000000000046e-46
1.205000000000000000e+02 1.562979999999999964e-46
1.207500000000000000e+02 1.562209999999999993e-46
1.210000000000000000e+02 1.561610000000000044e-46
1.212500000000000000e+02 1.560929999999999959e-46
1.215000000000000000e+02 1.560239999999999930e-46
1.217500000000000000e+02 1.559690000000000090e-46
1.220000000000000000e+02 1.559180000000000026e-46
1.222500000000000000e+02 1.558510000000000080e-46
1.225000000000000000e+02 1.557869999999999965e-46
1.227500000000000000e+02 1.557410000000000011e-46
1.230000000000000000e+02 1.556890000000000003e-46
1.232500000000000000e+02 1.556230000000000001e-46
1.235000000000000000e+02 1.555649999999999940e-46
1.237500000000000000e+02 1.555350000000000062e-46
1.240000000000000000e+02 1.554919999999999940e-46
1.242500000000000000e+02 1.554550000000000065e-46
1.245000000000000000e+02 1.554289999999999964e-46
1.247500000000000000e+02 1.554040000000000001e-46
1.250000000000000000e+02 1.553620000000000017e-46
1.252500000000000000e+02 1.553149999999999924e-46
1.255000000000000000e+02 1.552719999999999996e-46
1.257500000000000000e+02 1.552440000000000007e-46
1.260000000000000000e+02 1.552169999999999962e-46
1.262500000000000000e+02 1.551819999999999975e-46
1.265000000000000000e+02 1.551460000000000045e-46
1.267500000000000000e+02 1.551239999999999914e-46
1.270000000000000000e+02 1.550860000000000096e-46
1.272500000000000000e+02 1.550579999999999912e-46
1.275000000000000000e+02 1.550380000000000059e-46
1.277500000000000000e+02 1.550140000000000040e-46
1.280000000000000000e+02 1.549970000000000019e-46
1.282500000000000000e+02 1.549900000000000021e-46
1.285000000000000000e+02 1.549690000000000029e-46
1.287500000000000000e+02 1.549450000000000011e-46
1.290000000000000000e+02 1.549179999999999966e-46
1.292500000000000000e+02 1.549039999999999971e-46
1.295000000000000000e+02 1.548969999999999974e-46
1.297500000000000000e+02 1.548850000000000062e-46
1.300000000000000000e+02 1.548740000000000094e-46
1.302500000000000000e+02 1.548629999999999931e-46
1.305000000000000000e+02 1.548589999999999961e-46
1.307500000000000000e+02 1.548570000000000073e-46
1.310000000000000000e+02 1.548419999999999939e-46
1.312500000000000000e+02 1.548400000000000051e-46
1.315000000000000000e+02 1.548449999999999966e-46
1.317500000000000000e+02 1.548559999999999934e-46
1.320000000000000000e+02 1.548659999999999958e-46
1.322500000000000000e+02 1.548890000000000032e-46
1.325000000000000000e+02 1.548869999999999950e-46
1.327500000000000000e+02 1.548920000000000059e-46
1.330000000000000000e+02 1.548880000000000088e-46
1.332500000000000000e+02 1.548979999999999918e-46
1.335000000000000000e+02 1.549060000000000054e-46
1.337500000000000000e+02 1.549289999999999934e-46
1.340000000000000000e+02 1.549380000000000014e-46
1.342500000000000000e+02 1.549610000000000088e-46
1.345000000000000000e+02 1.549799999999999997e-46
1.347500000000000000e+02 1.549860000000000051e-46
1.350000000000000000e+02 1.550140000000000040e-46
1.352500000000000000e+02 1.550200000000000093e-46
1.355000000000000000e+02 1.550460000000000000e-46
1.357500000000000000e+02 1.550809999999999986e-46
1.360000000000000000e+02 1.551140000000000085e-46
1.362500000000000000e+02 1.551399999999999992e-46
1.365000000000000000e+02 1.551649999999999954e-46
1.367500000000000000e+02 1.552010000000000079e-46
1.370000000000000000e+02 1.552400000000000037e-46
1.372500000000000000e+02 1.552640000000000055e-46
1.375000000000000000e+02 1.552909999999999906e-46
1.377500000000000000e+02 1.553170000000000007e-46
1.380000000000000000e+02 1.553510000000000049e-46
1.382500000000000000e+02 1.553960000000000060e-46
1.385000000000000000e+02 1.554270000000000076e-46
1.387500000000000000e+02 1.554690000000000060e-46
1.390000000000000000e+02 1.555029999999999908e-46
1.392500000000000000e+02 1.555430000000000004e-46
1.395000000000000000e+02 1.555779999999999990e-46
1.397500000000000000e+02 1.555989999999999982e-46
1.400000000000000000e+02 1.556290000000000054e-46
1.402500000000000000e+02 1.556859999999999976e-46
1.405000000000000000e+02 1.557209999999999963e-46
1.407500000000000000e+02 1.557759999999999997e-46
1.410000000000000000e+02 1.558240000000000035e-46
1.412500000000000000e+02 1.558790000000000069e-46
1.415000000000000000e+02 1.559329999999999965e-46
1.417500000000000000e+02 1.559840000000000029e-46
1.420000000000000000e+02 1.560470000000000004e-46
1.422500000000000000e+02 1.561139999999999951e-46
1.425000000000000000e+02 1.561750000000000039e-46
1.427500000000000000e+02 1.562400000000000097e-46
1.430000000000000000e+02 1.563550000000000081e-46
1.432500000000000000e+02 1.564999999999999942e-46
1.435000000000000000e+02 1.566069999999999984e-46
1.437500000000000000e+02 1.567030000000000058e-46
1.440000000000000000e+02 1.568649999999999940e-46
1.442500000000000000e+02 1.570969999999999990e-46
1.445000000000000000e+02 1.575389999999999959e-46
1.447500000000000000e+02 1.584779999999999932e-46
1.450000000000000000e+02 1.605960000000000064e-46
1.452500000000000000e+02 1.650670000000000014e-46
1.455000000000000000e+02 1.731030000000000039e-46
1.457500000000000000e+02 1.882020000000000076e-46
1.460000000000000000e+02 2.121240000000000058e-46
1.462500000000000000e+02 2.539829999999999987e-46
1.465000000000000000e+02 3.306810000000000151e-46
1.467500000000000000e+02 4.718069999999999689e-46
1.470000000000000000e+02 7.354530000000000466e-46
1.472500000000000000e+02 1.235110000000000013e-45
1.475000000000000000e+02 2.196760000000000014e-45
1.477500000000000000e+02 4.088260000000000259e-45
1.480000000000000000e+02 7.909090000000000374e-45
1.482500000000000000e+02 1.593320000000000009e-44
1.485000000000000000e+02 3.355600000000000144e-44
1.487500000000000000e+02 7.505949999999999963e-44
1.490000000000000000e+02 1.815709999999999979e-43
1.492500000000000000e+02 4.927770000000000180e-43
1.495000000000000000e+02 1.573789999999999949e-42
1.497500000000000000e+02 5.579600000000000002e-42
1.500000000000000000e+02 1.211950000000000040e-40
1.502500000000000000e+02 1.371959999999999978e-41
1.505000000000000000e+02 2.507199999999999998e-42
1.507500000000000000e+02 7.906000000000000300e-43
1.510000000000000000e+02 2.704930000000000096e-43
1.512500000000000000e+02 1.070750000000000051e-43
1.515000000000000000e+02 4.636800000000000181e-44
1.517500000000000000e+02 2.136790000000000105e-44
1.520000000000000000e+02 1.034089999999999966e-44
1.522500000000000000e+02 5.211060000000000084e-45
1.525000000000000000e+02 2.732969999999999905e-45
1.527500000000000000e+02 1.500340000000000019e-45
1.530000000000000000e+02 8.707559999999999463e-46
1.532500000000000000e+02 5.427279999999999849e-46
1.535000000000000000e+02 3.688479999999999719e-46
1.537500000000000000e+02 2.752340000000000050e-46
1.540000000000000000e+02 2.235549999999999947e-46
1.542500000000000000e+02 1.884899999999999910e-46
1.545000000000000000e+02 1.708589999999999957e-46
1.547500000000000000e+02 1.646000000000000082e-46
1.550000000000000000e+02 1.621260000000000032e-46
1.552500000000000000e+02 1.610070000000000017e-46
1.555000000000000000e+02 1.606389999999999991e-46
1.557500000000000000e+02 1.605030000000000016e-46
1.560000000000000000e+02 1.604939999999999936e-46
1.562500000000000000e+02 1.605389999999999947e-46
1.565000000000000000e+02 1.606119999999999946e-46
1.567500000000000000e+02 1.606790000000000087e-46
1.570000000000000000e+02 1.607329999999999983e-46
1.572500000000000000e+02 1.608099999999999954e-46
1.575000000000000000e+02 1.608850000000000036e-46
1.577500000000000000e+02 1.609370000000000044e-46
1.580000000000000000e+02 1.610019999999999908e-46
1.582500000000000000e+02 1.610860000000000070e-46
1.585000000000000000e+02 1.611709999999999982e-46
1.587500000000000000e+02 1.612360000000000040e-46
1.590000000000000000e+02 1.613230000000000034e-46
1.592500000000000000e+02 1.614039999999999976e-46
1.595000000000000000e+02 1.614919999999999914e-46
1.597500000000000000e+02 1.615870000000000044e-46
1.600000000000000000e+02 1.616710000000000012e-46
1.602500000000000000e+02 1.617619999999999977e-46
1.605000000000000000e+02 1.618270000000000035e-46
1.607500000000000000e+02 1.619189999999999944e-46
1.610000000000000000e+02 1.620070000000000077e-46
1.612500000000000000e+02 1.621099999999999954e-46
1.615000000000000000e+02 1.622090000000000055e-46
1.617500000000000000e+02 1.623109999999999988e-46
1.620000000000000000e+02 1.624089999999999951e-46
1.622500000000000000e+02 1.625150000000000049e-46
1.625000000000000000e+02 1.626270000000000006e-46
1.627500000000000000e+02 1.627480000000000043e-46
1.630000000000000000e+02 1.628380000000000064e-46
1.632500000000000000e+02 1.629570000000000018e-46
1.635000000000000000e+02 1.630500000000000066e-46
1.637500000000000000e+02 1.631540000000000081e-46
1.640000000000000000e+02 1.632380000000000049e-46
1.642500000000000000e+02 1.633560000000000059e-46
1.645000000000000000e+02 1.634600000000000075e-46
1.647500000000000000e+02 1.635680000000000061e-46
1.650000000000000000e+02 1.636660000000000024e-46
1.652500000000000000e+02 1.637779999999999981e-46
1.655000000000000000e+02 1.639029999999999988e-46
1.657500000000000000e+02 1.640060000000000060e-46
1.660000000000000000e+02 1.641140000000000046e-46
1.662500000000000000e+02 1.642350000000000083e-46
1.665000000000000000e+02 1.643489999999999928e-46
1.667500000000000000e+02 1.644429999999999920e-46
1.670000000000000000e+02 1.645499999999999962e-46
1.672500000000000000e+02 1.646719999999999943e-46
1.675000000000000000e+02 1.647869999999999927e-46
1.677500000000000000e+02 1.649030000000000049e-46
1.680000000000000000e+02 1.650119999999999979e-46
1.682500000000000000e+02 1.651309999999999933e-46
1.685000000000000000e+02 1.652570000000000080e-46
1.687500000000000000e+02 1.653800000000000005e-46
1.690000000000000000e+02 1.655040000000000068e-46
1.692500000000000000e+02 1.656179999999999913e-46
1.695000000000000000e+02 1.657550000000000027e-46
1.697500000000000000e+02 1.658749999999999926e-46
1.700000000000000000e+02 1.659959999999999962e-46
1.702500000000000000e+02 1.660999999999999978e-46
1.705000000000000000e+02 1.662219999999999959e-46
1.707500000000000000e+02 1.663479999999999911e-46
1.710000000000000000e+02 1.664729999999999918e-46
1.712500000000000000e+02 1.665839999999999931e-46
1.715000000000000000e+02 1.667110000000000021e-46
1.717500000000000000e+02 1.668339999999999946e-46
1.720000000000000000e+02 1.669570000000000066e-46
1.722500000000000000e+02 1.670809999999999935e-46
1.725000000000000000e+02 1.672089999999999969e-46
1.727500000000000000e+02 1.673150000000000067e-46
1.730000000000000000e+02 1.674489999999999960e-46
1.732500000000000000e+02 1.675639999999999944e-46
1.735000000000000000e+02 1.676940000000000061e-46
1.737500000000000000e+02 1.678290000000000092e-46
1.740000000000000000e+02 1.679529999999999961e-46
1.742500000000000000e+02 1.680779999999999969e-46
1.745000000000000000e+02 1.682090000000000030e-46
1.747500000000000000e+02 1.683380000000000008e-46
1.750000000000000000e+02 1.684620000000000071e-46
1.752500000000000000e+02 1.685919999999999994e-46
1.755000000000000000e+02 1.687130000000000030e-46
1.757500000000000000e+02 1.688289999999999958e-46
1.760000000000000000e+02 1.689539999999999966e-46
1.762500000000000000e+02 1.690939999999999912e-46
1.765000000000000000e+02 1.692249999999999973e-46
1.767500000000000000e+02 1.693630000000000031e-46
1.770000000000000000e+02 1.695139999999999945e-46
1.772500000000000000e+02 1.696400000000000091e-46
1.775000000000000000e+02 1.697569999999999963e-46
1.777500000000000000e+02 1.698919999999999994e-46
1.780000000000000000e+02 1.700309999999999997e-46
1.782500000000000000e+02 1.701779999999999940e-46
1.785000000000000000e+02 1.703400000000000017e-46
1.787500000000000000e+02 1.704829999999999990e-46
1.790000000000000000e+02 1.706289999999999989e-46
1.792500000000000000e+02 1.707570000000000023e-46
1.795000000000000000e+02 1.708890000000000028e-46
1.797500000000000000e+02 1.710159999999999924e-46
1.800000000000000000e+02 1.711520000000000094e-46
1.802500000000000000e+02 1.712839999999999904e-46
1.805000000000000000e+02 1.714299999999999904e-46
1.807500000000000000e+02 1.715870000000000066e-46
1.810000000000000000e+02 1.717309999999999983e-46
1.812500000000000000e+02 1.718800000000000009e-46
1.815000000000000000e+02 1.720309999999999923e-46
1.817500000000000000e+02 1.721829999999999976e-46
1.820000000000000000e+02 1.723320000000000002e-46
1.822500000000000000e+02 1.724649999999999951e-46
1.825000000000000000e+02 1.726090000000000062e-46
1.827500000000000000e+02 1.727709999999999945e-46
1.830000000000000000e+02 1.729379999999999936e-46
1.832500000000000000e+02 1.730930000000000015e-46
1.835000000000000000e+02 1.732439999999999930e-46
1.837500000000000000e+02 1.734109999999999921e-46
1.840000000000000000e+02 1.735750000000000080e-46
1.842500000000000000e+02 1.737379999999999907e-46
1.845000000000000000e+02 1.739050000000000093e-46
1.847500000000000000e+02 1.740749999999999916e-46
1.850000000000000000e+02 1.742640000000000038e-46
1.852500000000000000e+02 1.744429999999999942e-46
1.855000000000000000e+02 1.746190000000000013e-46
1.857500000000000000e+02 1.748020000000000082e-46
1.860000000000000000e+02 1.749919999999999953e-46
1.862500000000000000e+02 1.751890000000000016e-46
1.865000000000000000e+02 1.754069999999999877e-46
1.867500000000000000e+02 1.756410000000000009e-46
1.870000000000000000e+02 1.758739999999999809e-46
1.872500000000000000e+02 1.761089999999999885e-46
1.875000000000000000e+02 1.763470000000000183e-46
1.877500000000000000e+02 1.765959999999999865e-46
1.880000000000000000e+02 1.768840000000000088e-46
1.882500000000000000e+02 1.771690000000000089e-46
1.885000000000000000e+02 1.774789999999999859e-46
1.887500000000000000e+02 1.777829999999999965e-46
1.890000000000000000e+02 1.781210000000000113e-46
1.892500000000000000e+02 1.784540000000000152e-46
1.895000000000000000e+02 1.788390000000000004e-46
1.897500000000000000e+02 1.792460000000000181e-46
1.900000000000000000e+02 1.796860000000000068e-46
1.902500000000000000e+02 1.801800000000000045e-46
1.905000000000000000e+02 1.807150000000000061e-46
1.907500000000000000e+02 1.813060000000000057e-46
1.910000000000000000e+02 1.819870000000000073e-46
1.912500000000000000e+02 1.827399999999999951e-46
1.915000000000000000e+02 1.835809999999999961e-46
1.917500000000000000e+02 1.845399999999999982e-46
1.920000000000000000e+02 1.855649999999999810e-46
1.922500000000000000e+02 1.868390000000000099e-46
1.925000000000000000e+02 1.882230000000000068e-46
1.927500000000000000e+02 1.898239999999999953e-46
1.930000000000000000e+02 1.916990000000000066e-46
1.932500000000000000e+02 1.938670000000000123e-46
1.935000000000000000e+02 1.964649999999999848e-46
1.937500000000000000e+02 1.995089999999999901e-46
1.940000000000000000e+02 2.032229999999999809e-46
1.942500000000000000e+02 2.075929999999999964e-46
1.945000000000000000e+02 2.129129999999999866e-46
1.947500000000000000e+02 2.194539999999999910e-46
1.950000000000000000e+02 2.273010000000000009e-46
1.952500000000000000e+02 2.351509999999999939e-46
1.955000000000000000e+02 2.433349999999999853e-46
1.957500000000000000e+02 2.533659999999999890e-46
1.960000000000000000e+02 2.658639999999999981e-46
1.962500000000000000e+02 2.816189999999999876e-46
1.965000000000000000e+02 3.022490000000000067e-46
1.967500000000000000e+02 3.297100000000000023e-46
1.970000000000000000e+02 3.677250000000000317e-46
1.972500000000000000e+02 4.222959999999999643e-46
1.975000000000000000e+02 5.042390000000000015e-46
1.977500000000000000e+02 6.363800000000000115e-46
1.980000000000000000e+02 8.691429999999999471e-46
1.982500000000000000e+02 1.334850000000000050e-45
1.985000000000000000e+02 2.469220000000000020e-45
1.987500000000000000e+02 6.316539999999999729e-45
1.990000000000000000e+02 2.650140000000000194e-44
1.992500000000000000e+02 1.256890000000000070e-44
1.995000000000000000e+02 3.723139999999999966e-45
1.997500000000000000e+02 1.733860000000000075e-45
2.000000000000000000e+02 1.039849999999999976e-45
2.002500000000000000e+02 7.228769999999999294e-46
2.005000000000000000e+02 5.532099999999999936e-46
2.007500000000000000e+02 4.525660000000000354e-46
2.010000000000000000e+02 3.880110000000000306e-46
2.012500000000000000e+02 3.440409999999999854e-46
2.015000000000000000e+02 3.128700000000000156e-46
2.017500000000000000e+02 2.900560000000000026e-46
2.020000000000000000e+02 2.726000000000000006e-46
2.022500000000000000e+02 2.590360000000000047e-46
2.025000000000000000e+02 2.483519999999999982e-46
2.027500000000000000e+02 2.397420000000000176e-46
2.030000000000000000e+02 2.324129999999999879e-46
2.032500000000000000e+02 2.248009999999999857e-46
2.035000000000000000e+02 2.181129999999999870e-46
2.037500000000000000e+02 2.126110000000000038e-46
2.040000000000000000e+02 2.081900000000000013e-46
2.042500000000000000e+02 2.045820000000000009e-46
2.045000000000000000e+02 2.015719999999999998e-46
2.047500000000000000e+02 1.991049999999999945e-46
2.050000000000000000e+02 1.970300000000000131e-46
2.052500000000000000e+02 1.952879999999999966e-46
2.055000000000000000e+02 1.938310000000000192e-46
2.057500000000000000e+02 1.926310000000000042e-46
2.060000000000000000e+02 1.915359999999999851e-46
2.062500000000000000e+02 1.906470000000000193e-46
2.065000000000000000e+02 1.898840000000000097e-46
2.067500000000000000e+02 1.892300000000000125e-46
2.070000000000000000e+02 1.886600000000000122e-46
2.072500000000000000e+02 1.881629999999999924e-46
2.075000000000000000e+02 1.877589999999999968e-46
2.077500000000000000e+02 1.873880000000000110e-46
2.080000000000000000e+02 1.870729999999999842e-46
2.082500000000000000e+02 1.867859999999999953e-46
2.085000000000000000e+02 1.865369999999999882e-46
2.087500000000000000e+02 1.863260000000000018e-46
2.090000000000000000e+02 1.861590000000000027e-46
2.092500000000000000e+02 1.859819999999999817e-46
2.095000000000000000e+02 1.858730000000000081e-46
2.097500000000000000e+02 1.857410000000000076e-46
2.100000000000000000e+02 1.856199999999999845e-46
2.102500000000000000e+02 1.855320000000000101e-46
2.105000000000000000e+02 1.854439999999999968e-46
2.107500000000000000e+02 1.853660000000000053e-46
2.110000000000000000e+02 1.853300000000000123e-46
2.112500000000000000e+02 1.852589999999999817e-46
2.115000000000000000e+02 1.851990000000000062e-46
2.117500000000000000e+02 1.851799999999999958e-46
2.120000000000000000e+02 1.851360000000000086e-46
2.122500000000000000e+02 1.850759999999999943e-46
2.125000000000000000e+02 1.850320000000000071e-46
2.127500000000000000e+02 1.849789999999999924e-46
2.130000000000000000e+02 1.849099999999999895e-46
2.132500000000000000e+02 1.848640000000000135e-46
2.135000000000000000e+02 1.848179999999999986e-46
2.137500000000000000e+02 1.847450000000000181e-46
2.140000000000000000e+02 1.846819999999999816e-46
2.142500000000000000e+02 1.846119999999999843e-46
2.145000000000000000e+02 1.845520000000000088e-46
2.147500000000000000e+02 1.844470000000000128e-46
2.150000000000000000e+02 1.843669999999999937e-46
2.152500000000000000e+02 1.843020000000000073e-46
2.155000000000000000e+02 1.842199999999999993e-46
2.157500000000000000e+02 1.841589999999999906e-46
2.160000000000000000e+02 1.840790000000000103e-46
2.162500000000000000e+02 1.839919999999999914e-46
2.165000000000000000e+02 1.838850000000000066e-46
2.167500000000000000e+02 1.837899999999999936e-46
2.170000000000000000e+02 1.836949999999999806e-46
2.172500000000000000e+02 1.836120000000000171e-46
2.175000000000000000e+02 1.834969999999999993e-46
2.177500000000000000e+02 1.833900000000000145e-46
2.180000000000000000e+02 1.832640000000000194e-46
2.182500000000000000e+02 1.831379999999999853e-46
2.185000000000000000e+02 1.829989999999999851e-46
2.187500000000000000e+02 1.828630000000000070e-46
2.190000000000000000e+02 1.827419999999999839e-46
2.192500000000000000e+02 1.825860000000000010e-46
2.195000000000000000e+02 1.824629999999999890e-46
2.197500000000000000e+02 1.823019999999999952e-46
2.200000000000000000e+02 1.821690000000000003e-46
2.202500000000000000e+02 1.820230000000000004e-46
2.205000000000000000e+02 1.818540000000000124e-46
2.207500000000000000e+02 1.816860000000000189e-46
2.210000000000000000e+02 1.815179999999999864e-46
2.212500000000000000e+02 1.813309999999999825e-46
2.215000000000000000e+02 1.811779999999999828e-46
2.217500000000000000e+02 1.810039999999999839e-46
2.220000000000000000e+02 1.808079999999999914e-46
2.222500000000000000e+02 1.806079999999999825e-46
2.225000000000000000e+02 1.804659999999999990e-46
2.227500000000000000e+02 1.802830000000000116e-46
2.230000000000000000e+02 1.800820000000000082e-46
2.232500000000000000e+02 1.798899999999999934e-46
2.235000000000000000e+02 1.796790000000000070e-46
2.237500000000000000e+02 1.794609999999999821e-46
2.240000000000000000e+02 1.792670000000000173e-46
2.242500000000000000e+02 1.790689999999999971e-46
2.245000000000000000e+02 1.788759999999999878e-46
2.247500000000000000e+02 1.786809999999999898e-46
2.250000000000000000e+02 1.784680000000000146e-46
2.252500000000000000e+02 1.782429999999999899e-46
2.255000000000000000e+02 1.780139999999999876e-46
2.257500000000000000e+02 1.777979999999999903e-46
2.260000000000000000e+02 1.775809999999999987e-46
2.262500000000000000e+02 1.773729999999999956e-46
2.265000000000000000e+02 1.771459999999999820e-46
2.267500000000000000e+02 1.769299999999999848e-46
2.270000000000000000e+02 1.767030000000000102e-46
2.272500000000000000e+02 1.764429999999999868e-46
2.275000000000000000e+02 1.761779999999999914e-46
2.277500000000000000e+02 1.759749999999999992e-46
2.280000000000000000e+02 1.757389999999999972e-46
2.282500000000000000e+02 1.754800000000000071e-46
2.285000000000000000e+02 1.752399999999999886e-46
2.287500000000000000e+02 1.749900000000000065e-46
2.290000000000000000e+02 1.747209999999999946e-46
2.292500000000000000e+02 1.744300000000000085e-46
2.295000000000000000e+02 1.741749999999999961e-46
2.297500000000000000e+02 1.738999999999999983e-46
2.300000000000000000e+02 1.736310000000000059e-46
2.302500000000000000e+02 1.733530000000000055e-46
2.305000000000000000e+02 1.730580000000000029e-46
2.307500000000000000e+02 1.727319999999999987e-46
2.310000000000000000e+02 1.724050000000000002e-46
2.312500000000000000e+02 1.720749999999999990e-46
2.315000000000000000e+02 1.717330000000000065e-46
2.317500000000000000e+02 1.713720000000000037e-46
2.320000000000000000e+02 1.709769999999999967e-46
2.322500000000000000e+02 1.705669999999999958e-46
2.325000000000000000e+02 1.701839999999999993e-46
2.327500000000000000e+02 1.697770000000000011e-46
2.330000000000000000e+02 1.693469999999999954e-46
2.332500000000000000e+02 1.689229999999999950e-46
2.335000000000000000e+02 1.684579999999999906e-46
2.337500000000000000e+02 1.679699999999999982e-46
2.340000000000000000e+02 1.675229999999999904e-46
2.342500000000000000e+02 1.670890000000000071e-46
2.345000000000000000e+02 1.666349999999999995e-46
2.347500000000000000e+02 1.661830000000000002e-46
2.350000000000000000e+02 1.657319999999999953e-46
2.352500000000000000e+02 1.652430000000000085e-46
2.355000000000000000e+02 1.647570000000000049e-46
2.357500000000000000e+02 1.643129999999999998e-46
2.360000000000000000e+02 1.638360000000000042e-46
2.362500000000000000e+02 1.633619999999999918e-46
2.365000000000000000e+02 1.628789999999999909e-46
2.367500000000000000e+02 1.623380000000000034e-46
2.370000000000000000e+02 1.618039999999999961e-46
2.372500000000000000e+02 1.612789999999999968e-46
2.375000000000000000e+02 1.607430000000000007e-46
2.377500000000000000e+02 1.601310000000000020e-46
2.380000000000000000e+02 1.595190000000000033e-46
2.382500000000000000e+02 1.588989999999999909e-46
2.385000000000000000e+02 1.583359999999999903e-46
2.387500000000000000e+02 1.578020000000000025e-46
2.390000000000000000e+02 1.572740000000000006e-46
2.392500000000000000e+02 1.567369999999999906e-46
2.395000000000000000e+02 1.562860000000000052e-46
2.397500000000000000e+02 1.558000000000000016e-46
2.400000000000000000e+02 1.553030000000000012e-46
2.402500000000000000e+02 1.547950000000000041e-46
2.405000000000000000e+02 1.542849999999999987e-46
2.407500000000000000e+02 1.538050000000000004e-46
2.410000000000000000e+02 1.532510000000000078e-46
2.412500000000000000e+02 1.526059999999999992e-46
2.415000000000000000e+02 1.520530000000000010e-46
2.417500000000000000e+02 1.515510000000000092e-46
2.420000000000000000e+02 1.510470000000000091e-46
2.422500000000000000e+02 1.505570000000000085e-46
2.425000000000000000e+02 1.500839999999999905e-46
2.427500000000000000e+02 1.495539999999999997e-46
2.430000000000000000e+02 1.490070000000000069e-46
2.432500000000000000e+02 1.484680000000000081e-46
2.435000000000000000e+02 1.478829999999999945e-46
2.437500000000000000e+02 1.473180000000000050e-46
2.440000000000000000e+02 1.468439999999999927e-46
2.442500000000000000e+02 1.464269999999999920e-46
2.445000000000000000e+02 1.459660000000000042e-46
2.447500000000000000e+02 1.455369999999999929e-46
2.450000000000000000e+02 1.451380000000000082e-46
2.452500000000000000e+02 1.446830000000000062e-46
2.455000000000000000e+02 1.442070000000000050e-46
2.457500000000000000e+02 1.436790000000000031e-46
2.460000000000000000e+02 1.429280000000000041e-46
2.462500000000000000e+02 1.421129999999999938e-46
2.465000000000000000e+02 1.412880000000000004e-46
2.467500000000000000e+02 1.404269999999999946e-46
2.470000000000000000e+02 1.392909999999999910e-46
2.472500000000000000e+02 1.379419999999999928e-46
2.475000000000000000e+02 1.368639999999999953e-46
2.477500000000000000e+02 1.352649999999999956e-46
2.480000000000000000e+02 1.336580000000000017e-46
2.482500000000000000e+02 1.319440000000000036e-46
2.485000000000000000e+02 1.297400000000000049e-46
2.487500000000000000e+02 1.272440000000000063e-46
2.490000000000000000e+02 1.239719999999999930e-46
2.492500000000000000e+02 1.203930000000000054e-46
2.495000000000000000e+02 1.163009999999999903e-46
2.497500000000000000e+02 1.120419999999999955e-46
2.500000000000000000e+02 1.073599999999999947e-46
2.502500000000000000e+02 1.020960000000000024e-46
2.505000000000000000e+02 9.649959999999999114e-47
2.507500000000000000e+02 9.084810000000000812e-47
2.510000000000000000e+02 8.515619999999999637e-47
2.512500000000000000e+02 7.963119999999999600e-47
2.515000000000000000e+02 7.406919999999999843e-47
2.517500000000000000e+02 6.877789999999999936e-47
2.520000000000000000e+02 6.362059999999999932e-47
2.522500000000000000e+02 6.048200000000000010e-47
2.525000000000000000e+02 5.998330000000000341e-47
2.527500000000000000e+02 6.207000000000000302e-47
2.530000000000000000e+02 6.613110000000000432e-47
2.532500000000000000e+02 7.245889999999999970e-47
2.535000000000000000e+02 8.136670000000000020e-47
2.537500000000000000e+02 9.361199999999999756e-47
2.540000000000000000e+02 1.103359999999999916e-46
2.542500000000000000e+02 1.304229999999999954e-46
2.545000000000000000e+02 1.518720000000000024e-46
2.547500000000000000e+02 1.736110000000000011e-46
2.550000000000000000e+02 2.018620000000000109e-46
2.552500000000000000e+02 2.484699999999999992e-46
2.555000000000000000e+02 3.095400000000000156e-46
2.557500000000000000e+02 2.026049999999999970e-44
2.560000000000000000e+02 inf
