0.000000000000000000e+00 5.000000000000000000e-01
2.500000000000000000e-01 5.000000000000000000e-01
5.000000000000000000e-01 5.000000000000000000e-01
7.500000000000000000e-01 5.000000000000000000e-01
1.000000000000000000e+00 5.000000000000000000e-01
1.250000000000000000e+00 5.000000000000000000e-01
1.500000000000000000e+00 5.000000000000000000e-01
1.750000000000000000e+00 5.000000000000000000e-01
2.000000000000000000e+00 5.000000000000000000e-01
2.250000000000000000e+00 5.000000000000000000e-01
2.500000000000000000e+00 5.000000000000000000e-01
2.750000000000000000e+00 5.000000000000000000e-01
3.000000000000000000e+00 5.000000000000000000e-01
3.250000000000000000e+00 5.000000000000000000e-01
3.500000000000000000e+00 5.000000000000000000e-01
3.750000000000000000e+00 5.000000000000000000e-01
4.000000000000000000e+00 5.000000000000000000e-01
4.250000000000000000e+00 5.000000000000000000e-01
4.500000000000000000e+00 5.000000000000000000e-01
4.750000000000000000e+00 5.000000000000000000e-01
5.000000000000000000e+00 5.000000000000000000e-01
5.250000000000000000e+00 5.000000000000000000e-01
5.500000000000000000e+00 5.000000000000000000e-01
5.750000000000000000e+00 5.000000000000000000e-01
6.000000000000000000e+00 5.000000000000000000e-01
6.250000000000000000e+00 5.000000000000000000e-01
6.500000000000000000e+00 5.000000000000000000e-01
6.750000000000000000e+00 5.000000000000000000e-01
7.000000000000000000e+00 5.000000000000000000e-01
7.250000000000000000e+00 5.000000000000000000e-01
7.500000000000000000e+00 5.000000000000000000e-01
7.750000000000000000e+00 5.000000000000000000e-01
8.000000000000000000e+00 5.000000000000000000e-01
8.250000000000000000e+00 5.000000000000000000e-01
8.500000000000000000e+00 5.000000000000000000e-01
8.750000000000000000e+00 5.000000000000000000e-01
9.000000000000000000e+00 5.000000000000000000e-01
9.250000000000000000e+00 5.000000000000000000e-01
9.500000000000000000e+00 5.000000000000000000e-01
9.750000000000000000e+00 5.000000000000000000e-01
1.000000000000000000e+01 5.000000000000000000e-01
1.025000000000000000e+01 5.000000000000000000e-01
1.050000000000000000e+01 5.000000000000000000e-01
1.075000000000000000e+01 5.000000000000000000e-01
1.100000000000000000e+01 5.000000000000000000e-01
1.125000000000000000e+01 5.000000000000000000e-01
1.150000000000000000e+01 5.000000000000000000e-01
1.175000000000000000e+01 5.000000000000000000e-01
1.200000000000000000e+01 5.000000000000000000e-01
1.225000000000000000e+01 5.000000000000000000e-01
1.250000000000000000e+01 5.000000000000000000e-01
1.275000000000000000e+01 5.000000000000000000e-01
1.300000000000000000e+01 5.000000000000000000e-01
1.325000000000000000e+01 5.000000000000000000e-01
1.350000000000000000e+01 5.000000000000000000e-01
1.375000000000000000e+01 5.000000000000000000e-01
1.400000000000000000e+01 5.000000000000000000e-01
1.425000000000000000e+01 5.000000000000000000e-01
1.450000000000000000e+01 5.000000000000000000e-01
1.475000000000000000e+01 5.000000000000000000e-01
1.500000000000000000e+01 5.000000000000000000e-01
1.525000000000000000e+01 5.000000000000000000e-01
1.550000000000000000e+01 5.000000000000000000e-01
1.575000000000000000e+01 5.000000000000000000e-01
1.600000000000000000e+01 2.711759999999999832e-44
1.625000000000000000e+01 2.482350000000000180e-44
1.650000000000000000e+01 2.272390000000000179e-44
1.675000000000000000e+01 2.079480000000000063e-44
1.700000000000000000e+01 1.903310000000000012e-44
1.725000000000000000e+01 1.743229999999999989e-44
1.750000000000000000e+01 1.597490000000000015e-44
1.775000000000000000e+01 1.464329999999999981e-44
1.800000000000000000e+01 1.341950000000000000e-44
1.825000000000000000e+01 1.229939999999999938e-44
1.850000000000000000e+01 1.127180000000000088e-44
1.875000000000000000e+01 1.034150000000000004e-44
1.900000000000000000e+01 9.490070000000000097e-45
1.925000000000000000e+01 8.706780000000000404e-45
1.950000000000000000e+01 8.000320000000000572e-45
1.975000000000000000e+01 7.354949999999999672e-45
2.000000000000000000e+01 6.757459999999999734e-45
2.025000000000000000e+01 6.216170000000000261e-45
2.050000000000000000e+01 5.721640000000000548e-45
2.075000000000000000e+01 5.265100000000000187e-45
2.100000000000000000e+01 4.854410000000000010e-45
2.125000000000000000e+01 4.475110000000000017e-45
2.150000000000000000e+01 4.130569999999999712e-45
2.175000000000000000e+01 3.814470000000000226e-45
2.200000000000000000e+01 3.526950000000000154e-45
2.225000000000000000e+01 3.259999999999999814e-45
2.250000000000000000e+01 3.018519999999999797e-45
2.275000000000000000e+01 2.795809999999999936e-45
2.300000000000000000e+01 2.592780000000000120e-45
2.325000000000000000e+01 2.404609999999999934e-45
2.350000000000000000e+01 2.231290000000000055e-45
2.375000000000000000e+01 2.073400000000000039e-45
2.400000000000000000e+01 1.927950000000000123e-45
2.425000000000000000e+01 1.794739999999999871e-45
2.450000000000000000e+01 1.672630000000000059e-45
2.475000000000000000e+01 1.560460000000000022e-45
2.500000000000000000e+01 1.457220000000000119e-45
2.525000000000000000e+01 1.362750000000000001e-45
2.550000000000000000e+01 1.275299999999999970e-45
2.575000000000000000e+01 1.194069999999999989e-45
2.600000000000000000e+01 1.119219999999999940e-45
2.625000000000000000e+01 1.050380000000000028e-45
2.650000000000000000e+01 9.860769999999999353e-46
2.675000000000000000e+01 9.268929999999999854e-46
2.700000000000000000e+01 8.722150000000000291e-46
2.725000000000000000e+01 8.211330000000000237e-46
2.750000000000000000e+01 7.731999999999999807e-46
2.775000000000000000e+01 7.290580000000000421e-46
2.800000000000000000e+01 6.882219999999999655e-46
2.825000000000000000e+01 6.501359999999999833e-46
2.850000000000000000e+01 6.151310000000000329e-46
2.875000000000000000e+01 5.822709999999999834e-46
2.900000000000000000e+01 5.516239999999999989e-46
2.925000000000000000e+01 5.231000000000000385e-46
2.950000000000000000e+01 4.965149999999999647e-46
2.975000000000000000e+01 4.716420000000000364e-46
3.000000000000000000e+01 4.482089999999999861e-46
3.025000000000000000e+01 4.267169999999999668e-46
3.050000000000000000e+01 4.064620000000000278e-46
3.075000000000000000e+01 3.873450000000000229e-46
3.100000000000000000e+01 3.695009999999999746e-46
3.125000000000000000e+01 3.528279999999999870e-46
3.150000000000000000e+01 3.373599999999999864e-46
3.175000000000000000e+01 3.229629999999999836e-46
3.200000000000000000e+01 3.092659999999999928e-46
3.225000000000000000e+01 2.966800000000000094e-46
3.250000000000000000e+01 2.845649999999999967e-46
3.275000000000000000e+01 2.731910000000000001e-46
3.300000000000000000e+01 2.626109999999999952e-46
3.325000000000000000e+01 2.526120000000000069e-46
3.350000000000000000e+01 2.431350000000000152e-46
3.375000000000000000e+01 2.343039999999999875e-46
3.400000000000000000e+01 2.259290000000000146e-46
3.425000000000000000e+01 2.179939999999999915e-46
3.450000000000000000e+01 2.105460000000000053e-46
3.475000000000000000e+01 2.034540000000000109e-46
3.500000000000000000e+01 1.967159999999999807e-46
3.525000000000000000e+01 1.903519999999999972e-46
3.550000000000000000e+01 1.844099999999999865e-46
3.575000000000000000e+01 1.786070000000000148e-46
3.600000000000000000e+01 1.731580000000000074e-46
3.625000000000000000e+01 1.680670000000000001e-46
3.650000000000000000e+01 1.631249999999999954e-46
3.675000000000000000e+01 1.583860000000000023e-46
3.700000000000000000e+01 1.538899999999999916e-46
3.725000000000000000e+01 1.496659999999999954e-46
3.750000000000000000e+01 1.456320000000000059e-46
3.775000000000000000e+01 1.418120000000000053e-46
3.800000000000000000e+01 1.381429999999999962e-46
3.825000000000000000e+01 1.345949999999999907e-46
3.850000000000000000e+01 1.311650000000000058e-46
3.875000000000000000e+01 1.279409999999999962e-46
3.900000000000000000e+01 1.248779999999999999e-46
3.925000000000000000e+01 1.218630000000000073e-46
3.950000000000000000e+01 1.190349999999999993e-46
3.975000000000000000e+01 1.162929999999999962e-46
4.000000000000000000e+01 1.136619999999999944e-46
4.025000000000000000e+01 1.111740000000000094e-46
4.050000000000000000e+01 1.087959999999999924e-46
4.075000000000000000e+01 1.065210000000000019e-46
4.100000000000000000e+01 1.043450000000000021e-46
4.125000000000000000e+01 1.022340000000000082e-46
4.150000000000000000e+01 1.002500000000000038e-46
4.175000000000000000e+01 9.832599999999999435e-47
4.200000000000000000e+01 9.649730000000000011e-47
4.225000000000000000e+01 9.475850000000000076e-47
4.250000000000000000e+01 9.307900000000000413e-47
4.275000000000000000e+01 9.147419999999999408e-47
4.300000000000000000e+01 8.996720000000000472e-47
4.325000000000000000e+01 8.856169999999999201e-47
4.350000000000000000e+01 8.715100000000000256e-47
4.375000000000000000e+01 8.580630000000000364e-47
4.400000000000000000e+01 8.452040000000000051e-47
4.425000000000000000e+01 8.333050000000000480e-47
4.450000000000000000e+01 8.217009999999999963e-47
4.475000000000000000e+01 8.101499999999999787e-47
4.500000000000000000e+01 7.993650000000000317e-47
4.525000000000000000e+01 7.892179999999999574e-47
4.550000000000000000e+01 7.789300000000000107e-47
4.575000000000000000e+01 7.691880000000000042e-47
4.600000000000000000e+01 7.599629999999999833e-47
4.625000000000000000e+01 7.508870000000000235e-47
4.650000000000000000e+01 7.423060000000000168e-47
4.675000000000000000e+01 7.340940000000000071e-47
4.700000000000000000e+01 7.262639999999999605e-47
4.725000000000000000e+01 7.184229999999999949e-47
4.750000000000000000e+01 7.112570000000000450e-47
4.775000000000000000e+01 7.038619999999999956e-47
4.800000000000000000e+01 6.970080000000000115e-47
4.825000000000000000e+01 6.899539999999999796e-47
4.850000000000000000e+01 6.834379999999999909e-47
4.875000000000000000e+01 6.770610000000000218e-47
4.900000000000000000e+01 6.707860000000000266e-47
4.925000000000000000e+01 6.649230000000000212e-47
4.950000000000000000e+01 6.588840000000000475e-47
4.975000000000000000e+01 6.530410000000000274e-47
5.000000000000000000e+01 6.469520000000000417e-47
5.025000000000000000e+01 6.416929999999999825e-47
5.050000000000000000e+01 6.362139999999999873e-47
5.075000000000000000e+01 6.305539999999999546e-47
5.100000000000000000e+01 6.254250000000000432e-47
5.125000000000000000e+01 6.202380000000000285e-47
5.150000000000000000e+01 6.152309999999999790e-47
5.175000000000000000e+01 6.099809999999999861e-47
5.200000000000000000e+01 6.053649999999999661e-47
5.225000000000000000e+01 6.012099999999999729e-47
5.250000000000000000e+01 5.964080000000000406e-47
5.275000000000000000e+01 5.916950000000000188e-47
5.300000000000000000e+01 5.869869999999999690e-47
5.325000000000000000e+01 5.822510000000000369e-47
5.350000000000000000e+01 5.775760000000000359e-47
5.375000000000000000e+01 5.728249999999999933e-47
5.400000000000000000e+01 5.683580000000000342e-47
5.425000000000000000e+01 5.639440000000000120e-47
5.450000000000000000e+01 5.589380000000000348e-47
5.475000000000000000e+01 5.540819999999999962e-47
5.500000000000000000e+01 5.494929999999999807e-47
5.525000000000000000e+01 5.448430000000000343e-47
5.550000000000000000e+01 5.402679999999999599e-47
5.575000000000000000e+01 5.358559999999999849e-47
5.600000000000000000e+01 5.313730000000000375e-47
5.625000000000000000e+01 5.268340000000000340e-47
5.650000000000000000e+01 5.223049999999999746e-47
5.675000000000000000e+01 5.178079999999999889e-47
5.700000000000000000e+01 5.136619999999999647e-47
5.725000000000000000e+01 5.095229999999999598e-47
5.750000000000000000e+01 5.053120000000000076e-47
5.775000000000000000e+01 5.011520000000000423e-47
5.800000000000000000e+01 4.970859999999999595e-47
5.825000000000000000e+01 4.928890000000000456e-47
5.850000000000000000e+01 4.887460000000000436e-47
5.875000000000000000e+01 4.847820000000000319e-47
5.900000000000000000e+01 4.806339999999999606e-47
5.925000000000000000e+01 4.766729999999999710e-47
5.950000000000000000e+01 4.729470000000000279e-47
5.975000000000000000e+01 4.690509999999999664e-47
6.000000000000000000e+01 4.653250000000000234e-47
6.025000000000000000e+01 4.616520000000000172e-47
6.050000000000000000e+01 4.579780000000000360e-47
6.075000000000000000e+01 4.544749999999999538e-47
6.100000000000000000e+01 4.511079999999999664e-47
6.125000000000000000e+01 4.475880000000000182e-47
6.150000000000000000e+01 4.441550000000000306e-47
6.175000000000000000e+01 4.409200000000000437e-47
6.200000000000000000e+01 4.376839999999999846e-47
6.225000000000000000e+01 4.343739999999999797e-47
6.250000000000000000e+01 4.311830000000000092e-47
6.275000000000000000e+01 4.279489999999999972e-47
6.300000000000000000e+01 4.248980000000000213e-47
6.325000000000000000e+01 4.218210000000000159e-47
6.350000000000000000e+01 4.186689999999999924e-47
6.375000000000000000e+01 4.156570000000000122e-47
6.400000000000000000e+01 4.126329999999999922e-47
6.425000000000000000e+01 4.095069999999999984e-47
6.450000000000000000e+01 4.064419999999999841e-47
6.475000000000000000e+01 4.034729999999999967e-47
6.500000000000000000e+01 4.004320000000000134e-47
6.525000000000000000e+01 3.974050000000000199e-47
6.550000000000000000e+01 3.944629999999999884e-47
6.575000000000000000e+01 3.913830000000000095e-47
6.600000000000000000e+01 3.881709999999999814e-47
6.625000000000000000e+01 3.850340000000000199e-47
6.650000000000000000e+01 3.817659999999999843e-47
6.675000000000000000e+01 3.785639999999999975e-47
6.700000000000000000e+01 3.752340000000000073e-47
6.725000000000000000e+01 3.720899999999999780e-47
6.750000000000000000e+01 3.688390000000000028e-47
6.775000000000000000e+01 3.655879999999999790e-47
6.800000000000000000e+01 3.621850000000000180e-47
6.825000000000000000e+01 3.587299999999999979e-47
6.850000000000000000e+01 3.553110000000000000e-47
6.875000000000000000e+01 3.519650000000000215e-47
6.900000000000000000e+01 3.484989999999999851e-47
6.925000000000000000e+01 3.450290000000000003e-47
6.950000000000000000e+01 3.416020000000000083e-47
6.975000000000000000e+01 3.380080000000000171e-47
7.000000000000000000e+01 3.346449999999999781e-47
7.025000000000000000e+01 3.312919999999999805e-47
7.050000000000000000e+01 3.278769999999999797e-47
7.075000000000000000e+01 3.246499999999999869e-47
7.100000000000000000e+01 3.215279999999999901e-47
7.125000000000000000e+01 3.185129999999999878e-47
7.150000000000000000e+01 3.155470000000000225e-47
7.175000000000000000e+01 3.124450000000000110e-47
7.200000000000000000e+01 3.097020000000000038e-47
7.225000000000000000e+01 3.072679999999999890e-47
7.250000000000000000e+01 3.050620000000000014e-47
7.275000000000000000e+01 3.028370000000000035e-47
7.300000000000000000e+01 3.005329999999999906e-47
7.325000000000000000e+01 2.983989999999999989e-47
7.350000000000000000e+01 2.961819999999999952e-47
7.375000000000000000e+01 2.942030000000000114e-47
7.400000000000000000e+01 2.920930000000000021e-47
7.425000000000000000e+01 2.903269999999999838e-47
7.450000000000000000e+01 2.884830000000000227e-47
7.475000000000000000e+01 2.867639999999999942e-47
7.500000000000000000e+01 2.849469999999999890e-47
7.525000000000000000e+01 2.832749999999999990e-47
7.550000000000000000e+01 2.816220000000000194e-47
7.575000000000000000e+01 2.800599999999999975e-47
7.600000000000000000e+01 2.785040000000000197e-47
7.625000000000000000e+01 2.770719999999999997e-47
7.650000000000000000e+01 2.756239999999999914e-47
7.675000000000000000e+01 2.742629999999999923e-47
7.700000000000000000e+01 2.729179999999999814e-47
7.725000000000000000e+01 2.716020000000000222e-47
7.750000000000000000e+01 2.703290000000000072e-47
7.775000000000000000e+01 2.691310000000000101e-47
7.800000000000000000e+01 2.678819999999999775e-47
7.825000000000000000e+01 2.666249999999999994e-47
7.850000000000000000e+01 2.654810000000000114e-47
7.875000000000000000e+01 2.643940000000000059e-47
7.900000000000000000e+01 2.633030000000000033e-47
7.925000000000000000e+01 2.621929999999999904e-47
7.950000000000000000e+01 2.611260000000000189e-47
7.975000000000000000e+01 2.601349999999999916e-47
8.000000000000000000e+01 2.591759999999999896e-47
8.025000000000000000e+01 2.582149999999999890e-47
8.050000000000000000e+01 2.572780000000000194e-47
8.075000000000000000e+01 2.563379999999999791e-47
8.100000000000000000e+01 2.554530000000000200e-47
8.125000000000000000e+01 2.545089999999999826e-47
8.150000000000000000e+01 2.536150000000000058e-47
8.175000000000000000e+01 2.527660000000000204e-47
8.200000000000000000e+01 2.519639999999999762e-47
8.225000000000000000e+01 2.511949999999999807e-47
8.250000000000000000e+01 2.504250000000000103e-47
8.275000000000000000e+01 2.496669999999999824e-47
8.300000000000000000e+01 2.489349999999999841e-47
8.325000000000000000e+01 2.482479999999999772e-47
8.350000000000000000e+01 2.475220000000000231e-47
8.375000000000000000e+01 2.468530000000000030e-47
8.400000000000000000e+01 2.462240000000000021e-47
8.425000000000000000e+01 2.456180000000000087e-47
8.450000000000000000e+01 2.450390000000000198e-47
8.475000000000000000e+01 2.444309999999999793e-47
8.500000000000000000e+01 2.439250000000000098e-47
8.525000000000000000e+01 2.433700000000000034e-47
8.550000000000000000e+01 2.428329999999999837e-47
8.575000000000000000e+01 2.423589999999999908e-47
8.600000000000000000e+01 2.418940000000000156e-47
8.625000000000000000e+01 2.414119999999999799e-47
8.650000000000000000e+01 2.408880000000000237e-47
8.675000000000000000e+01 2.404190000000000028e-47
8.700000000000000000e+01 2.399939999999999982e-47
8.725000000000000000e+01 2.394670000000000199e-47
8.750000000000000000e+01 2.390179999999999843e-47
8.775000000000000000e+01 2.385860000000000093e-47
8.800000000000000000e+01 2.382139999999999902e-47
8.825000000000000000e+01 2.378580000000000080e-47
8.850000000000000000e+01 2.374719999999999992e-47
8.875000000000000000e+01 2.371860000000000144e-47
8.900000000000000000e+01 2.368629999999999837e-47
8.925000000000000000e+01 2.366020000000000049e-47
8.950000000000000000e+01 2.363160000000000200e-47
8.975000000000000000e+01 2.360460000000000234e-47
9.000000000000000000e+01 2.357949999999999886e-47
9.025000000000000000e+01 2.356129999999999762e-47
9.050000000000000000e+01 2.354120000000000019e-47
9.075000000000000000e+01 2.352009999999999864e-47
9.100000000000000000e+01 2.350210000000000211e-47
9.125000000000000000e+01 2.347989999999999894e-47
9.150000000000000000e+01 2.346660000000000139e-47
9.175000000000000000e+01 2.344959999999999927e-47
9.200000000000000000e+01 2.343759999999999834e-47
9.225000000000000000e+01 2.342530000000000006e-47
9.250000000000000000e+01 2.341010000000000148e-47
9.275000000000000000e+01 2.339819999999999805e-47
9.300000000000000000e+01 2.338660000000000169e-47
9.325000000000000000e+01 2.336990000000000177e-47
9.350000000000000000e+01 2.335489999999999818e-47
9.375000000000000000e+01 2.334880000000000022e-47
9.400000000000000000e+01 2.334680000000000169e-47
9.425000000000000000e+01 2.333739999999999885e-47
9.450000000000000000e+01 2.333090000000000119e-47
9.475000000000000000e+01 2.332990000000000192e-47
9.500000000000000000e+01 2.332419999999999880e-47
9.525000000000000000e+01 2.332499999999999822e-47
9.550000000000000000e+01 2.332200000000000042e-47
9.575000000000000000e+01 2.332370000000000160e-47
9.600000000000000000e+01 2.332399999999999895e-47
9.625000000000000000e+01 2.333079999999999883e-47
9.650000000000000000e+01 2.333030000000000163e-47
9.675000000000000000e+01 2.332620000000000220e-47
9.700000000000000000e+01 2.332490000000000072e-47
9.725000000000000000e+01 2.332539999999999792e-47
9.750000000000000000e+01 2.332439999999999866e-47
9.775000000000000000e+01 2.332410000000000131e-47
9.800000000000000000e+01 2.332319999999999954e-47
9.825000000000000000e+01 2.332579999999999763e-47
9.850000000000000000e+01 2.332999999999999941e-47
9.875000000000000000e+01 2.333610000000000224e-47
9.900000000000000000e+01 2.333389999999999899e-47
9.925000000000000000e+01 2.333940000000000225e-47
9.950000000000000000e+01 2.334350000000000167e-47
9.975000000000000000e+01 2.334689999999999918e-47
1.000000000000000000e+02 2.335489999999999818e-47
1.002500000000000000e+02 2.335540000000000024e-47
1.005000000000000000e+02 2.336319999999999939e-47
1.007500000000000000e+02 2.337480000000000061e-47
1.010000000000000000e+02 2.338069999999999872e-47
1.012500000000000000e+02 2.338499999999999800e-47
1.015000000000000000e+02 2.338629999999999948e-47
1.017500000000000000e+02 2.338860000000000022e-47
1.020000000000000000e+02 2.339559999999999995e-47
1.022500000000000000e+02 2.339859999999999775e-47
1.025000000000000000e+02 2.339900000000000232e-47
1.027500000000000000e+02 2.340490000000000043e-47
1.030000000000000000e+02 2.340669999999999911e-47
1.032500000000000000e+02 2.341349999999999899e-47
1.035000000000000000e+02 2.341779999999999827e-47
1.037500000000000000e+02 2.342470000000000050e-47
1.040000000000000000e+02 2.342700000000000125e-47
1.042500000000000000e+02 2.343309999999999921e-47
1.045000000000000000e+02 2.343380000000000112e-47
1.047500000000000000e+02 2.343920000000000203e-47
1.050000000000000000e+02 2.344890000000000221e-47
1.052500000000000000e+02 2.345460000000000046e-47
1.055000000000000000e+02 2.346230000000000211e-47
1.057500000000000000e+02 2.347200000000000230e-47
1.060000000000000000e+02 2.347710000000000099e-47
1.062500000000000000e+02 2.348640000000000147e-47
1.065000000000000000e+02 2.349099999999999809e-47
1.067500000000000000e+02 2.349249999999999943e-47
1.070000000000000000e+02 2.349880000000000210e-47
1.072500000000000000e+02 2.350120000000000034e-47
1.075000000000000000e+02 2.350450000000000035e-47
1.077500000000000000e+02 2.351519999999999980e-47
1.080000000000000000e+02 2.352430000000000043e-47
1.082500000000000000e+02 2.352780000000000029e-47
1.085000000000000000e+02 2.353420000000000046e-47
1.087500000000000000e+02 2.354020000000000093e-47
1.090000000000000000e+02 2.354339999999999858e-47
1.092500000000000000e+02 2.355139999999999758e-47
1.095000000000000000e+02 2.355679999999999848e-47
1.097500000000000000e+02 2.356250000000000160e-47
1.100000000000000000e+02 2.356609999999999896e-47
1.102500000000000000e+02 2.356899999999999927e-47
1.105000000000000000e+02 2.356740000000000044e-47
1.107500000000000000e+02 2.356970000000000118e-47
1.110000000000000000e+02 2.356879999999999941e-47
1.112500000000000000e+02 2.357030000000000074e-47
1.115000000000000000e+02 2.357320000000000105e-47
1.117500000000000000e+02 2.357889999999999930e-47
1.120000000000000000e+02 2.358310000000000109e-47
1.122500000000000000e+02 2.358609999999999889e-47
1.125000000000000000e+02 2.358830000000000214e-47
1.127500000000000000e+02 2.359249999999999906e-47
1.130000000000000000e+02 2.359690000000000070e-47
1.132500000000000000e+02 2.360020000000000071e-47
1.135000000000000000e+02 2.360879999999999927e-47
1.137500000000000000e+02 2.361610000000000121e-47
1.140000000000000000e+02 2.361800000000000225e-47
1.142500000000000000e+02 2.362219999999999917e-47
1.145000000000000000e+02 2.362950000000000111e-47
1.147500000000000000e+02 2.363409999999999774e-47
1.150000000000000000e+02 2.364159999999999953e-47
1.152500000000000000e+02 2.364850000000000177e-47
1.155000000000000000e+02 2.364979999999999839e-47
1.157500000000000000e+02 2.365439999999999988e-47
1.160000000000000000e+02 2.365800000000000210e-47
1.162500000000000000e+02 2.366210000000000153e-47
1.165000000000000000e+02 2.367149999999999950e-47
1.167500000000000000e+02 2.367809999999999952e-47
1.170000000000000000e+02 2.368709999999999779e-47
1.172500000000000000e+02 2.369740000000000239e-47
1.175000000000000000e+02 2.370130000000000196e-47
1.177500000000000000e+02 2.370529999999999903e-47
1.180000000000000000e+02 2.371030000000000023e-47
1.182500000000000000e+02 2.371389999999999759e-47
1.185000000000000000e+02 2.372099999999999968e-47
1.187500000000000000e+02 2.372620000000000073e-47
1.190000000000000000e+02 2.373769999999999959e-47
1.192500000000000000e+02 2.374529999999999889e-47
1.195000000000000000e+02 2.375390000000000231e-47
1.197500000000000000e+02 2.376179999999999895e-47
1.200000000000000000e+02 2.377209999999999869e-47
1.202500000000000000e+02 2.377800000000000166e-47
1.205000000000000000e+02 2.378609999999999815e-47
1.207500000000000000e+02 2.379109999999999935e-47
1.210000000000000000e+02 2.379559999999999848e-47
1.212500000000000000e+02 2.380099999999999939e-47
1.215000000000000000e+02 2.380870000000000104e-47
1.217500000000000000e+02 2.381530000000000106e-47
1.220000000000000000e+02 2.382259999999999814e-47
1.222500000000000000e+02 2.383020000000000229e-47
1.225000000000000000e+02 2.383539999999999848e-47
1.227500000000000000e+02 2.384270000000000042e-47
1.230000000000000000e+02 2.385020000000000222e-47
1.232500000000000000e+02 2.385669999999999989e-47
1.235000000000000000e+02 2.386290000000000020e-47
1.237500000000000000e+02 2.386939999999999787e-47
1.240000000000000000e+02 2.387740000000000173e-47
1.242500000000000000e+02 2.388529999999999837e-47
1.245000000000000000e+02 2.388839999999999853e-47
1.247500000000000000e+02 2.389399999999999929e-47
1.250000000000000000e+02 2.390110000000000138e-47
1.252500000000000000e+02 2.390380000000000183e-47
1.255000000000000000e+02 2.391149999999999862e-47
1.257500000000000000e+02 2.391880000000000056e-47
1.260000000000000000e+02 2.392489999999999852e-47
1.262500000000000000e+02 2.393109999999999884e-47
1.265000000000000000e+02 2.393510000000000077e-47
1.267500000000000000e+02 2.393929999999999769e-47
1.270000000000000000e+02 2.394859999999999816e-47
1.272500000000000000e+02 2.395249999999999774e-47
1.275000000000000000e+02 2.396079999999999895e-47
1.277500000000000000e+02 2.396389999999999910e-47
1.280000000000000000e+02 2.396619999999999985e-47
1.282500000000000000e+02 2.397009999999999942e-47
1.285000000000000000e+02 2.397379999999999914e-47
1.287500000000000000e+02 2.397760000000000122e-47
1.290000000000000000e+02 2.398250000000000006e-47
1.292500000000000000e+02 2.398919999999999758e-47
1.295000000000000000e+02 2.399620000000000217e-47
1.297500000000000000e+02 2.400079999999999880e-47
1.300000000000000000e+02 2.400070000000000130e-47
1.302500000000000000e+02 2.400039999999999909e-47
1.305000000000000000e+02 2.400150000000000072e-47
1.307500000000000000e+02 2.400650000000000191e-47
1.310000000000000000e+02 2.401069999999999884e-47
1.312500000000000000e+02 2.401430000000000106e-47
1.315000000000000000e+02 2.401669999999999930e-47
1.317500000000000000e+02 2.401939999999999975e-47
1.320000000000000000e+02 2.402349999999999918e-47
1.322500000000000000e+02 2.402630000000000199e-47
1.325000000000000000e+02 2.402810000000000067e-47
1.327500000000000000e+02 2.403029999999999906e-47
1.330000000000000000e+02 2.403319999999999936e-47
1.332500000000000000e+02 2.403629999999999952e-47
1.335000000000000000e+02 2.404340000000000161e-47
1.337500000000000000e+02 2.404449999999999837e-47
1.340000000000000000e+02 2.404039999999999895e-47
1.342500000000000000e+02 2.404079999999999865e-47
1.345000000000000000e+02 2.404119999999999836e-47
1.347500000000000000e+02 2.403899999999999997e-47
1.350000000000000000e+02 2.403649999999999937e-47
1.352500000000000000e+02 2.404070000000000116e-47
1.355000000000000000e+02 2.403569999999999996e-47
1.357500000000000000e+02 2.403339999999999921e-47
1.360000000000000000e+02 2.403250000000000230e-47
1.362500000000000000e+02 2.402859999999999787e-47
1.365000000000000000e+02 2.402639999999999948e-47
1.367500000000000000e+02 2.402309999999999947e-47
1.370000000000000000e+02 2.401959999999999960e-47
1.372500000000000000e+02 2.401390000000000135e-47
1.375000000000000000e+02 2.401379999999999899e-47
1.377500000000000000e+02 2.400899999999999765e-47
1.380000000000000000e+02 2.400389999999999896e-47
1.382500000000000000e+02 2.399930000000000233e-47
1.385000000000000000e+02 2.399559999999999775e-47
1.387500000000000000e+02 2.398810000000000081e-47
1.390000000000000000e+02 2.398320000000000197e-47
1.392500000000000000e+02 2.397609999999999989e-47
1.395000000000000000e+02 2.397260000000000002e-47
1.397500000000000000e+02 2.396600000000000000e-47
1.400000000000000000e+02 2.396159999999999836e-47
1.402500000000000000e+02 2.395470000000000099e-47
1.405000000000000000e+02 2.394779999999999875e-47
1.407500000000000000e+02 2.394099999999999887e-47
1.410000000000000000e+02 2.393160000000000090e-47
1.412500000000000000e+02 2.392309999999999984e-47
1.415000000000000000e+02 2.391009999999999964e-47
1.417500000000000000e+02 2.389960000000000005e-47
1.420000000000000000e+02 2.389049999999999942e-47
1.422500000000000000e+02 2.388139999999999880e-47
1.425000000000000000e+02 2.386870000000000082e-47
1.427500000000000000e+02 2.385940000000000034e-47
1.430000000000000000e+02 2.384879999999999838e-47
1.432500000000000000e+02 2.383800000000000144e-47
1.435000000000000000e+02 2.382770000000000170e-47
1.437500000000000000e+02 2.381419999999999944e-47
1.440000000000000000e+02 2.380210000000000101e-47
1.442500000000000000e+02 2.379349999999999759e-47
1.445000000000000000e+02 2.377980000000000034e-47
1.447500000000000000e+02 2.376819999999999912e-47
1.450000000000000000e+02 2.375229999999999862e-47
1.452500000000000000e+02 2.373889999999999872e-47
1.455000000000000000e+02 2.372859999999999897e-47
1.457500000000000000e+02 2.371570000000000113e-47
1.460000000000000000e+02 2.370279999999999843e-47
1.462500000000000000e+02 2.369419999999999988e-47
1.465000000000000000e+02 2.368270000000000101e-47
1.467500000000000000e+02 2.367320000000000068e-47
1.470000000000000000e+02 2.366319999999999829e-47
1.472500000000000000e+02 2.364839999999999941e-47
1.475000000000000000e+02 2.363120000000000230e-47
1.477500000000000000e+02 2.361639999999999856e-47
1.480000000000000000e+02 2.359860000000000188e-47
1.482500000000000000e+02 2.357989999999999857e-47
1.485000000000000000e+02 2.356439999999999778e-47
1.487500000000000000e+02 2.354950000000000140e-47
1.490000000000000000e+02 2.353079999999999809e-47
1.492500000000000000e+02 2.350999999999999875e-47
1.495000000000000000e+02 2.349240000000000193e-47
1.497500000000000000e+02 2.347750000000000070e-47
1.500000000000000000e+02 2.346020000000000122e-47
1.502500000000000000e+02 2.344100000000000071e-47
1.505000000000000000e+02 2.342310000000000167e-47
1.507500000000000000e+02 2.340620000000000191e-47
1.510000000000000000e+02 2.338899999999999993e-47
1.512500000000000000e+02 2.337369999999999899e-47
1.515000000000000000e+02 2.335529999999999789e-47
1.517500000000000000e+02 2.333960000000000210e-47
1.520000000000000000e+02 2.332129999999999850e-47
1.522500000000000000e+02 2.330570000000000021e-47
1.525000000000000000e+02 2.328410000000000145e-47
1.527500000000000000e+02 2.326579999999999785e-47
1.530000000000000000e+02 2.324660000000000220e-47
1.532500000000000000e+02 2.322780000000000139e-47
1.535000000000000000e+02 2.320689999999999970e-47
1.537500000000000000e+02 2.318860000000000095e-47
1.540000000000000000e+02 2.317279999999999795e-47
1.542500000000000000e+02 2.315369999999999979e-47
1.545000000000000000e+02 2.313640000000000032e-47
1.547500000000000000e+02 2.311649999999999789e-47
1.550000000000000000e+02 2.309730000000000224e-47
1.552500000000000000e+02 2.307509999999999906e-47
1.555000000000000000e+02 2.305460000000000193e-47
1.557500000000000000e+02 2.303649999999999818e-47
1.560000000000000000e+02 2.301819999999999944e-47
1.562500000000000000e+02 2.299999999999999820e-47
1.565000000000000000e+02 2.298100000000000240e-47
1.567500000000000000e+02 2.296220000000000159e-47
1.570000000000000000e+02 2.294380000000000049e-47
1.572500000000000000e+02 2.292459999999999998e-47
1.575000000000000000e+02 2.290809999999999992e-47
1.577500000000000000e+02 2.288969999999999882e-47
1.580000000000000000e+02 2.287190000000000214e-47
1.582500000000000000e+02 2.285629999999999899e-47
1.585000000000000000e+02 2.283379999999999847e-47
1.587500000000000000e+02 2.281160000000000015e-47
1.590000000000000000e+02 2.279279999999999935e-47
1.592500000000000000e+02 2.277609999999999943e-47
1.595000000000000000e+02 2.275620000000000186e-47
1.597500000000000000e+02 2.273530000000000016e-47
1.600000000000000000e+02 2.271580000000000230e-47
1.602500000000000000e+02 2.269430000000000104e-47
1.605000000000000000e+02 2.267370000000000156e-47
1.607500000000000000e+02 2.265080000000000133e-47
1.610000000000000000e+02 2.262879999999999800e-47
1.612500000000000000e+02 2.260779999999999881e-47
1.615000000000000000e+02 2.258600000000000020e-47
1.617500000000000000e+02 2.256719999999999940e-47
1.620000000000000000e+02 2.254980000000000243e-47
1.622500000000000000e+02 2.253180000000000103e-47
1.625000000000000000e+02 2.251309999999999772e-47
1.627500000000000000e+02 2.249200000000000103e-47
1.630000000000000000e+02 2.247040000000000228e-47
1.632500000000000000e+02 2.244609999999999821e-47
1.635000000000000000e+02 2.242870000000000124e-47
1.637500000000000000e+02 2.240819999999999925e-47
1.640000000000000000e+02 2.238649999999999814e-47
1.642500000000000000e+02 2.236589999999999865e-47
1.645000000000000000e+02 2.234250000000000122e-47
1.647500000000000000e+02 2.232250000000000129e-47
1.650000000000000000e+02 2.230279999999999871e-47
1.652500000000000000e+02 2.228270000000000129e-47
1.655000000000000000e+02 2.226190000000000195e-47
1.657500000000000000e+02 2.224150000000000232e-47
1.660000000000000000e+02 2.222140000000000003e-47
1.662500000000000000e+02 2.220199999999999967e-47
1.665000000000000000e+02 2.218230000000000195e-47
1.667500000000000000e+02 2.216580000000000189e-47
1.670000000000000000e+02 2.214709999999999858e-47
1.672500000000000000e+02 2.212370000000000115e-47
1.675000000000000000e+02 2.210060000000000106e-47
1.677500000000000000e+02 2.208399999999999864e-47
1.680000000000000000e+02 2.206390000000000122e-47
1.682500000000000000e+02 2.204760000000000101e-47
1.685000000000000000e+02 2.202720000000000138e-47
1.687500000000000000e+02 2.200430000000000115e-47
1.690000000000000000e+02 2.198359999999999930e-47
1.692500000000000000e+02 2.196240000000000026e-47
1.695000000000000000e+02 2.194310000000000225e-47
1.697500000000000000e+02 2.192490000000000100e-47
1.700000000000000000e+02 2.190249999999999797e-47
1.702500000000000000e+02 2.188029999999999966e-47
1.705000000000000000e+02 2.185840000000000112e-47
1.707500000000000000e+02 2.183550000000000089e-47
1.710000000000000000e+02 2.181550000000000096e-47
1.712500000000000000e+02 2.179499999999999897e-47
1.715000000000000000e+02 2.177330000000000029e-47
1.717500000000000000e+02 2.175280000000000073e-47
1.720000000000000000e+02 2.173089999999999977e-47
1.722500000000000000e+02 2.171189999999999911e-47
1.725000000000000000e+02 2.169179999999999926e-47
1.727500000000000000e+02 2.167179999999999933e-47
1.730000000000000000e+02 2.165290000000000103e-47
1.732500000000000000e+02 2.163320000000000088e-47
1.735000000000000000e+02 2.160869999999999939e-47
1.737500000000000000e+02 2.158350000000000084e-47
1.740000000000000000e+02 2.156090000000000039e-47
1.742500000000000000e+02 2.153979999999999884e-47
1.745000000000000000e+02 2.151740000000000067e-47
1.747500000000000000e+02 2.149450000000000044e-47
1.750000000000000000e+02 2.146969999999999917e-47
1.752500000000000000e+02 2.144710000000000115e-47
1.755000000000000000e+02 2.142440000000000077e-47
1.757500000000000000e+02 2.140110000000000083e-47
1.760000000000000000e+02 2.137959999999999958e-47
1.762500000000000000e+02 2.135810000000000075e-47
1.765000000000000000e+02 2.133560000000000022e-47
1.767500000000000000e+02 2.131260000000000006e-47
1.770000000000000000e+02 2.129160000000000087e-47
1.772500000000000000e+02 2.127119999999999881e-47
1.775000000000000000e+02 2.124880000000000064e-47
1.777500000000000000e+02 2.122600000000000033e-47
1.780000000000000000e+02 2.120290000000000025e-47
1.782500000000000000e+02 2.117930000000000053e-47
1.785000000000000000e+02 2.115890000000000090e-47
1.787500000000000000e+02 2.114139999999999914e-47
1.790000000000000000e+02 2.112039999999999994e-47
1.792500000000000000e+02 2.109809999999999927e-47
1.795000000000000000e+02 2.107489999999999926e-47
1.797500000000000000e+02 2.105370000000000021e-47
1.800000000000000000e+02 2.102469999999999959e-47
1.802500000000000000e+02 2.100320000000000076e-47
1.805000000000000000e+02 2.097789999999999986e-47
1.807500000000000000e+02 2.095479999999999977e-47
1.810000000000000000e+02 2.093149999999999984e-47
1.812500000000000000e+02 2.090599999999999908e-47
1.815000000000000000e+02 2.088159999999999995e-47
1.817500000000000000e+02 2.085440000000000043e-47
1.820000000000000000e+02 2.083030000000000108e-47
1.822500000000000000e+02 2.080710000000000107e-47
1.825000000000000000e+02 2.078339999999999899e-47
1.827500000000000000e+02 2.076180000000000024e-47
1.830000000000000000e+02 2.073979999999999935e-47
1.832500000000000000e+02 2.071550000000000014e-47
1.835000000000000000e+02 2.069249999999999998e-47
1.837500000000000000e+02 2.066830000000000070e-47
1.840000000000000000e+02 2.064450000000000113e-47
1.842500000000000000e+02 2.062319999999999973e-47
1.845000000000000000e+02 2.060079999999999913e-47
1.847500000000000000e+02 2.057810000000000118e-47
1.850000000000000000e+02 2.055560000000000066e-47
1.852500000000000000e+02 2.053560000000000073e-47
1.855000000000000000e+02 2.051489999999999889e-47
1.857500000000000000e+02 2.049159999999999895e-47
1.860000000000000000e+02 2.046769999999999945e-47
1.862500000000000000e+02 2.044449999999999944e-47
1.865000000000000000e+02 2.042020000000000023e-47
1.867500000000000000e+02 2.039829999999999926e-47
1.870000000000000000e+02 2.037749999999999992e-47
1.872500000000000000e+02 2.035459999999999969e-47
1.875000000000000000e+02 2.033129999999999975e-47
1.877500000000000000e+02 2.030620000000000113e-47
1.880000000000000000e+02 2.028100000000000016e-47
1.882500000000000000e+02 2.025929999999999905e-47
1.885000000000000000e+02 2.023859999999999963e-47
1.887500000000000000e+02 2.021869999999999963e-47
1.890000000000000000e+02 2.019549999999999962e-47
1.892500000000000000e+02 2.017559999999999962e-47
1.895000000000000000e+02 2.015730000000000088e-47
1.897500000000000000e+02 2.013529999999999999e-47
1.900000000000000000e+02 2.011780000000000066e-47
1.902500000000000000e+02 2.009730000000000110e-47
1.905000000000000000e+02 2.007979999999999934e-47
1.907500000000000000e+02 2.005679999999999918e-47
1.910000000000000000e+02 2.003989999999999941e-47
1.912500000000000000e+02 2.001840000000000059e-47
1.915000000000000000e+02 2.000260000000000001e-47
1.917500000000000000e+02 1.998049999999999919e-47
1.920000000000000000e+02 1.996250000000000023e-47
1.922500000000000000e+02 1.994649999999999981e-47
1.925000000000000000e+02 1.992920000000000033e-47
1.927500000000000000e+02 1.991409999999999924e-47
1.930000000000000000e+02 1.989719999999999948e-47
1.932500000000000000e+02 1.988230000000000067e-47
1.935000000000000000e+02 1.986580000000000061e-47
1.937500000000000000e+02 1.984960000000000033e-47
1.940000000000000000e+02 1.983560000000000087e-47
1.942500000000000000e+02 1.982159999999999898e-47
1.945000000000000000e+02 1.980560000000000098e-47
1.947500000000000000e+02 1.979010000000000019e-47
1.950000000000000000e+02 1.977499999999999910e-47
1.952500000000000000e+02 1.976429999999999965e-47
1.955000000000000000e+02 1.975169999999999916e-47
1.957500000000000000e+02 1.973680000000000036e-47
1.960000000000000000e+02 1.972620000000000083e-47
1.962500000000000000e+02 1.971310000000000071e-47
1.965000000000000000e+02 1.970229999999999890e-47
1.967500000000000000e+02 1.969400000000000013e-47
1.970000000000000000e+02 1.968260000000000119e-47
1.972500000000000000e+02 1.967270000000000115e-47
1.975000000000000000e+02 1.966189999999999934e-47
1.977500000000000000e+02 1.965129999999999982e-47
1.980000000000000000e+02 1.964020000000000066e-47
1.982500000000000000e+02 1.963060000000000041e-47
1.985000000000000000e+02 1.962000000000000088e-47
1.987500000000000000e+02 1.960990000000000099e-47
1.990000000000000000e+02 1.960239999999999920e-47
1.992500000000000000e+02 1.959680000000000087e-47
1.995000000000000000e+02 1.959100000000000026e-47
1.997500000000000000e+02 1.958450000000000016e-47
2.000000000000000000e+02 1.957599999999999910e-47
2.002500000000000000e+02 1.956869999999999959e-47
2.005000000000000000e+02 1.955979999999999882e-47
2.007500000000000000e+02 1.955499999999999991e-47
2.010000000000000000e+02 1.954790000000000025e-47
2.012500000000000000e+02 1.954509999999999987e-47
2.015000000000000000e+02 1.954239999999999942e-47
2.017500000000000000e+02 1.954080000000000059e-47
2.020000000000000000e+02 1.953450000000000035e-47
2.022500000000000000e+02 1.952889999999999959e-47
2.025000000000000000e+02 1.952629999999999906e-47
2.027500000000000000e+02 1.951969999999999904e-47
2.030000000000000000e+02 1.951430000000000057e-47
2.032500000000000000e+02 1.950810000000000025e-47
2.035000000000000000e+02 1.950370000000000104e-47
2.037500000000000000e+02 1.950020000000000118e-47
2.040000000000000000e+02 1.949810000000000029e-47
2.042500000000000000e+02 1.949480000000000027e-47
2.045000000000000000e+02 1.949080000000000077e-47
2.047500000000000000e+02 1.948410000000000082e-47
2.050000000000000000e+02 1.948160000000000022e-47
2.052500000000000000e+02 1.948180000000000008e-47
2.055000000000000000e+02 1.947939999999999941e-47
2.057500000000000000e+02 1.947899999999999970e-47
2.060000000000000000e+02 1.947810000000000036e-47
2.062500000000000000e+02 1.947780000000000058e-47
2.065000000000000000e+02 1.947830000000000021e-47
2.067500000000000000e+02 1.947599999999999947e-47
2.070000000000000000e+02 1.947120000000000055e-47
2.072500000000000000e+02 1.946989999999999908e-47
2.075000000000000000e+02 1.946639999999999921e-47
2.077500000000000000e+02 1.946319999999999913e-47
2.080000000000000000e+02 1.946180000000000015e-47
2.082500000000000000e+02 1.946219999999999986e-47
2.085000000000000000e+02 1.946150000000000037e-47
2.087500000000000000e+02 1.946269999999999949e-47
2.090000000000000000e+02 1.946380000000000112e-47
2.092500000000000000e+02 1.946400000000000097e-47
2.095000000000000000e+02 1.946279999999999942e-47
2.097500000000000000e+02 1.945889999999999985e-47
2.100000000000000000e+02 1.945820000000000036e-47
2.102500000000000000e+02 1.945500000000000027e-47
2.105000000000000000e+02 1.945899999999999977e-47
2.107500000000000000e+02 1.945969999999999926e-47
2.110000000000000000e+02 1.946339999999999898e-47
2.112500000000000000e+02 1.946730000000000098e-47
2.115000000000000000e+02 1.946510000000000016e-47
2.117500000000000000e+02 1.946549999999999987e-47
2.120000000000000000e+02 1.946060000000000103e-47
2.122500000000000000e+02 1.946209999999999993e-47
2.125000000000000000e+02 1.946569999999999972e-47
2.127500000000000000e+02 1.946710000000000113e-47
2.130000000000000000e+02 1.946589999999999958e-47
2.132500000000000000e+02 1.947019999999999886e-47
2.135000000000000000e+02 1.947329999999999902e-47
2.137500000000000000e+02 1.947939999999999941e-47
2.140000000000000000e+02 1.948619999999999928e-47
2.142500000000000000e+02 1.949030000000000114e-47
2.145000000000000000e+02 1.949170000000000011e-47
2.147500000000000000e+02 1.949410000000000079e-47
2.150000000000000000e+02 1.949879999999999977e-47
2.152500000000000000e+02 1.950090000000000066e-47
2.155000000000000000e+02 1.950219999999999971e-47
2.157500000000000000e+02 1.950519999999999994e-47
2.160000000000000000e+02 1.951140000000000026e-47
2.162500000000000000e+02 1.951639999999999903e-47
2.165000000000000000e+02 1.952470000000000024e-47
2.167500000000000000e+02 1.952849999999999988e-47
2.170000000000000000e+02 1.953470000000000020e-47
2.172500000000000000e+02 1.954120000000000030e-47
2.175000000000000000e+02 1.954499999999999994e-47
2.177500000000000000e+02 1.955619999999999903e-47
2.180000000000000000e+02 1.955909999999999933e-47
2.182500000000000000e+02 1.955730000000000065e-47
2.185000000000000000e+02 1.956219999999999949e-47
2.187500000000000000e+02 1.956710000000000076e-47
2.190000000000000000e+02 1.957299999999999887e-47
2.192500000000000000e+02 1.958010000000000096e-47
2.195000000000000000e+02 1.958539999999999950e-47
2.197500000000000000e+02 1.959120000000000011e-47
2.200000000000000000e+02 1.959809999999999992e-47
2.202500000000000000e+02 1.960680000000000083e-47
2.205000000000000000e+02 1.961640000000000109e-47
2.207500000000000000e+02 1.962249999999999905e-47
2.210000000000000000e+02 1.963290000000000115e-47
2.212500000000000000e+02 1.964340000000000075e-47
2.215000000000000000e+02 1.965229999999999909e-47
2.217500000000000000e+02 1.966000000000000074e-47
2.220000000000000000e+02 1.966960000000000099e-47
2.222500000000000000e+02 1.967499999999999947e-47
2.225000000000000000e+02 1.968620000000000098e-47
2.227500000000000000e+02 1.969370000000000034e-47
2.230000000000000000e+02 1.970000000000000059e-47
2.232500000000000000e+02 1.970819999999999944e-47
2.235000000000000000e+02 1.971439999999999976e-47
2.237500000000000000e+02 1.972360000000000031e-47
2.240000000000000000e+02 1.972570000000000120e-47
2.242500000000000000e+02 1.973209999999999894e-47
2.245000000000000000e+02 1.973789999999999955e-47
2.247500000000000000e+02 1.973869999999999896e-47
2.250000000000000000e+02 1.973970000000000066e-47
2.252500000000000000e+02 1.973869999999999896e-47
2.255000000000000000e+02 1.973759999999999977e-47
2.257500000000000000e+02 1.974179999999999912e-47
2.260000000000000000e+02 1.974350000000000031e-47
2.262500000000000000e+02 1.974129999999999949e-47
2.265000000000000000e+02 1.973439999999999969e-47
2.267500000000000000e+02 1.973209999999999894e-47
2.270000000000000000e+02 1.972209999999999898e-47
2.272500000000000000e+02 1.971239999999999879e-47
2.275000000000000000e+02 1.970529999999999914e-47
2.277500000000000000e+02 1.969239999999999887e-47
2.280000000000000000e+02 1.967579999999999888e-47
2.282500000000000000e+02 1.966139999999999971e-47
2.285000000000000000e+02 1.963869999999999933e-47
2.287500000000000000e+02 1.961839999999999962e-47
2.290000000000000000e+02 1.959070000000000048e-47
2.292500000000000000e+02 1.955939999999999911e-47
2.295000000000000000e+02 1.952919999999999937e-47
2.297500000000000000e+02 1.950599999999999936e-47
2.300000000000000000e+02 1.947390000000000101e-47
2.302500000000000000e+02 1.943750000000000095e-47
2.305000000000000000e+02 1.940090000000000103e-47
2.307500000000000000e+02 1.936589999999999994e-47
2.310000000000000000e+02 1.931949999999999992e-47
2.312500000000000000e+02 1.927500000000000093e-47
2.315000000000000000e+02 1.922880000000000076e-47
2.317500000000000000e+02 1.917439999999999931e-47
2.320000000000000000e+02 1.911839999999999903e-47
2.322500000000000000e+02 1.906489999999999935e-47
2.325000000000000000e+02 1.900040000000000044e-47
2.327500000000000000e+02 1.893939999999999896e-47
2.330000000000000000e+02 1.887130000000000025e-47
2.332500000000000000e+02 1.879979999999999918e-47
2.335000000000000000e+02 1.873039999999999900e-47
2.337500000000000000e+02 1.864920000000000017e-47
2.340000000000000000e+02 1.856500000000000111e-47
2.342500000000000000e+02 1.847240000000000092e-47
2.345000000000000000e+02 1.837899999999999888e-47
2.347500000000000000e+02 1.828460000000000000e-47
2.350000000000000000e+02 1.818589999999999942e-47
2.352500000000000000e+02 1.807969999999999946e-47
2.355000000000000000e+02 1.796729999999999920e-47
2.357500000000000000e+02 1.784520000000000118e-47
2.360000000000000000e+02 1.772219999999999895e-47
2.362500000000000000e+02 1.759340000000000098e-47
2.365000000000000000e+02 1.746180000000000020e-47
2.367500000000000000e+02 1.732490000000000088e-47
2.370000000000000000e+02 1.718809999999999904e-47
2.372500000000000000e+02 1.704479999999999955e-47
2.375000000000000000e+02 1.689070000000000067e-47
2.377500000000000000e+02 1.674339999999999924e-47
2.380000000000000000e+02 1.658210000000000078e-47
2.382500000000000000e+02 1.641950000000000085e-47
2.385000000000000000e+02 1.625539999999999958e-47
2.387500000000000000e+02 1.608560000000000005e-47
2.390000000000000000e+02 1.590739999999999940e-47
2.392500000000000000e+02 1.573219999999999897e-47
2.395000000000000000e+02 1.554849999999999991e-47
2.397500000000000000e+02 1.536429999999999879e-47
2.400000000000000000e+02 1.516900000000000094e-47
2.402500000000000000e+02 1.496549999999999938e-47
2.405000000000000000e+02 1.476269999999999973e-47
2.407500000000000000e+02 1.455059999999999961e-47
2.410000000000000000e+02 1.433549999999999926e-47
2.412500000000000000e+02 1.412060000000000119e-47
2.415000000000000000e+02 1.390019999999999986e-47
2.417500000000000000e+02 1.367449999999999999e-47
2.420000000000000000e+02 1.344530000000000024e-47
2.422500000000000000e+02 1.321660000000000014e-47
2.425000000000000000e+02 1.298370000000000067e-47
2.427500000000000000e+02 1.275190000000000041e-47
2.430000000000000000e+02 1.252069999999999970e-47
2.432500000000000000e+02 1.228629999999999891e-47
2.435000000000000000e+02 1.204810000000000090e-47
2.437500000000000000e+02 1.181330000000000040e-47
2.440000000000000000e+02 1.157130000000000032e-47
2.442500000000000000e+02 1.132930000000000023e-47
2.445000000000000000e+02 1.109250000000000120e-47
2.447500000000000000e+02 1.084749999999999967e-47
2.450000000000000000e+02 1.060480000000000010e-47
2.452500000000000000e+02 1.036289999999999994e-47
2.455000000000000000e+02 1.011949999999999967e-47
2.457500000000000000e+02 9.882909999999999753e-48
2.460000000000000000e+02 9.645729999999999540e-48
2.462500000000000000e+02 9.409740000000000399e-48
2.465000000000000000e+02 9.174700000000000562e-48
2.467500000000000000e+02 8.942700000000000442e-48
2.470000000000000000e+02 8.705969999999999899e-48
2.472500000000000000e+02 8.476079999999999933e-48
2.475000000000000000e+02 8.247900000000000416e-48
2.477500000000000000e+02 8.025950000000000222e-48
2.480000000000000000e+02 7.804000000000000029e-48
2.482500000000000000e+02 7.586409999999999556e-48
2.485000000000000000e+02 7.367309999999999704e-48
2.487500000000000000e+02 7.148969999999999782e-48
2.490000000000000000e+02 6.932160000000000196e-48
2.492500000000000000e+02 6.725070000000000536e-48
2.495000000000000000e+02 6.517150000000000026e-48
2.497500000000000000e+02 6.313779999999999827e-48
2.500000000000000000e+02 6.110739999999999629e-48
2.502500000000000000e+02 5.910749999999999627e-48
2.505000000000000000e+02 5.712109999999999851e-48
2.507500000000000000e+02 5.518470000000000056e-48
2.510000000000000000e+02 5.328090000000000182e-48
2.512500000000000000e+02 5.142319999999999845e-48
2.515000000000000000e+02 4.963770000000000051e-48
2.517500000000000000e+02 4.785610000000000093e-48
2.520000000000000000e+02 4.617770000000000228e-48
2.522500000000000000e+02 4.452360000000000040e-48
2.525000000000000000e+02 4.292120000000000074e-48
2.527500000000000000e+02 4.136680000000000237e-48
2.530000000000000000e+02 3.988510000000000297e-48
2.532500000000000000e+02 3.843589999999999799e-48
2.535000000000000000e+02 3.702660000000000143e-48
2.537500000000000000e+02 3.571079999999999713e-48
2.540000000000000000e+02 3.439739999999999835e-48
2.542500000000000000e+02 3.314090000000000163e-48
2.545000000000000000e+02 3.192610000000000230e-48
2.547500000000000000e+02 3.076059999999999965e-48
2.550000000000000000e+02 2.962020000000000170e-48
2.552500000000000000e+02 2.854410000000000159e-48
