0.000000000000000000e+00 5.000000000000000000e-01
2.500000000000000000e-01 5.000000000000000000e-01
5.000000000000000000e-01 5.000000000000000000e-01
7.500000000000000000e-01 5.000000000000000000e-01
1.000000000000000000e+00 5.000000000000000000e-01
1.250000000000000000e+00 5.000000000000000000e-01
1.500000000000000000e+00 5.000000000000000000e-01
1.750000000000000000e+00 5.000000000000000000e-01
2.000000000000000000e+00 5.000000000000000000e-01
2.250000000000000000e+00 5.000000000000000000e-01
2.500000000000000000e+00 5.000000000000000000e-01
2.750000000000000000e+00 5.000000000000000000e-01
3.000000000000000000e+00 5.000000000000000000e-01
3.250000000000000000e+00 5.000000000000000000e-01
3.500000000000000000e+00 5.000000000000000000e-01
3.750000000000000000e+00 5.000000000000000000e-01
4.000000000000000000e+00 5.000000000000000000e-01
4.250000000000000000e+00 5.000000000000000000e-01
4.500000000000000000e+00 5.000000000000000000e-01
4.750000000000000000e+00 5.000000000000000000e-01
5.000000000000000000e+00 5.000000000000000000e-01
5.250000000000000000e+00 5.000000000000000000e-01
5.500000000000000000e+00 5.000000000000000000e-01
5.750000000000000000e+00 5.000000000000000000e-01
6.000000000000000000e+00 5.000000000000000000e-01
6.250000000000000000e+00 5.000000000000000000e-01
6.500000000000000000e+00 5.000000000000000000e-01
6.750000000000000000e+00 5.000000000000000000e-01
7.000000000000000000e+00 5.000000000000000000e-01
7.250000000000000000e+00 5.000000000000000000e-01
7.500000000000000000e+00 5.000000000000000000e-01
7.750000000000000000e+00 5.000000000000000000e-01
8.000000000000000000e+00 5.000000000000000000e-01
8.250000000000000000e+00 5.000000000000000000e-01
8.500000000000000000e+00 5.000000000000000000e-01
8.750000000000000000e+00 5.000000000000000000e-01
9.000000000000000000e+00 5.000000000000000000e-01
9.250000000000000000e+00 5.000000000000000000e-01
9.500000000000000000e+00 5.000000000000000000e-01
9.750000000000000000e+00 5.000000000000000000e-01
1.000000000000000000e+01 5.000000000000000000e-01
1.025000000000000000e+01 5.000000000000000000e-01
1.050000000000000000e+01 5.000000000000000000e-01
1.075000000000000000e+01 5.000000000000000000e-01
1.100000000000000000e+01 5.000000000000000000e-01
1.125000000000000000e+01 5.000000000000000000e-01
1.150000000000000000e+01 5.000000000000000000e-01
1.175000000000000000e+01 5.000000000000000000e-01
1.200000000000000000e+01 5.000000000000000000e-01
1.225000000000000000e+01 5.000000000000000000e-01
1.250000000000000000e+01 5.000000000000000000e-01
1.275000000000000000e+01 5.000000000000000000e-01
1.300000000000000000e+01 5.000000000000000000e-01
1.325000000000000000e+01 5.000000000000000000e-01
1.350000000000000000e+01 5.000000000000000000e-01
1.375000000000000000e+01 5.000000000000000000e-01
1.400000000000000000e+01 5.000000000000000000e-01
1.425000000000000000e+01 5.000000000000000000e-01
1.450000000000000000e+01 5.000000000000000000e-01
1.475000000000000000e+01 5.000000000000000000e-01
1.500000000000000000e+01 5.000000000000000000e-01
1.525000000000000000e+01 5.000000000000000000e-01
1.550000000000000000e+01 5.000000000000000000e-01
1.575000000000000000e+01 5.000000000000000000e-01
1.600000000000000000e+01 8.326109999999999550e-44
1.625000000000000000e+01 7.590019999999999645e-44
1.650000000000000000e+01 6.920430000000000453e-44
1.675000000000000000e+01 6.311740000000000447e-44
1.700000000000000000e+01 5.755840000000000381e-44
1.725000000000000000e+01 5.251420000000000303e-44
1.750000000000000000e+01 4.793920000000000335e-44
1.775000000000000000e+01 4.375259999999999880e-44
1.800000000000000000e+01 3.991760000000000111e-44
1.825000000000000000e+01 3.642039999999999911e-44
1.850000000000000000e+01 3.324829999999999852e-44
1.875000000000000000e+01 3.036160000000000053e-44
1.900000000000000000e+01 2.772610000000000107e-44
1.925000000000000000e+01 2.533229999999999791e-44
1.950000000000000000e+01 2.314869999999999988e-44
1.975000000000000000e+01 2.115429999999999876e-44
2.000000000000000000e+01 1.933620000000000015e-44
2.025000000000000000e+01 1.768540000000000086e-44
2.050000000000000000e+01 1.617379999999999943e-44
2.075000000000000000e+01 1.481079999999999927e-44
2.100000000000000000e+01 1.355910000000000059e-44
2.125000000000000000e+01 1.243180000000000043e-44
2.150000000000000000e+01 1.139380000000000037e-44
2.175000000000000000e+01 1.044880000000000025e-44
2.200000000000000000e+01 9.582259999999999902e-45
2.225000000000000000e+01 8.791769999999999418e-45
2.250000000000000000e+01 8.069479999999999472e-45
2.275000000000000000e+01 7.413599999999999809e-45
2.300000000000000000e+01 6.810789999999999764e-45
2.325000000000000000e+01 6.259209999999999675e-45
2.350000000000000000e+01 5.758270000000000041e-45
2.375000000000000000e+01 5.297229999999999964e-45
2.400000000000000000e+01 4.877240000000000167e-45
2.425000000000000000e+01 4.493720000000000136e-45
2.450000000000000000e+01 4.144360000000000038e-45
2.475000000000000000e+01 3.822819999999999872e-45
2.500000000000000000e+01 3.530390000000000200e-45
2.525000000000000000e+01 3.261239999999999722e-45
2.550000000000000000e+01 3.015209999999999957e-45
2.575000000000000000e+01 2.789689999999999949e-45
2.600000000000000000e+01 2.582610000000000077e-45
2.625000000000000000e+01 2.391809999999999981e-45
2.650000000000000000e+01 2.217670000000000022e-45
2.675000000000000000e+01 2.058619999999999962e-45
2.700000000000000000e+01 1.911509999999999999e-45
2.725000000000000000e+01 1.775860000000000018e-45
2.750000000000000000e+01 1.651459999999999950e-45
2.775000000000000000e+01 1.536750000000000121e-45
2.800000000000000000e+01 1.431499999999999951e-45
2.825000000000000000e+01 1.334790000000000075e-45
2.850000000000000000e+01 1.246150000000000011e-45
2.875000000000000000e+01 1.163590000000000003e-45
2.900000000000000000e+01 1.087980000000000006e-45
2.925000000000000000e+01 1.018060000000000069e-45
2.950000000000000000e+01 9.535780000000000442e-46
2.975000000000000000e+01 8.938559999999999927e-46
3.000000000000000000e+01 8.384580000000000196e-46
3.025000000000000000e+01 7.872890000000000342e-46
3.050000000000000000e+01 7.397660000000000310e-46
3.075000000000000000e+01 6.957060000000000226e-46
3.100000000000000000e+01 6.546989999999999693e-46
3.125000000000000000e+01 6.165019999999999858e-46
3.150000000000000000e+01 5.812679999999999941e-46
3.175000000000000000e+01 5.484319999999999659e-46
3.200000000000000000e+01 5.179129999999999654e-46
3.225000000000000000e+01 4.897370000000000028e-46
3.250000000000000000e+01 4.633890000000000032e-46
3.275000000000000000e+01 4.387999999999999640e-46
3.300000000000000000e+01 4.158309999999999625e-46
3.325000000000000000e+01 3.944859999999999765e-46
3.350000000000000000e+01 3.746739999999999704e-46
3.375000000000000000e+01 3.561109999999999776e-46
3.400000000000000000e+01 3.388310000000000021e-46
3.425000000000000000e+01 3.227939999999999956e-46
3.450000000000000000e+01 3.076799999999999981e-46
3.475000000000000000e+01 2.935510000000000128e-46
3.500000000000000000e+01 2.803230000000000040e-46
3.525000000000000000e+01 2.679149999999999971e-46
3.550000000000000000e+01 2.562480000000000061e-46
3.575000000000000000e+01 2.453499999999999912e-46
3.600000000000000000e+01 2.350319999999999985e-46
3.625000000000000000e+01 2.253310000000000154e-46
3.650000000000000000e+01 2.162979999999999900e-46
3.675000000000000000e+01 2.078369999999999926e-46
3.700000000000000000e+01 1.998289999999999889e-46
3.725000000000000000e+01 1.922820000000000120e-46
3.750000000000000000e+01 1.852130000000000057e-46
3.775000000000000000e+01 1.784760000000000088e-46
3.800000000000000000e+01 1.721500000000000072e-46
3.825000000000000000e+01 1.661640000000000092e-46
3.850000000000000000e+01 1.605650000000000048e-46
3.875000000000000000e+01 1.553620000000000017e-46
3.900000000000000000e+01 1.504190000000000026e-46
3.925000000000000000e+01 1.457179999999999915e-46
3.950000000000000000e+01 1.412959999999999946e-46
3.975000000000000000e+01 1.370759999999999955e-46
4.000000000000000000e+01 1.331269999999999971e-46
4.025000000000000000e+01 1.293899999999999989e-46
4.050000000000000000e+01 1.258610000000000038e-46
4.075000000000000000e+01 1.225440000000000090e-46
4.100000000000000000e+01 1.193489999999999928e-46
4.125000000000000000e+01 1.163020000000000042e-46
4.150000000000000000e+01 1.134130000000000068e-46
4.175000000000000000e+01 1.107169999999999992e-46
4.200000000000000000e+01 1.081750000000000051e-46
4.225000000000000000e+01 1.057819999999999942e-46
4.250000000000000000e+01 1.035070000000000038e-46
4.275000000000000000e+01 1.013149999999999963e-46
4.300000000000000000e+01 9.919620000000000316e-47
4.325000000000000000e+01 9.719150000000000180e-47
4.350000000000000000e+01 9.525889999999999377e-47
4.375000000000000000e+01 9.345709999999999684e-47
4.400000000000000000e+01 9.172149999999999514e-47
4.425000000000000000e+01 9.007259999999999067e-47
4.450000000000000000e+01 8.849400000000000517e-47
4.475000000000000000e+01 8.697329999999999911e-47
4.500000000000000000e+01 8.554709999999999914e-47
4.525000000000000000e+01 8.415640000000000476e-47
4.550000000000000000e+01 8.280069999999999931e-47
4.575000000000000000e+01 8.149940000000000261e-47
4.600000000000000000e+01 8.027090000000000116e-47
4.625000000000000000e+01 7.908150000000000266e-47
4.650000000000000000e+01 7.795529999999999673e-47
4.675000000000000000e+01 7.681350000000000224e-47
4.700000000000000000e+01 7.571869999999999760e-47
4.725000000000000000e+01 7.464960000000000087e-47
4.750000000000000000e+01 7.363180000000000301e-47
4.775000000000000000e+01 7.266270000000000105e-47
4.800000000000000000e+01 7.171809999999999815e-47
4.825000000000000000e+01 7.080280000000000051e-47
4.850000000000000000e+01 6.991850000000000446e-47
4.875000000000000000e+01 6.905260000000000465e-47
4.900000000000000000e+01 6.821229999999999580e-47
4.925000000000000000e+01 6.741629999999999581e-47
4.950000000000000000e+01 6.663520000000000191e-47
4.975000000000000000e+01 6.589689999999999609e-47
5.000000000000000000e+01 6.516430000000000310e-47
5.025000000000000000e+01 6.446770000000000318e-47
5.050000000000000000e+01 6.377219999999999516e-47
5.075000000000000000e+01 6.311370000000000378e-47
5.100000000000000000e+01 6.246490000000000285e-47
5.125000000000000000e+01 6.182930000000000198e-47
5.150000000000000000e+01 6.123870000000000216e-47
5.175000000000000000e+01 6.065430000000000265e-47
5.200000000000000000e+01 6.007989999999999581e-47
5.225000000000000000e+01 5.952250000000000082e-47
5.250000000000000000e+01 5.899250000000000034e-47
5.275000000000000000e+01 5.846299999999999706e-47
5.300000000000000000e+01 5.794760000000000046e-47
5.325000000000000000e+01 5.744479999999999948e-47
5.350000000000000000e+01 5.697010000000000465e-47
5.375000000000000000e+01 5.649850000000000026e-47
5.400000000000000000e+01 5.603250000000000148e-47
5.425000000000000000e+01 5.558109999999999687e-47
5.450000000000000000e+01 5.514849999999999792e-47
5.475000000000000000e+01 5.472769999999999519e-47
5.500000000000000000e+01 5.430990000000000484e-47
5.525000000000000000e+01 5.391109999999999571e-47
5.550000000000000000e+01 5.351990000000000045e-47
5.575000000000000000e+01 5.313399999999999888e-47
5.600000000000000000e+01 5.275939999999999632e-47
5.625000000000000000e+01 5.239009999999999716e-47
5.650000000000000000e+01 5.202610000000000142e-47
5.675000000000000000e+01 5.166819999999999877e-47
5.700000000000000000e+01 5.132959999999999899e-47
5.725000000000000000e+01 5.099980000000000249e-47
5.750000000000000000e+01 5.067179999999999980e-47
5.775000000000000000e+01 5.034210000000000079e-47
5.800000000000000000e+01 5.002210000000000197e-47
5.825000000000000000e+01 4.972169999999999850e-47
5.850000000000000000e+01 4.940599999999999896e-47
5.875000000000000000e+01 4.909710000000000415e-47
5.900000000000000000e+01 4.880200000000000409e-47
5.925000000000000000e+01 4.850190000000000283e-47
5.950000000000000000e+01 4.821629999999999824e-47
5.975000000000000000e+01 4.792389999999999864e-47
6.000000000000000000e+01 4.763990000000000260e-47
6.025000000000000000e+01 4.736249999999999686e-47
6.050000000000000000e+01 4.708390000000000172e-47
6.075000000000000000e+01 4.680230000000000392e-47
6.100000000000000000e+01 4.651829999999999816e-47
6.125000000000000000e+01 4.623470000000000182e-47
6.150000000000000000e+01 4.596579999999999715e-47
6.175000000000000000e+01 4.570719999999999708e-47
6.200000000000000000e+01 4.544399999999999552e-47
6.225000000000000000e+01 4.518179999999999808e-47
6.250000000000000000e+01 4.492779999999999950e-47
6.275000000000000000e+01 4.467049999999999605e-47
6.300000000000000000e+01 4.442290000000000250e-47
6.325000000000000000e+01 4.417430000000000482e-47
6.350000000000000000e+01 4.392660000000000405e-47
6.375000000000000000e+01 4.368799999999999905e-47
6.400000000000000000e+01 4.344870000000000185e-47
6.425000000000000000e+01 4.320720000000000139e-47
6.450000000000000000e+01 4.297569999999999848e-47
6.475000000000000000e+01 4.274079999999999805e-47
6.500000000000000000e+01 4.251120000000000103e-47
6.525000000000000000e+01 4.228270000000000078e-47
6.550000000000000000e+01 4.205340000000000111e-47
6.575000000000000000e+01 4.183369999999999927e-47
6.600000000000000000e+01 4.160800000000000182e-47
6.625000000000000000e+01 4.138670000000000115e-47
6.650000000000000000e+01 4.116940000000000241e-47
6.675000000000000000e+01 4.094890000000000115e-47
6.700000000000000000e+01 4.074129999999999774e-47
6.725000000000000000e+01 4.053420000000000124e-47
6.750000000000000000e+01 4.032590000000000077e-47
6.775000000000000000e+01 4.012010000000000089e-47
6.800000000000000000e+01 3.991999999999999927e-47
6.825000000000000000e+01 3.972010000000000236e-47
6.850000000000000000e+01 3.951679999999999822e-47
6.875000000000000000e+01 3.931690000000000131e-47
6.900000000000000000e+01 3.911759999999999910e-47
6.925000000000000000e+01 3.892559999999999884e-47
6.950000000000000000e+01 3.873600000000000167e-47
6.975000000000000000e+01 3.854449999999999861e-47
7.000000000000000000e+01 3.835459999999999923e-47
7.025000000000000000e+01 3.816390000000000044e-47
7.050000000000000000e+01 3.798370000000000125e-47
7.075000000000000000e+01 3.779870000000000071e-47
7.100000000000000000e+01 3.761709999999999769e-47
7.125000000000000000e+01 3.743660000000000114e-47
7.150000000000000000e+01 3.726260000000000227e-47
7.175000000000000000e+01 3.708210000000000087e-47
7.200000000000000000e+01 3.691229999999999891e-47
7.225000000000000000e+01 3.673940000000000166e-47
7.250000000000000000e+01 3.657110000000000104e-47
7.275000000000000000e+01 3.640249999999999821e-47
7.300000000000000000e+01 3.623910000000000129e-47
7.325000000000000000e+01 3.607439999999999803e-47
7.350000000000000000e+01 3.591439999999999861e-47
7.375000000000000000e+01 3.575849999999999863e-47
7.400000000000000000e+01 3.559760000000000231e-47
7.425000000000000000e+01 3.543869999999999966e-47
7.450000000000000000e+01 3.528229999999999760e-47
7.475000000000000000e+01 3.513130000000000132e-47
7.500000000000000000e+01 3.497950000000000076e-47
7.525000000000000000e+01 3.482940000000000138e-47
7.550000000000000000e+01 3.468260000000000202e-47
7.575000000000000000e+01 3.453929999999999766e-47
7.600000000000000000e+01 3.439109999999999932e-47
7.625000000000000000e+01 3.424729999999999776e-47
7.650000000000000000e+01 3.410490000000000003e-47
7.675000000000000000e+01 3.396330000000000172e-47
7.700000000000000000e+01 3.382479999999999870e-47
7.725000000000000000e+01 3.368630000000000055e-47
7.750000000000000000e+01 3.355139999999999976e-47
7.775000000000000000e+01 3.341439999999999807e-47
7.800000000000000000e+01 3.328219999999999773e-47
7.825000000000000000e+01 3.314850000000000092e-47
7.850000000000000000e+01 3.301729999999999984e-47
7.875000000000000000e+01 3.288640000000000098e-47
7.900000000000000000e+01 3.276020000000000110e-47
7.925000000000000000e+01 3.262900000000000003e-47
7.950000000000000000e+01 3.249859999999999837e-47
7.975000000000000000e+01 3.236889999999999863e-47
8.000000000000000000e+01 3.224619999999999862e-47
8.025000000000000000e+01 3.212489999999999758e-47
8.050000000000000000e+01 3.200409999999999861e-47
8.075000000000000000e+01 3.188509999999999831e-47
8.100000000000000000e+01 3.176210000000000095e-47
8.125000000000000000e+01 3.164139999999999948e-47
8.150000000000000000e+01 3.152410000000000037e-47
8.175000000000000000e+01 3.140660000000000141e-47
8.200000000000000000e+01 3.129119999999999848e-47
8.225000000000000000e+01 3.117839999999999850e-47
8.250000000000000000e+01 3.106900000000000090e-47
8.275000000000000000e+01 3.095660000000000063e-47
8.300000000000000000e+01 3.084479999999999992e-47
8.325000000000000000e+01 3.073809999999999791e-47
8.350000000000000000e+01 3.063229999999999766e-47
8.375000000000000000e+01 3.052560000000000051e-47
8.400000000000000000e+01 3.042199999999999865e-47
8.425000000000000000e+01 3.031880000000000137e-47
8.450000000000000000e+01 3.021789999999999996e-47
8.475000000000000000e+01 3.011209999999999972e-47
8.500000000000000000e+01 3.000999999999999919e-47
8.525000000000000000e+01 2.990990000000000207e-47
8.550000000000000000e+01 2.981019999999999978e-47
8.575000000000000000e+01 2.971540000000000120e-47
8.600000000000000000e+01 2.962089999999999997e-47
8.625000000000000000e+01 2.952630000000000124e-47
8.650000000000000000e+01 2.942960000000000162e-47
8.675000000000000000e+01 2.933450000000000082e-47
8.700000000000000000e+01 2.924250000000000019e-47
8.725000000000000000e+01 2.915209999999999838e-47
8.750000000000000000e+01 2.906150000000000158e-47
8.775000000000000000e+01 2.897289999999999846e-47
8.800000000000000000e+01 2.888279999999999886e-47
8.825000000000000000e+01 2.879389999999999839e-47
8.850000000000000000e+01 2.870680000000000145e-47
8.875000000000000000e+01 2.861710000000000156e-47
8.900000000000000000e+01 2.853039999999999947e-47
8.925000000000000000e+01 2.844599999999999813e-47
8.950000000000000000e+01 2.836180000000000150e-47
8.975000000000000000e+01 2.827770000000000237e-47
9.000000000000000000e+01 2.819609999999999898e-47
9.025000000000000000e+01 2.811419999999999823e-47
9.050000000000000000e+01 2.802920000000000219e-47
9.075000000000000000e+01 2.795080000000000131e-47
9.100000000000000000e+01 2.787120000000000131e-47
9.125000000000000000e+01 2.779490000000000132e-47
9.150000000000000000e+01 2.771710000000000001e-47
9.175000000000000000e+01 2.764009999999999810e-47
9.200000000000000000e+01 2.756399999999999797e-47
9.225000000000000000e+01 2.748890000000000196e-47
9.250000000000000000e+01 2.741500000000000022e-47
9.275000000000000000e+01 2.733890000000000008e-47
9.300000000000000000e+01 2.726410000000000143e-47
9.325000000000000000e+01 2.719079999999999924e-47
9.350000000000000000e+01 2.711739999999999956e-47
9.375000000000000000e+01 2.704720000000000239e-47
9.400000000000000000e+01 2.697740000000000007e-47
9.425000000000000000e+01 2.691080000000000027e-47
9.450000000000000000e+01 2.684240000000000178e-47
9.475000000000000000e+01 2.677520000000000242e-47
9.500000000000000000e+01 2.670960000000000188e-47
9.525000000000000000e+01 2.664389999999999899e-47
9.550000000000000000e+01 2.657700000000000183e-47
9.575000000000000000e+01 2.651350000000000219e-47
9.600000000000000000e+01 2.644859999999999871e-47
9.625000000000000000e+01 2.638569999999999862e-47
9.650000000000000000e+01 2.632410000000000002e-47
9.675000000000000000e+01 2.626310000000000097e-47
9.700000000000000000e+01 2.620170000000000222e-47
9.725000000000000000e+01 2.614120000000000037e-47
9.750000000000000000e+01 2.608089999999999838e-47
9.775000000000000000e+01 2.602109999999999845e-47
9.800000000000000000e+01 2.596220000000000030e-47
9.825000000000000000e+01 2.590350000000000200e-47
9.850000000000000000e+01 2.584689999999999973e-47
9.875000000000000000e+01 2.579210000000000100e-47
9.900000000000000000e+01 2.573359999999999769e-47
9.925000000000000000e+01 2.567819999999999940e-47
9.950000000000000000e+01 2.562249999999999890e-47
9.975000000000000000e+01 2.556630000000000119e-47
1.000000000000000000e+02 2.551259999999999923e-47
1.002500000000000000e+02 2.545990000000000139e-47
1.005000000000000000e+02 2.540730000000000105e-47
1.007500000000000000e+02 2.535589999999999983e-47
1.010000000000000000e+02 2.530480000000000082e-47
1.012500000000000000e+02 2.525499999999999842e-47
1.015000000000000000e+02 2.520580000000000045e-47
1.017500000000000000e+02 2.515630000000000027e-47
1.020000000000000000e+02 2.510710000000000230e-47
1.022500000000000000e+02 2.505869999999999888e-47
1.025000000000000000e+02 2.501100000000000224e-47
1.027500000000000000e+02 2.496390000000000029e-47
1.030000000000000000e+02 2.491710000000000056e-47
1.032500000000000000e+02 2.486890000000000186e-47
1.035000000000000000e+02 2.482459999999999786e-47
1.037500000000000000e+02 2.477929999999999946e-47
1.040000000000000000e+02 2.473650000000000166e-47
1.042500000000000000e+02 2.469249999999999988e-47
1.045000000000000000e+02 2.464990000000000193e-47
1.047500000000000000e+02 2.460459999999999867e-47
1.050000000000000000e+02 2.456100000000000146e-47
1.052500000000000000e+02 2.451910000000000057e-47
1.055000000000000000e+02 2.447830000000000130e-47
1.057500000000000000e+02 2.443629999999999805e-47
1.060000000000000000e+02 2.439440000000000202e-47
1.062500000000000000e+02 2.435330000000000054e-47
1.065000000000000000e+02 2.431410000000000010e-47
1.067500000000000000e+02 2.427399999999999789e-47
1.070000000000000000e+02 2.423649999999999864e-47
1.072500000000000000e+02 2.419769999999999791e-47
1.075000000000000000e+02 2.416019999999999865e-47
1.077500000000000000e+02 2.412269999999999940e-47
1.080000000000000000e+02 2.408520000000000014e-47
1.082500000000000000e+02 2.404949999999999957e-47
1.085000000000000000e+02 2.401160000000000061e-47
1.087500000000000000e+02 2.397860000000000048e-47
1.090000000000000000e+02 2.394369999999999932e-47
1.092500000000000000e+02 2.390630000000000243e-47
1.095000000000000000e+02 2.386699999999999963e-47
1.097500000000000000e+02 2.383399999999999951e-47
1.100000000000000000e+02 2.379920000000000071e-47
1.102500000000000000e+02 2.376810000000000162e-47
1.105000000000000000e+02 2.373490000000000165e-47
1.107500000000000000e+02 2.370210000000000138e-47
1.110000000000000000e+02 2.366790000000000214e-47
1.112500000000000000e+02 2.363820000000000203e-47
1.115000000000000000e+02 2.360729999999999793e-47
1.117500000000000000e+02 2.357579999999999914e-47
1.120000000000000000e+02 2.354529999999999962e-47
1.122500000000000000e+02 2.351469999999999774e-47
1.125000000000000000e+02 2.348640000000000147e-47
1.127500000000000000e+02 2.345559999999999973e-47
1.130000000000000000e+02 2.342700000000000125e-47
1.132500000000000000e+02 2.339980000000000173e-47
1.135000000000000000e+02 2.337110000000000089e-47
1.137500000000000000e+02 2.334189999999999799e-47
1.140000000000000000e+02 2.331690000000000172e-47
1.142500000000000000e+02 2.328920000000000015e-47
1.145000000000000000e+02 2.326089999999999901e-47
1.147500000000000000e+02 2.323580000000000039e-47
1.150000000000000000e+02 2.320929999999999794e-47
1.152500000000000000e+02 2.318430000000000168e-47
1.155000000000000000e+02 2.315879999999999849e-47
1.157500000000000000e+02 2.313420000000000193e-47
1.160000000000000000e+02 2.311119999999999934e-47
1.162500000000000000e+02 2.308650000000000043e-47
1.165000000000000000e+02 2.306189999999999901e-47
1.167500000000000000e+02 2.303970000000000070e-47
1.170000000000000000e+02 2.301839999999999929e-47
1.172500000000000000e+02 2.299600000000000113e-47
1.175000000000000000e+02 2.297299999999999854e-47
1.177500000000000000e+02 2.295020000000000066e-47
1.180000000000000000e+02 2.292920000000000147e-47
1.182500000000000000e+02 2.290849999999999963e-47
1.185000000000000000e+02 2.288750000000000043e-47
1.187500000000000000e+02 2.286530000000000212e-47
1.190000000000000000e+02 2.284489999999999762e-47
1.192500000000000000e+02 2.282539999999999976e-47
1.195000000000000000e+02 2.280679999999999881e-47
1.197500000000000000e+02 2.278579999999999961e-47
1.200000000000000000e+02 2.276830000000000029e-47
1.202500000000000000e+02 2.275169999999999787e-47
1.205000000000000000e+02 2.273399999999999869e-47
1.207500000000000000e+02 2.271600000000000216e-47
1.210000000000000000e+02 2.270010000000000165e-47
1.212500000000000000e+02 2.268260000000000233e-47
1.215000000000000000e+02 2.266569999999999770e-47
1.217500000000000000e+02 2.265060000000000147e-47
1.220000000000000000e+02 2.263249999999999772e-47
1.222500000000000000e+02 2.261539999999999810e-47
1.225000000000000000e+02 2.259959999999999996e-47
1.227500000000000000e+02 2.258639999999999991e-47
1.230000000000000000e+02 2.257129999999999882e-47
1.232500000000000000e+02 2.255729999999999936e-47
1.235000000000000000e+02 2.254199999999999842e-47
1.237500000000000000e+02 2.252779999999999910e-47
1.240000000000000000e+02 2.251120000000000155e-47
1.242500000000000000e+02 2.249650000000000017e-47
1.245000000000000000e+02 2.248259999999999820e-47
1.247500000000000000e+02 2.246680000000000006e-47
1.250000000000000000e+02 2.245320000000000030e-47
1.252500000000000000e+02 2.243949999999999819e-47
1.255000000000000000e+02 2.242919999999999844e-47
1.257500000000000000e+02 2.241749999999999973e-47
1.260000000000000000e+02 2.240700000000000013e-47
1.262500000000000000e+02 2.239760000000000216e-47
1.265000000000000000e+02 2.238500000000000167e-47
1.267500000000000000e+02 2.237389999999999765e-47
1.270000000000000000e+02 2.236159999999999937e-47
1.272500000000000000e+02 2.235100000000000228e-47
1.275000000000000000e+02 2.233889999999999899e-47
1.277500000000000000e+02 2.232660000000000072e-47
1.280000000000000000e+02 2.231690000000000053e-47
1.282500000000000000e+02 2.230600000000000123e-47
1.285000000000000000e+02 2.229539999999999928e-47
1.287500000000000000e+02 2.228379999999999805e-47
1.290000000000000000e+02 2.227260000000000140e-47
1.292500000000000000e+02 2.226259999999999901e-47
1.295000000000000000e+02 2.225220000000000177e-47
1.297500000000000000e+02 2.224199999999999952e-47
1.300000000000000000e+02 2.223349999999999846e-47
1.302500000000000000e+02 2.222330000000000107e-47
1.305000000000000000e+02 2.221650000000000119e-47
1.307500000000000000e+02 2.220939999999999911e-47
1.310000000000000000e+02 2.220259999999999923e-47
1.312500000000000000e+02 2.219599999999999920e-47
1.315000000000000000e+02 2.218959999999999903e-47
1.317500000000000000e+02 2.218399999999999827e-47
1.320000000000000000e+02 2.217630000000000149e-47
1.322500000000000000e+02 2.216720000000000086e-47
1.325000000000000000e+02 2.216120000000000040e-47
1.327500000000000000e+02 2.215309999999999904e-47
1.330000000000000000e+02 2.214800000000000035e-47
1.332500000000000000e+02 2.214080000000000077e-47
1.335000000000000000e+02 2.213340000000000133e-47
1.337500000000000000e+02 2.212809999999999792e-47
1.340000000000000000e+02 2.212319999999999908e-47
1.342500000000000000e+02 2.211699999999999876e-47
1.345000000000000000e+02 2.211329999999999904e-47
1.347500000000000000e+02 2.211019999999999889e-47
1.350000000000000000e+02 2.210350000000000137e-47
1.352500000000000000e+02 2.209839999999999781e-47
1.355000000000000000e+02 2.209249999999999970e-47
1.357500000000000000e+02 2.208930000000000205e-47
1.360000000000000000e+02 2.208760000000000086e-47
1.362500000000000000e+02 2.208359999999999893e-47
1.365000000000000000e+02 2.208020000000000143e-47
1.367500000000000000e+02 2.207679999999999906e-47
1.370000000000000000e+02 2.207429999999999846e-47
1.372500000000000000e+02 2.207190000000000022e-47
1.375000000000000000e+02 2.207030000000000139e-47
1.377500000000000000e+02 2.206649999999999931e-47
1.380000000000000000e+02 2.206450000000000078e-47
1.382500000000000000e+02 2.206209999999999768e-47
1.385000000000000000e+02 2.206020000000000150e-47
1.387500000000000000e+02 2.205699999999999898e-47
1.390000000000000000e+02 2.205500000000000045e-47
1.392500000000000000e+02 2.205730000000000119e-47
1.395000000000000000e+02 2.205739999999999869e-47
1.397500000000000000e+02 2.205739999999999869e-47
1.400000000000000000e+02 2.205489999999999809e-47
1.402500000000000000e+02 2.205269999999999970e-47
1.405000000000000000e+02 2.205269999999999970e-47
1.407500000000000000e+02 2.205389999999999883e-47
1.410000000000000000e+02 2.205360000000000148e-47
1.412500000000000000e+02 2.205400000000000118e-47
1.415000000000000000e+02 2.205249999999999985e-47
1.417500000000000000e+02 2.205449999999999839e-47
1.420000000000000000e+02 2.205480000000000060e-47
1.422500000000000000e+02 2.205630000000000193e-47
1.425000000000000000e+02 2.205879999999999766e-47
1.427500000000000000e+02 2.206100000000000091e-47
1.430000000000000000e+02 2.206040000000000135e-47
1.432500000000000000e+02 2.206089999999999856e-47
1.435000000000000000e+02 2.206230000000000239e-47
1.437500000000000000e+02 2.206560000000000240e-47
1.440000000000000000e+02 2.206609999999999961e-47
1.442500000000000000e+02 2.206589999999999975e-47
1.445000000000000000e+02 2.206840000000000035e-47
1.447500000000000000e+02 2.207070000000000110e-47
1.450000000000000000e+02 2.207220000000000243e-47
1.452500000000000000e+02 2.207380000000000126e-47
1.455000000000000000e+02 2.207570000000000229e-47
1.457500000000000000e+02 2.207739999999999862e-47
1.460000000000000000e+02 2.208060000000000113e-47
1.462500000000000000e+02 2.208250000000000217e-47
1.465000000000000000e+02 2.208680000000000145e-47
1.467500000000000000e+02 2.209059999999999867e-47
1.470000000000000000e+02 2.209289999999999941e-47
1.472500000000000000e+02 2.209650000000000163e-47
1.475000000000000000e+02 2.209929999999999958e-47
1.477500000000000000e+02 2.210390000000000107e-47
1.480000000000000000e+02 2.210809999999999799e-47
1.482500000000000000e+02 2.211190000000000007e-47
1.485000000000000000e+02 2.211610000000000185e-47
1.487500000000000000e+02 2.212009999999999892e-47
1.490000000000000000e+02 2.212350000000000129e-47
1.492500000000000000e+02 2.212829999999999777e-47
1.495000000000000000e+02 2.213320000000000148e-47
1.497500000000000000e+02 2.213770000000000061e-47
1.500000000000000000e+02 2.214069999999999841e-47
1.502500000000000000e+02 2.214470000000000034e-47
1.505000000000000000e+02 2.214939999999999933e-47
1.507500000000000000e+02 2.215249999999999948e-47
1.510000000000000000e+02 2.215759999999999818e-47
1.512500000000000000e+02 2.216270000000000173e-47
1.515000000000000000e+02 2.216580000000000189e-47
1.517500000000000000e+02 2.217039999999999852e-47
1.520000000000000000e+02 2.217269999999999926e-47
1.522500000000000000e+02 2.217699999999999854e-47
1.525000000000000000e+02 2.218120000000000033e-47
1.527500000000000000e+02 2.218820000000000006e-47
1.530000000000000000e+02 2.219329999999999875e-47
1.532500000000000000e+02 2.219889999999999951e-47
1.535000000000000000e+02 2.220549999999999953e-47
1.537500000000000000e+02 2.221189999999999970e-47
1.540000000000000000e+02 2.221670000000000105e-47
1.542500000000000000e+02 2.222129999999999768e-47
1.545000000000000000e+02 2.222560000000000182e-47
1.547500000000000000e+02 2.222979999999999874e-47
1.550000000000000000e+02 2.223659999999999862e-47
1.552500000000000000e+02 2.224219999999999937e-47
1.555000000000000000e+02 2.225090000000000029e-47
1.557500000000000000e+02 2.225550000000000178e-47
1.560000000000000000e+02 2.226089999999999782e-47
1.562500000000000000e+02 2.226919999999999903e-47
1.565000000000000000e+02 2.227690000000000068e-47
1.567500000000000000e+02 2.228219999999999923e-47
1.570000000000000000e+02 2.228930000000000132e-47
1.572500000000000000e+02 2.229630000000000105e-47
1.575000000000000000e+02 2.230020000000000062e-47
1.577500000000000000e+02 2.230669999999999829e-47
1.580000000000000000e+02 2.231109999999999992e-47
1.582500000000000000e+02 2.231769999999999995e-47
1.585000000000000000e+02 2.232580000000000130e-47
1.587500000000000000e+02 2.233200000000000162e-47
1.590000000000000000e+02 2.233960000000000091e-47
1.592500000000000000e+02 2.234509999999999931e-47
1.595000000000000000e+02 2.235089999999999992e-47
1.597500000000000000e+02 2.235840000000000172e-47
1.600000000000000000e+02 2.236359999999999791e-47
1.602500000000000000e+02 2.236979999999999822e-47
1.605000000000000000e+02 2.237670000000000046e-47
1.607500000000000000e+02 2.238219999999999886e-47
1.610000000000000000e+02 2.238810000000000183e-47
1.612500000000000000e+02 2.239550000000000127e-47
1.615000000000000000e+02 2.240170000000000158e-47
1.617500000000000000e+02 2.240660000000000042e-47
1.620000000000000000e+02 2.241410000000000222e-47
1.622500000000000000e+02 2.242009999999999782e-47
1.625000000000000000e+02 2.242790000000000183e-47
1.627500000000000000e+02 2.243729999999999980e-47
1.630000000000000000e+02 2.244259999999999835e-47
1.632500000000000000e+02 2.244790000000000175e-47
1.635000000000000000e+02 2.245309999999999794e-47
1.637500000000000000e+02 2.245889999999999855e-47
1.640000000000000000e+02 2.246770000000000183e-47
1.642500000000000000e+02 2.247439999999999935e-47
1.645000000000000000e+02 2.247909999999999833e-47
1.647500000000000000e+02 2.248460000000000159e-47
1.650000000000000000e+02 2.249229999999999838e-47
1.652500000000000000e+02 2.249969999999999782e-47
1.655000000000000000e+02 2.250730000000000197e-47
1.657500000000000000e+02 2.251519999999999861e-47
1.660000000000000000e+02 2.252389999999999953e-47
1.662500000000000000e+02 2.252939999999999793e-47
1.665000000000000000e+02 2.253550000000000075e-47
1.667500000000000000e+02 2.254179999999999857e-47
1.670000000000000000e+02 2.254620000000000020e-47
1.672500000000000000e+02 2.255080000000000169e-47
1.675000000000000000e+02 2.255729999999999936e-47
1.677500000000000000e+02 2.256540000000000071e-47
1.680000000000000000e+02 2.257169999999999853e-47
1.682500000000000000e+02 2.257909999999999797e-47
1.685000000000000000e+02 2.258360000000000196e-47
1.687500000000000000e+02 2.259020000000000199e-47
1.690000000000000000e+02 2.259760000000000142e-47
1.692500000000000000e+02 2.260509999999999836e-47
1.695000000000000000e+02 2.261189999999999823e-47
1.697500000000000000e+02 2.261900000000000032e-47
1.700000000000000000e+02 2.262480000000000093e-47
1.702500000000000000e+02 2.262859999999999815e-47
1.705000000000000000e+02 2.263649999999999965e-47
1.707500000000000000e+02 2.264070000000000144e-47
1.710000000000000000e+02 2.264460000000000101e-47
1.712500000000000000e+02 2.265089999999999882e-47
1.715000000000000000e+02 2.265539999999999795e-47
1.717500000000000000e+02 2.266119999999999856e-47
1.720000000000000000e+02 2.266739999999999888e-47
1.722500000000000000e+02 2.267519999999999803e-47
1.725000000000000000e+02 2.267919999999999996e-47
1.727500000000000000e+02 2.268449999999999850e-47
1.730000000000000000e+02 2.269189999999999794e-47
1.732500000000000000e+02 2.269800000000000076e-47
1.735000000000000000e+02 2.270429999999999858e-47
1.737500000000000000e+02 2.271120000000000081e-47
1.740000000000000000e+02 2.271410000000000112e-47
1.742500000000000000e+02 2.271700000000000142e-47
1.745000000000000000e+02 2.272130000000000070e-47
1.747500000000000000e+02 2.272699999999999895e-47
1.750000000000000000e+02 2.273140000000000059e-47
1.752500000000000000e+02 2.273499999999999795e-47
1.755000000000000000e+02 2.273809999999999811e-47
1.757500000000000000e+02 2.274329999999999916e-47
1.760000000000000000e+02 2.274850000000000021e-47
1.762500000000000000e+02 2.275510000000000024e-47
1.765000000000000000e+02 2.275930000000000202e-47
1.767500000000000000e+02 2.276249999999999968e-47
1.770000000000000000e+02 2.276670000000000146e-47
1.772500000000000000e+02 2.277080000000000088e-47
1.775000000000000000e+02 2.277200000000000000e-47
1.777500000000000000e+02 2.277490000000000031e-47
1.780000000000000000e+02 2.277959999999999930e-47
1.782500000000000000e+02 2.278220000000000225e-47
1.785000000000000000e+02 2.278429999999999828e-47
1.787500000000000000e+02 2.279029999999999875e-47
1.790000000000000000e+02 2.278989999999999904e-47
1.792500000000000000e+02 2.279379999999999861e-47
1.795000000000000000e+02 2.279859999999999996e-47
1.797500000000000000e+02 2.280130000000000041e-47
1.800000000000000000e+02 2.280369999999999865e-47
1.802500000000000000e+02 2.280590000000000190e-47
1.805000000000000000e+02 2.280940000000000176e-47
1.807500000000000000e+02 2.281049999999999853e-47
1.810000000000000000e+02 2.281239999999999956e-47
1.812500000000000000e+02 2.281540000000000223e-47
1.815000000000000000e+02 2.281580000000000193e-47
1.817500000000000000e+02 2.281870000000000224e-47
1.820000000000000000e+02 2.281930000000000180e-47
1.822500000000000000e+02 2.282010000000000121e-47
1.825000000000000000e+02 2.282139999999999783e-47
1.827500000000000000e+02 2.281840000000000003e-47
1.830000000000000000e+02 2.281939999999999930e-47
1.832500000000000000e+02 2.281930000000000180e-47
1.835000000000000000e+02 2.281939999999999930e-47
1.837500000000000000e+02 2.281910000000000195e-47
1.840000000000000000e+02 2.282130000000000033e-47
1.842500000000000000e+02 2.282099999999999812e-47
1.845000000000000000e+02 2.282079999999999827e-47
1.847500000000000000e+02 2.281850000000000239e-47
1.850000000000000000e+02 2.281809999999999782e-47
1.852500000000000000e+02 2.282010000000000121e-47
1.855000000000000000e+02 2.282110000000000048e-47
1.857500000000000000e+02 2.282059999999999842e-47
1.860000000000000000e+02 2.282039999999999856e-47
1.862500000000000000e+02 2.281820000000000018e-47
1.865000000000000000e+02 2.281859999999999988e-47
1.867500000000000000e+02 2.281720000000000091e-47
1.870000000000000000e+02 2.281520000000000237e-47
1.872500000000000000e+02 2.281760000000000062e-47
1.875000000000000000e+02 2.281479999999999781e-47
1.877500000000000000e+02 2.281210000000000222e-47
1.880000000000000000e+02 2.280799999999999793e-47
1.882500000000000000e+02 2.280570000000000204e-47
1.885000000000000000e+02 2.280280000000000174e-47
1.887500000000000000e+02 2.279809999999999789e-47
1.890000000000000000e+02 2.279470000000000038e-47
1.892500000000000000e+02 2.278889999999999977e-47
1.895000000000000000e+02 2.278610000000000182e-47
1.897500000000000000e+02 2.278300000000000167e-47
1.900000000000000000e+02 2.278190000000000004e-47
1.902500000000000000e+02 2.277629999999999928e-47
1.905000000000000000e+02 2.277339999999999898e-47
1.907500000000000000e+02 2.276920000000000206e-47
1.910000000000000000e+02 2.276630000000000175e-47
1.912500000000000000e+02 2.275999999999999908e-47
1.915000000000000000e+02 2.275869999999999760e-47
1.917500000000000000e+02 2.275430000000000082e-47
1.920000000000000000e+02 2.274960000000000184e-47
1.922500000000000000e+02 2.274449999999999828e-47
1.925000000000000000e+02 2.273740000000000106e-47
1.927500000000000000e+02 2.273020000000000147e-47
1.930000000000000000e+02 2.272320000000000174e-47
1.932500000000000000e+02 2.271910000000000231e-47
1.935000000000000000e+02 2.271339999999999920e-47
1.937500000000000000e+02 2.270739999999999873e-47
1.940000000000000000e+02 2.269939999999999974e-47
1.942500000000000000e+02 2.269410000000000119e-47
1.945000000000000000e+02 2.268610000000000219e-47
1.947500000000000000e+02 2.267490000000000068e-47
1.950000000000000000e+02 2.266719999999999903e-47
1.952500000000000000e+02 2.266250000000000004e-47
1.955000000000000000e+02 2.265410000000000134e-47
1.957500000000000000e+02 2.264799999999999852e-47
1.960000000000000000e+02 2.263760000000000128e-47
1.962500000000000000e+02 2.262910000000000021e-47
1.965000000000000000e+02 2.261999999999999959e-47
1.967500000000000000e+02 2.261020000000000191e-47
1.970000000000000000e+02 2.260010000000000202e-47
1.972500000000000000e+02 2.259189999999999831e-47
1.975000000000000000e+02 2.258210000000000063e-47
1.977500000000000000e+02 2.257330000000000222e-47
1.980000000000000000e+02 2.256190000000000085e-47
1.982500000000000000e+02 2.254830000000000109e-47
1.985000000000000000e+02 2.253709999999999958e-47
1.987500000000000000e+02 2.252509999999999865e-47
1.990000000000000000e+02 2.251289999999999787e-47
1.992500000000000000e+02 2.250259999999999813e-47
1.995000000000000000e+02 2.249419999999999942e-47
1.997500000000000000e+02 2.248099999999999937e-47
2.000000000000000000e+02 2.247100000000000184e-47
2.002500000000000000e+02 2.245760000000000194e-47
2.005000000000000000e+02 2.244569999999999850e-47
2.007500000000000000e+02 2.243129999999999934e-47
2.010000000000000000e+02 2.242029999999999767e-47
2.012500000000000000e+02 2.240680000000000028e-47
2.015000000000000000e+02 2.239340000000000037e-47
2.017500000000000000e+02 2.238070000000000239e-47
2.020000000000000000e+02 2.236680000000000042e-47
2.022500000000000000e+02 2.235220000000000140e-47
2.025000000000000000e+02 2.233610000000000105e-47
2.027500000000000000e+02 2.232199999999999923e-47
2.030000000000000000e+02 2.230879999999999918e-47
2.032500000000000000e+02 2.229149999999999970e-47
2.035000000000000000e+02 2.227750000000000024e-47
2.037500000000000000e+02 2.226210000000000180e-47
2.040000000000000000e+02 2.224780000000000013e-47
2.042500000000000000e+02 2.223220000000000184e-47
2.045000000000000000e+02 2.221510000000000222e-47
2.047500000000000000e+02 2.220029999999999848e-47
2.050000000000000000e+02 2.218410000000000063e-47
2.052500000000000000e+02 2.216970000000000146e-47
2.055000000000000000e+02 2.215220000000000213e-47
2.057500000000000000e+02 2.213099999999999823e-47
2.060000000000000000e+02 2.211529999999999758e-47
2.062500000000000000e+02 2.209759999999999840e-47
2.065000000000000000e+02 2.208370000000000129e-47
2.067500000000000000e+02 2.206220000000000003e-47
2.070000000000000000e+02 2.204270000000000217e-47
2.072500000000000000e+02 2.202129999999999841e-47
2.075000000000000000e+02 2.200020000000000172e-47
2.077500000000000000e+02 2.197870000000000046e-47
2.080000000000000000e+02 2.195589999999999773e-47
2.082500000000000000e+02 2.193270000000000015e-47
2.085000000000000000e+02 2.191279999999999771e-47
2.087500000000000000e+02 2.189439999999999905e-47
2.090000000000000000e+02 2.187210000000000081e-47
2.092500000000000000e+02 2.185159999999999881e-47
2.095000000000000000e+02 2.182670000000000005e-47
2.097500000000000000e+02 2.180459999999999923e-47
2.100000000000000000e+02 2.177590000000000082e-47
2.102500000000000000e+02 2.175189999999999896e-47
2.105000000000000000e+02 2.172920000000000101e-47
2.107500000000000000e+02 2.170519999999999916e-47
2.110000000000000000e+02 2.168050000000000024e-47
2.112500000000000000e+02 2.165119999999999984e-47
2.115000000000000000e+02 2.162290000000000114e-47
2.117500000000000000e+02 2.159100000000000021e-47
2.120000000000000000e+02 2.155730000000000060e-47
2.122500000000000000e+02 2.152690000000000100e-47
2.125000000000000000e+02 2.149750000000000067e-47
2.127500000000000000e+02 2.147060000000000094e-47
2.130000000000000000e+02 2.143810000000000045e-47
2.132500000000000000e+02 2.140440000000000085e-47
2.135000000000000000e+02 2.136810000000000071e-47
2.137500000000000000e+02 2.133500000000000066e-47
2.140000000000000000e+02 2.130220000000000039e-47
2.142500000000000000e+02 2.126540000000000063e-47
2.145000000000000000e+02 2.123099999999999910e-47
2.147500000000000000e+02 2.119459999999999904e-47
2.150000000000000000e+02 2.115850000000000119e-47
2.152500000000000000e+02 2.112530000000000121e-47
2.155000000000000000e+02 2.108920000000000093e-47
2.157500000000000000e+02 2.104799999999999953e-47
2.160000000000000000e+02 2.100479999999999959e-47
2.162500000000000000e+02 2.096280000000000120e-47
2.165000000000000000e+02 2.092259999999999907e-47
2.167500000000000000e+02 2.087899999999999942e-47
2.170000000000000000e+02 2.083430000000000058e-47
2.172500000000000000e+02 2.078860000000000004e-47
2.175000000000000000e+02 2.074339999999999914e-47
2.177500000000000000e+02 2.069929999999999986e-47
2.180000000000000000e+02 2.065319999999999962e-47
2.182500000000000000e+02 2.060299999999999995e-47
2.185000000000000000e+02 2.055530000000000088e-47
2.187500000000000000e+02 2.050180000000000119e-47
2.190000000000000000e+02 2.045079999999999968e-47
2.192500000000000000e+02 2.040179999999999913e-47
2.195000000000000000e+02 2.035449999999999977e-47
2.197500000000000000e+02 2.029919999999999897e-47
2.200000000000000000e+02 2.024909999999999923e-47
2.202500000000000000e+02 2.019360000000000101e-47
2.205000000000000000e+02 2.014019999999999883e-47
2.207500000000000000e+02 2.008770000000000084e-47
2.210000000000000000e+02 2.003029999999999916e-47
2.212500000000000000e+02 1.997329999999999961e-47
2.215000000000000000e+02 1.991459999999999888e-47
2.217500000000000000e+02 1.985719999999999962e-47
2.220000000000000000e+02 1.979839999999999896e-47
2.222500000000000000e+02 1.973819999999999933e-47
2.225000000000000000e+02 1.968159999999999949e-47
2.227500000000000000e+02 1.962609999999999884e-47
2.230000000000000000e+02 1.956980000000000121e-47
2.232500000000000000e+02 1.951390000000000086e-47
2.235000000000000000e+02 1.945490000000000035e-47
2.237500000000000000e+02 1.939760000000000102e-47
2.240000000000000000e+02 1.933709999999999917e-47
2.242500000000000000e+02 1.927160000000000100e-47
2.245000000000000000e+02 1.921059999999999952e-47
2.247500000000000000e+02 1.914779999999999936e-47
2.250000000000000000e+02 1.908859999999999899e-47
2.252500000000000000e+02 1.902839999999999936e-47
2.255000000000000000e+02 1.896010000000000080e-47
2.257500000000000000e+02 1.889140000000000011e-47
2.260000000000000000e+02 1.882539999999999986e-47
2.262500000000000000e+02 1.876229999999999992e-47
2.265000000000000000e+02 1.869659999999999946e-47
2.267500000000000000e+02 1.862550000000000052e-47
2.270000000000000000e+02 1.855590000000000049e-47
2.272500000000000000e+02 1.848819999999999906e-47
2.275000000000000000e+02 1.841419999999999982e-47
2.277500000000000000e+02 1.834340000000000066e-47
2.280000000000000000e+02 1.827189999999999959e-47
2.282500000000000000e+02 1.820460000000000029e-47
2.285000000000000000e+02 1.812969999999999928e-47
2.287500000000000000e+02 1.805579999999999997e-47
2.290000000000000000e+02 1.797940000000000005e-47
2.292500000000000000e+02 1.789910000000000057e-47
2.295000000000000000e+02 1.782759999999999949e-47
2.297500000000000000e+02 1.774869999999999898e-47
2.300000000000000000e+02 1.767189999999999936e-47
2.302500000000000000e+02 1.759599999999999908e-47
2.305000000000000000e+02 1.752030000000000108e-47
2.307500000000000000e+02 1.743939999999999960e-47
2.310000000000000000e+02 1.736230000000000020e-47
2.312500000000000000e+02 1.728530000000000073e-47
2.315000000000000000e+02 1.720439999999999925e-47
2.317500000000000000e+02 1.712529999999999889e-47
2.320000000000000000e+02 1.704239999999999887e-47
2.322500000000000000e+02 1.695819999999999982e-47
2.325000000000000000e+02 1.687259999999999935e-47
2.327500000000000000e+02 1.678639999999999933e-47
2.330000000000000000e+02 1.670220000000000027e-47
2.332500000000000000e+02 1.661910000000000040e-47
2.335000000000000000e+02 1.652990000000000015e-47
2.337500000000000000e+02 1.644549999999999881e-47
2.340000000000000000e+02 1.636300000000000093e-47
2.342500000000000000e+02 1.627519999999999965e-47
2.345000000000000000e+02 1.618740000000000080e-47
2.347500000000000000e+02 1.609919999999999981e-47
2.350000000000000000e+02 1.600880000000000043e-47
2.352500000000000000e+02 1.591310000000000008e-47
2.355000000000000000e+02 1.581990000000000032e-47
2.357500000000000000e+02 1.572519999999999924e-47
2.360000000000000000e+02 1.562750000000000035e-47
2.362500000000000000e+02 1.552889999999999969e-47
2.365000000000000000e+02 1.543359999999999904e-47
2.367500000000000000e+02 1.533870000000000054e-47
2.370000000000000000e+02 1.523439999999999919e-47
2.372500000000000000e+02 1.513240000000000103e-47
2.375000000000000000e+02 1.502909999999999895e-47
2.377500000000000000e+02 1.492249999999999929e-47
2.380000000000000000e+02 1.481510000000000022e-47
2.382500000000000000e+02 1.471130000000000094e-47
2.385000000000000000e+02 1.460359999999999966e-47
2.387500000000000000e+02 1.448970000000000049e-47
2.390000000000000000e+02 1.438290000000000098e-47
2.392500000000000000e+02 1.427380000000000073e-47
2.395000000000000000e+02 1.416430000000000076e-47
2.397500000000000000e+02 1.405160000000000072e-47
2.400000000000000000e+02 1.394260000000000039e-47
2.402500000000000000e+02 1.382499999999999907e-47
2.405000000000000000e+02 1.371169999999999946e-47
2.407500000000000000e+02 1.360010000000000104e-47
2.410000000000000000e+02 1.348870000000000004e-47
2.412500000000000000e+02 1.337800000000000095e-47
2.415000000000000000e+02 1.326139999999999890e-47
2.417500000000000000e+02 1.315270000000000078e-47
2.420000000000000000e+02 1.303909999999999896e-47
2.422500000000000000e+02 1.293179999999999982e-47
2.425000000000000000e+02 1.282029999999999889e-47
2.427500000000000000e+02 1.270759999999999884e-47
2.430000000000000000e+02 1.259270000000000041e-47
2.432500000000000000e+02 1.248260000000000089e-47
2.435000000000000000e+02 1.236889999999999914e-47
2.437500000000000000e+02 1.225380000000000085e-47
2.440000000000000000e+02 1.213719999999999880e-47
2.442500000000000000e+02 1.202749999999999898e-47
2.445000000000000000e+02 1.191520000000000107e-47
2.447500000000000000e+02 1.179640000000000063e-47
2.450000000000000000e+02 1.168400000000000037e-47
2.452500000000000000e+02 1.157430000000000055e-47
2.455000000000000000e+02 1.145629999999999953e-47
2.457500000000000000e+02 1.134759999999999898e-47
2.460000000000000000e+02 1.123900000000000079e-47
2.462500000000000000e+02 1.112620000000000081e-47
2.465000000000000000e+02 1.101300000000000113e-47
2.467500000000000000e+02 1.090280000000000046e-47
2.470000000000000000e+02 1.079589999999999981e-47
2.472500000000000000e+02 1.068910000000000030e-47
2.475000000000000000e+02 1.058229999999999957e-47
2.477500000000000000e+02 1.047810000000000059e-47
2.480000000000000000e+02 1.036900000000000033e-47
2.482500000000000000e+02 1.026069999999999949e-47
2.485000000000000000e+02 1.015190000000000023e-47
2.487500000000000000e+02 1.004550000000000043e-47
2.490000000000000000e+02 9.952240000000000230e-48
2.492500000000000000e+02 9.850840000000000408e-48
2.495000000000000000e+02 9.755769999999999836e-48
2.497500000000000000e+02 9.660459999999999926e-48
2.500000000000000000e+02 9.563730000000000084e-48
2.502500000000000000e+02 9.462499999999999894e-48
2.505000000000000000e+02 9.366210000000000459e-48
2.507500000000000000e+02 9.262729999999999488e-48
2.510000000000000000e+02 9.166780000000000533e-48
2.512500000000000000e+02 9.080500000000000325e-48
2.515000000000000000e+02 8.993399999999999745e-48
2.517500000000000000e+02 8.906680000000000345e-48
2.520000000000000000e+02 8.822579999999999998e-48
2.522500000000000000e+02 8.736640000000000270e-48
2.525000000000000000e+02 8.653330000000000072e-48
2.527500000000000000e+02 8.565849999999999528e-48
2.530000000000000000e+02 8.485409999999999415e-48
2.532500000000000000e+02 8.406490000000000376e-48
2.535000000000000000e+02 8.327359999999999789e-48
2.537500000000000000e+02 8.251380000000000540e-48
2.540000000000000000e+02 8.170439999999999578e-48
2.542500000000000000e+02 8.096440000000000335e-48
2.545000000000000000e+02 8.022559999999999547e-48
2.547500000000000000e+02 7.952370000000000429e-48
2.550000000000000000e+02 7.883749999999999918e-48
2.552500000000000000e+02 7.807369999999999746e-48
2.555000000000000000e+02 7.734230000000000360e-48
2.557500000000000000e+02 1.042629999999999966e-47
