0.000000000000000000e+00 5.000000000000000000e-01
2.500000000000000000e-01 5.000000000000000000e-01
5.000000000000000000e-01 5.000000000000000000e-01
7.500000000000000000e-01 5.000000000000000000e-01
1.000000000000000000e+00 5.000000000000000000e-01
1.250000000000000000e+00 5.000000000000000000e-01
1.500000000000000000e+00 5.000000000000000000e-01
1.750000000000000000e+00 5.000000000000000000e-01
2.000000000000000000e+00 5.000000000000000000e-01
2.250000000000000000e+00 5.000000000000000000e-01
2.500000000000000000e+00 5.000000000000000000e-01
2.750000000000000000e+00 5.000000000000000000e-01
3.000000000000000000e+00 5.000000000000000000e-01
3.250000000000000000e+00 5.000000000000000000e-01
3.500000000000000000e+00 5.000000000000000000e-01
3.750000000000000000e+00 5.000000000000000000e-01
4.000000000000000000e+00 5.000000000000000000e-01
4.250000000000000000e+00 5.000000000000000000e-01
4.500000000000000000e+00 5.000000000000000000e-01
4.750000000000000000e+00 5.000000000000000000e-01
5.000000000000000000e+00 5.000000000000000000e-01
5.250000000000000000e+00 5.000000000000000000e-01
5.500000000000000000e+00 5.000000000000000000e-01
5.750000000000000000e+00 5.000000000000000000e-01
6.000000000000000000e+00 5.000000000000000000e-01
6.250000000000000000e+00 5.000000000000000000e-01
6.500000000000000000e+00 5.000000000000000000e-01
6.750000000000000000e+00 5.000000000000000000e-01
7.000000000000000000e+00 5.000000000000000000e-01
7.250000000000000000e+00 5.000000000000000000e-01
7.500000000000000000e+00 5.000000000000000000e-01
7.750000000000000000e+00 5.000000000000000000e-01
8.000000000000000000e+00 5.000000000000000000e-01
8.250000000000000000e+00 5.000000000000000000e-01
8.500000000000000000e+00 5.000000000000000000e-01
8.750000000000000000e+00 5.000000000000000000e-01
9.000000000000000000e+00 5.000000000000000000e-01
9.250000000000000000e+00 5.000000000000000000e-01
9.500000000000000000e+00 5.000000000000000000e-01
9.750000000000000000e+00 5.000000000000000000e-01
1.000000000000000000e+01 5.000000000000000000e-01
1.025000000000000000e+01 5.000000000000000000e-01
1.050000000000000000e+01 5.000000000000000000e-01
1.075000000000000000e+01 5.000000000000000000e-01
1.100000000000000000e+01 5.000000000000000000e-01
1.125000000000000000e+01 5.000000000000000000e-01
1.150000000000000000e+01 5.000000000000000000e-01
1.175000000000000000e+01 5.000000000000000000e-01
1.200000000000000000e+01 5.000000000000000000e-01
1.225000000000000000e+01 5.000000000000000000e-01
1.250000000000000000e+01 5.000000000000000000e-01
1.275000000000000000e+01 5.000000000000000000e-01
1.300000000000000000e+01 5.000000000000000000e-01
1.325000000000000000e+01 5.000000000000000000e-01
1.350000000000000000e+01 5.000000000000000000e-01
1.375000000000000000e+01 5.000000000000000000e-01
1.400000000000000000e+01 5.000000000000000000e-01
1.425000000000000000e+01 5.000000000000000000e-01
1.450000000000000000e+01 5.000000000000000000e-01
1.475000000000000000e+01 5.000000000000000000e-01
1.500000000000000000e+01 5.000000000000000000e-01
1.525000000000000000e+01 5.000000000000000000e-01
1.550000000000000000e+01 5.000000000000000000e-01
1.575000000000000000e+01 5.000000000000000000e-01
1.600000000000000000e+01 1.519699999999999999e-43
1.625000000000000000e+01 1.723770000000000008e-43
1.650000000000000000e+01 1.948040000000000064e-43
1.675000000000000000e+01 2.189159999999999831e-43
1.700000000000000000e+01 2.443320000000000025e-43
1.725000000000000000e+01 2.709830000000000138e-43
1.750000000000000000e+01 2.970220000000000089e-43
1.775000000000000000e+01 3.221159999999999903e-43
1.800000000000000000e+01 3.438870000000000019e-43
1.825000000000000000e+01 3.619830000000000218e-43
1.850000000000000000e+01 3.737850000000000049e-43
1.875000000000000000e+01 3.774509999999999935e-43
1.900000000000000000e+01 3.728100000000000071e-43
1.925000000000000000e+01 3.593350000000000108e-43
1.950000000000000000e+01 3.381899999999999892e-43
1.975000000000000000e+01 3.099080000000000060e-43
2.000000000000000000e+01 2.760729999999999811e-43
2.025000000000000000e+01 2.398619999999999966e-43
2.050000000000000000e+01 2.055599999999999844e-43
2.075000000000000000e+01 1.753480000000000082e-43
2.100000000000000000e+01 1.549819999999999907e-43
2.125000000000000000e+01 1.574169999999999999e-43
2.150000000000000000e+01 2.580979999999999949e-43
2.175000000000000000e+01 8.747459999999999281e-43
2.200000000000000000e+01 9.352289999999999898e-43
2.225000000000000000e+01 2.098150000000000120e-43
2.250000000000000000e+01 7.208759999999999789e-44
2.275000000000000000e+01 3.456479999999999809e-44
2.300000000000000000e+01 2.072369999999999952e-44
2.325000000000000000e+01 1.401369999999999998e-44
2.350000000000000000e+01 1.016810000000000061e-44
2.375000000000000000e+01 7.722350000000000277e-45
2.400000000000000000e+01 6.090339999999999481e-45
2.425000000000000000e+01 4.946780000000000053e-45
2.450000000000000000e+01 4.133070000000000038e-45
2.475000000000000000e+01 3.532859999999999761e-45
2.500000000000000000e+01 3.078450000000000240e-45
2.525000000000000000e+01 2.731060000000000011e-45
2.550000000000000000e+01 2.462439999999999991e-45
2.575000000000000000e+01 2.251329999999999952e-45
2.600000000000000000e+01 2.082979999999999960e-45
2.625000000000000000e+01 1.947990000000000021e-45
2.650000000000000000e+01 1.837460000000000142e-45
2.675000000000000000e+01 1.746660000000000028e-45
2.700000000000000000e+01 1.671120000000000106e-45
2.725000000000000000e+01 1.605919999999999898e-45
2.750000000000000000e+01 1.548679999999999963e-45
2.775000000000000000e+01 1.496859999999999886e-45
2.800000000000000000e+01 1.448320000000000127e-45
2.825000000000000000e+01 1.402210000000000153e-45
2.850000000000000000e+01 1.357229999999999924e-45
2.875000000000000000e+01 1.313559999999999990e-45
2.900000000000000000e+01 1.271890000000000067e-45
2.925000000000000000e+01 1.232119999999999939e-45
2.950000000000000000e+01 1.193849999999999975e-45
2.975000000000000000e+01 1.157169999999999983e-45
3.000000000000000000e+01 1.119499999999999929e-45
3.025000000000000000e+01 1.083550000000000054e-45
3.050000000000000000e+01 1.048419999999999947e-45
3.075000000000000000e+01 1.014939999999999944e-45
3.100000000000000000e+01 9.828900000000000299e-46
3.125000000000000000e+01 9.520699999999999243e-46
3.150000000000000000e+01 9.224759999999999605e-46
3.175000000000000000e+01 8.938309999999999770e-46
3.200000000000000000e+01 8.663970000000000636e-46
3.225000000000000000e+01 8.402509999999999452e-46
3.250000000000000000e+01 8.149870000000000263e-46
3.275000000000000000e+01 7.907640000000000397e-46
3.300000000000000000e+01 7.671520000000000573e-46
3.325000000000000000e+01 7.445099999999999377e-46
3.350000000000000000e+01 7.227359999999999404e-46
3.375000000000000000e+01 7.017860000000000003e-46
3.400000000000000000e+01 6.811780000000000137e-46
3.425000000000000000e+01 6.614470000000000213e-46
3.450000000000000000e+01 6.423899999999999918e-46
3.475000000000000000e+01 6.237810000000000230e-46
3.500000000000000000e+01 6.061390000000000114e-46
3.525000000000000000e+01 5.891080000000000042e-46
3.550000000000000000e+01 5.725990000000000325e-46
3.575000000000000000e+01 5.567110000000000092e-46
3.600000000000000000e+01 5.413280000000000387e-46
3.625000000000000000e+01 5.264599999999999873e-46
3.650000000000000000e+01 5.120969999999999887e-46
3.675000000000000000e+01 4.981720000000000289e-46
3.700000000000000000e+01 4.846669999999999752e-46
3.725000000000000000e+01 4.716460000000000140e-46
3.750000000000000000e+01 4.589540000000000013e-46
3.775000000000000000e+01 4.468010000000000068e-46
3.800000000000000000e+01 4.349970000000000044e-46
3.825000000000000000e+01 4.236809999999999944e-46
3.850000000000000000e+01 4.126780000000000224e-46
3.875000000000000000e+01 4.020469999999999917e-46
3.900000000000000000e+01 3.917179999999999827e-46
3.925000000000000000e+01 3.817430000000000157e-46
3.950000000000000000e+01 3.720599999999999708e-46
3.975000000000000000e+01 3.627070000000000244e-46
4.000000000000000000e+01 3.536730000000000045e-46
4.025000000000000000e+01 3.448599999999999929e-46
4.050000000000000000e+01 3.363229999999999929e-46
4.075000000000000000e+01 3.280019999999999901e-46
4.100000000000000000e+01 3.199750000000000150e-46
4.125000000000000000e+01 3.122069999999999910e-46
4.150000000000000000e+01 3.047020000000000125e-46
4.175000000000000000e+01 2.973970000000000041e-46
4.200000000000000000e+01 2.903489999999999969e-46
4.225000000000000000e+01 2.834879999999999936e-46
4.250000000000000000e+01 2.768740000000000087e-46
4.275000000000000000e+01 2.703750000000000026e-46
4.300000000000000000e+01 2.641170000000000096e-46
4.325000000000000000e+01 2.580449999999999871e-46
4.350000000000000000e+01 2.520999999999999932e-46
4.375000000000000000e+01 2.463519999999999861e-46
4.400000000000000000e+01 2.408420000000000087e-46
4.425000000000000000e+01 2.354670000000000151e-46
4.450000000000000000e+01 2.302480000000000044e-46
4.475000000000000000e+01 2.251259999999999955e-46
4.500000000000000000e+01 2.201629999999999916e-46
4.525000000000000000e+01 2.153640000000000036e-46
4.550000000000000000e+01 2.106510000000000012e-46
4.575000000000000000e+01 2.061049999999999980e-46
4.600000000000000000e+01 2.016330000000000086e-46
4.625000000000000000e+01 1.973310000000000015e-46
4.650000000000000000e+01 1.931300000000000128e-46
4.675000000000000000e+01 1.890729999999999963e-46
4.700000000000000000e+01 1.851360000000000086e-46
4.725000000000000000e+01 1.812930000000000006e-46
4.750000000000000000e+01 1.775139999999999846e-46
4.775000000000000000e+01 1.739079999999999925e-46
4.800000000000000000e+01 1.703479999999999958e-46
4.825000000000000000e+01 1.669279999999999938e-46
4.850000000000000000e+01 1.635839999999999944e-46
4.875000000000000000e+01 1.603299999999999971e-46
4.900000000000000000e+01 1.571489999999999998e-46
4.925000000000000000e+01 1.540729999999999985e-46
4.950000000000000000e+01 1.510669999999999944e-46
4.975000000000000000e+01 1.481420000000000040e-46
5.000000000000000000e+01 1.452999999999999964e-46
5.025000000000000000e+01 1.425180000000000032e-46
5.050000000000000000e+01 1.398270000000000065e-46
5.075000000000000000e+01 1.371760000000000000e-46
5.100000000000000000e+01 1.345949999999999907e-46
5.125000000000000000e+01 1.321229999999999940e-46
5.150000000000000000e+01 1.296810000000000044e-46
5.175000000000000000e+01 1.273019999999999930e-46
5.200000000000000000e+01 1.249820000000000015e-46
5.225000000000000000e+01 1.227110000000000081e-46
5.250000000000000000e+01 1.205010000000000041e-46
5.275000000000000000e+01 1.183689999999999915e-46
5.300000000000000000e+01 1.162840000000000077e-46
5.325000000000000000e+01 1.142489999999999969e-46
5.350000000000000000e+01 1.122530000000000013e-46
5.375000000000000000e+01 1.102969999999999958e-46
5.400000000000000000e+01 1.084040000000000074e-46
5.425000000000000000e+01 1.065609999999999921e-46
5.450000000000000000e+01 1.047520000000000004e-46
5.475000000000000000e+01 1.029979999999999928e-46
5.500000000000000000e+01 1.012820000000000059e-46
5.525000000000000000e+01 9.960259999999999700e-47
5.550000000000000000e+01 9.796069999999999226e-47
5.575000000000000000e+01 9.635579999999999444e-47
5.600000000000000000e+01 9.479579999999999044e-47
5.625000000000000000e+01 9.326950000000000793e-47
5.650000000000000000e+01 9.178319999999999611e-47
5.675000000000000000e+01 9.032749999999999588e-47
5.700000000000000000e+01 8.890709999999999653e-47
5.725000000000000000e+01 8.753639999999999721e-47
5.750000000000000000e+01 8.617870000000000295e-47
5.775000000000000000e+01 8.485420000000000380e-47
5.800000000000000000e+01 8.357299999999999966e-47
5.825000000000000000e+01 8.232020000000000387e-47
5.850000000000000000e+01 8.108230000000000445e-47
5.875000000000000000e+01 7.986869999999999938e-47
5.900000000000000000e+01 7.869579999999999608e-47
5.925000000000000000e+01 7.753770000000000138e-47
5.950000000000000000e+01 7.640580000000000206e-47
5.975000000000000000e+01 7.530450000000000462e-47
6.000000000000000000e+01 7.421890000000000296e-47
6.025000000000000000e+01 7.317060000000000071e-47
6.050000000000000000e+01 7.214280000000000045e-47
6.075000000000000000e+01 7.112000000000000139e-47
6.100000000000000000e+01 7.014610000000000295e-47
6.125000000000000000e+01 6.918740000000000309e-47
6.150000000000000000e+01 6.824319999999999989e-47
6.175000000000000000e+01 6.733070000000000021e-47
6.200000000000000000e+01 6.643450000000000072e-47
6.225000000000000000e+01 6.555800000000000382e-47
6.250000000000000000e+01 6.469079999999999767e-47
6.275000000000000000e+01 6.384520000000000486e-47
6.300000000000000000e+01 6.301879999999999798e-47
6.325000000000000000e+01 6.220759999999999940e-47
6.350000000000000000e+01 6.141859999999999914e-47
6.375000000000000000e+01 6.064709999999999820e-47
6.400000000000000000e+01 5.989520000000000235e-47
6.425000000000000000e+01 5.915820000000000287e-47
6.450000000000000000e+01 5.843090000000000357e-47
6.475000000000000000e+01 5.772449999999999624e-47
6.500000000000000000e+01 5.703230000000000282e-47
6.525000000000000000e+01 5.635489999999999855e-47
6.550000000000000000e+01 5.569350000000000200e-47
6.575000000000000000e+01 5.504650000000000462e-47
6.600000000000000000e+01 5.440799999999999858e-47
6.625000000000000000e+01 5.378420000000000364e-47
6.650000000000000000e+01 5.317340000000000403e-47
6.675000000000000000e+01 5.257249999999999960e-47
6.700000000000000000e+01 5.198150000000000007e-47
6.725000000000000000e+01 5.140640000000000104e-47
6.750000000000000000e+01 5.084279999999999601e-47
6.775000000000000000e+01 5.029620000000000283e-47
6.800000000000000000e+01 4.975899999999999790e-47
6.825000000000000000e+01 4.923179999999999537e-47
6.850000000000000000e+01 4.870660000000000109e-47
6.875000000000000000e+01 4.819969999999999582e-47
6.900000000000000000e+01 4.769900000000000060e-47
6.925000000000000000e+01 4.721019999999999909e-47
6.950000000000000000e+01 4.673160000000000469e-47
6.975000000000000000e+01 4.626030000000000251e-47
7.000000000000000000e+01 4.580530000000000053e-47
7.025000000000000000e+01 4.535419999999999813e-47
7.050000000000000000e+01 4.491849999999999902e-47
7.075000000000000000e+01 4.448930000000000245e-47
7.100000000000000000e+01 4.406810000000000001e-47
7.125000000000000000e+01 4.365100000000000186e-47
7.150000000000000000e+01 4.323929999999999975e-47
7.175000000000000000e+01 4.284579999999999888e-47
7.200000000000000000e+01 4.245169999999999846e-47
7.225000000000000000e+01 4.206939999999999911e-47
7.250000000000000000e+01 4.168929999999999814e-47
7.275000000000000000e+01 4.131740000000000090e-47
7.300000000000000000e+01 4.095809999999999927e-47
7.325000000000000000e+01 4.059949999999999957e-47
7.350000000000000000e+01 4.025099999999999976e-47
7.375000000000000000e+01 3.991080000000000115e-47
7.400000000000000000e+01 3.957539999999999903e-47
7.425000000000000000e+01 3.925039999999999901e-47
7.450000000000000000e+01 3.893219999999999886e-47
7.475000000000000000e+01 3.861390000000000122e-47
7.500000000000000000e+01 3.830359999999999772e-47
7.525000000000000000e+01 3.799670000000000145e-47
7.550000000000000000e+01 3.769649999999999783e-47
7.575000000000000000e+01 3.740240000000000190e-47
7.600000000000000000e+01 3.710730000000000184e-47
7.625000000000000000e+01 3.682159999999999976e-47
7.650000000000000000e+01 3.654350000000000182e-47
7.675000000000000000e+01 3.626969999999999831e-47
7.700000000000000000e+01 3.599820000000000040e-47
7.725000000000000000e+01 3.573370000000000222e-47
7.750000000000000000e+01 3.548020000000000084e-47
7.775000000000000000e+01 3.522769999999999873e-47
7.800000000000000000e+01 3.497859999999999899e-47
7.825000000000000000e+01 3.473350000000000118e-47
7.850000000000000000e+01 3.449350000000000206e-47
7.875000000000000000e+01 3.426480000000000195e-47
7.900000000000000000e+01 3.403739999999999846e-47
7.925000000000000000e+01 3.381259999999999792e-47
7.950000000000000000e+01 3.359549999999999903e-47
7.975000000000000000e+01 3.338090000000000075e-47
8.000000000000000000e+01 3.317049999999999938e-47
8.025000000000000000e+01 3.296290000000000082e-47
8.050000000000000000e+01 3.275960000000000154e-47
8.075000000000000000e+01 3.255919999999999771e-47
8.100000000000000000e+01 3.236499999999999906e-47
8.125000000000000000e+01 3.217139999999999996e-47
8.150000000000000000e+01 3.198409999999999868e-47
8.175000000000000000e+01 3.179669999999999990e-47
8.200000000000000000e+01 3.161920000000000116e-47
8.225000000000000000e+01 3.143960000000000153e-47
8.250000000000000000e+01 3.126860000000000046e-47
8.275000000000000000e+01 3.109750000000000189e-47
8.300000000000000000e+01 3.093119999999999980e-47
8.325000000000000000e+01 3.076420000000000066e-47
8.350000000000000000e+01 3.060030000000000167e-47
8.375000000000000000e+01 3.044310000000000021e-47
8.400000000000000000e+01 3.028529999999999918e-47
8.425000000000000000e+01 3.013050000000000082e-47
8.450000000000000000e+01 2.998080000000000115e-47
8.475000000000000000e+01 2.983290000000000016e-47
8.500000000000000000e+01 2.969020000000000022e-47
8.525000000000000000e+01 2.954779999999999763e-47
8.550000000000000000e+01 2.941100000000000066e-47
8.575000000000000000e+01 2.927180000000000059e-47
8.600000000000000000e+01 2.913769999999999921e-47
8.625000000000000000e+01 2.900770000000000212e-47
8.650000000000000000e+01 2.888009999999999841e-47
8.675000000000000000e+01 2.875429999999999824e-47
8.700000000000000000e+01 2.863099999999999867e-47
8.725000000000000000e+01 2.851159999999999867e-47
8.750000000000000000e+01 2.839580000000000089e-47
8.775000000000000000e+01 2.828309999999999841e-47
8.800000000000000000e+01 2.816969999999999888e-47
8.825000000000000000e+01 2.805760000000000082e-47
8.850000000000000000e+01 2.795080000000000131e-47
8.875000000000000000e+01 2.784230000000000062e-47
8.900000000000000000e+01 2.774059999999999980e-47
8.925000000000000000e+01 2.763880000000000148e-47
8.950000000000000000e+01 2.753409999999999800e-47
8.975000000000000000e+01 2.743590000000000191e-47
9.000000000000000000e+01 2.734229999999999759e-47
9.025000000000000000e+01 2.724649999999999974e-47
9.050000000000000000e+01 2.715529999999999852e-47
9.075000000000000000e+01 2.706510000000000143e-47
9.100000000000000000e+01 2.697649999999999830e-47
9.125000000000000000e+01 2.689279999999999888e-47
9.150000000000000000e+01 2.680449999999999796e-47
9.175000000000000000e+01 2.672229999999999987e-47
9.200000000000000000e+01 2.664509999999999811e-47
9.225000000000000000e+01 2.656429999999999899e-47
9.250000000000000000e+01 2.648759999999999929e-47
9.275000000000000000e+01 2.641379999999999991e-47
9.300000000000000000e+01 2.633530000000000153e-47
9.325000000000000000e+01 2.626330000000000082e-47
9.350000000000000000e+01 2.619349999999999850e-47
9.375000000000000000e+01 2.612939999999999930e-47
9.400000000000000000e+01 2.605909999999999977e-47
9.425000000000000000e+01 2.599659999999999940e-47
9.450000000000000000e+01 2.593210000000000048e-47
9.475000000000000000e+01 2.587139999999999879e-47
9.500000000000000000e+01 2.580840000000000120e-47
9.525000000000000000e+01 2.574909999999999848e-47
9.550000000000000000e+01 2.568969999999999826e-47
9.575000000000000000e+01 2.563449999999999983e-47
9.600000000000000000e+01 2.557799999999999991e-47
9.625000000000000000e+01 2.552610000000000149e-47
9.650000000000000000e+01 2.547629999999999909e-47
9.675000000000000000e+01 2.543040000000000113e-47
9.700000000000000000e+01 2.538159999999999801e-47
9.725000000000000000e+01 2.533510000000000049e-47
9.750000000000000000e+01 2.529060000000000150e-47
9.775000000000000000e+01 2.524489999999999853e-47
9.800000000000000000e+01 2.520010000000000220e-47
9.825000000000000000e+01 2.515430000000000173e-47
9.850000000000000000e+01 2.511370000000000232e-47
9.875000000000000000e+01 2.507300000000000055e-47
9.900000000000000000e+01 2.503769999999999968e-47
9.925000000000000000e+01 2.500279999999999852e-47
9.950000000000000000e+01 2.496740000000000016e-47
9.975000000000000000e+01 2.492999999999999840e-47
1.000000000000000000e+02 2.489320000000000106e-47
1.002500000000000000e+02 2.485799999999999769e-47
1.005000000000000000e+02 2.482499999999999757e-47
1.007500000000000000e+02 2.479179999999999760e-47
1.010000000000000000e+02 2.476129999999999807e-47
1.012500000000000000e+02 2.472959999999999943e-47
1.015000000000000000e+02 2.469969999999999947e-47
1.017500000000000000e+02 2.467230000000000010e-47
1.020000000000000000e+02 2.464660000000000192e-47
1.022500000000000000e+02 2.462220000000000036e-47
1.025000000000000000e+02 2.459719999999999923e-47
1.027500000000000000e+02 2.457279999999999767e-47
1.030000000000000000e+02 2.454909999999999803e-47
1.032500000000000000e+02 2.452820000000000119e-47
1.035000000000000000e+02 2.450880000000000082e-47
1.037500000000000000e+02 2.449030000000000223e-47
1.040000000000000000e+02 2.447199999999999862e-47
1.042500000000000000e+02 2.445130000000000164e-47
1.045000000000000000e+02 2.443409999999999966e-47
1.047500000000000000e+02 2.441959999999999814e-47
1.050000000000000000e+02 2.440769999999999957e-47
1.052500000000000000e+02 2.439339999999999789e-47
1.055000000000000000e+02 2.438140000000000183e-47
1.057500000000000000e+02 2.436989999999999810e-47
1.060000000000000000e+02 2.435990000000000057e-47
1.062500000000000000e+02 2.434869999999999905e-47
1.065000000000000000e+02 2.434140000000000197e-47
1.067500000000000000e+02 2.433330000000000062e-47
1.070000000000000000e+02 2.432760000000000236e-47
1.072500000000000000e+02 2.432180000000000175e-47
1.075000000000000000e+02 2.431540000000000158e-47
1.077500000000000000e+02 2.431159999999999951e-47
1.080000000000000000e+02 2.431000000000000068e-47
1.082500000000000000e+02 2.430349999999999815e-47
1.085000000000000000e+02 2.430100000000000241e-47
1.087500000000000000e+02 2.429509999999999944e-47
1.090000000000000000e+02 2.429290000000000106e-47
1.092500000000000000e+02 2.428969999999999854e-47
1.095000000000000000e+02 2.428490000000000206e-47
1.097500000000000000e+02 2.428420000000000014e-47
1.100000000000000000e+02 2.428900000000000148e-47
1.102500000000000000e+02 2.429130000000000223e-47
1.105000000000000000e+02 2.429469999999999974e-47
1.107500000000000000e+02 2.429890000000000152e-47
1.110000000000000000e+02 2.430650000000000081e-47
1.112500000000000000e+02 2.431119999999999980e-47
1.115000000000000000e+02 2.432109999999999983e-47
1.117500000000000000e+02 2.432719999999999779e-47
1.120000000000000000e+02 2.433250000000000120e-47
1.122500000000000000e+02 2.434030000000000035e-47
1.125000000000000000e+02 2.434710000000000023e-47
1.127500000000000000e+02 2.435560000000000129e-47
1.130000000000000000e+02 2.436450000000000206e-47
1.132500000000000000e+02 2.437569999999999871e-47
1.135000000000000000e+02 2.438809999999999935e-47
1.137500000000000000e+02 2.440229999999999866e-47
1.140000000000000000e+02 2.441529999999999886e-47
1.142500000000000000e+02 2.442809999999999920e-47
1.145000000000000000e+02 2.443819999999999909e-47
1.147500000000000000e+02 2.445190000000000120e-47
1.150000000000000000e+02 2.446209999999999859e-47
1.152500000000000000e+02 2.447649999999999776e-47
1.155000000000000000e+02 2.449270000000000047e-47
1.157500000000000000e+02 2.450949999999999788e-47
1.160000000000000000e+02 2.452490000000000118e-47
1.162500000000000000e+02 2.454080000000000168e-47
1.165000000000000000e+02 2.455739999999999923e-47
1.167500000000000000e+02 2.457509999999999842e-47
1.170000000000000000e+02 2.459360000000000187e-47
1.172500000000000000e+02 2.461250000000000017e-47
1.175000000000000000e+02 2.463150000000000083e-47
1.177500000000000000e+02 2.465190000000000047e-47
1.180000000000000000e+02 2.467260000000000231e-47
1.182500000000000000e+02 2.469159999999999811e-47
1.185000000000000000e+02 2.471039999999999892e-47
1.187500000000000000e+02 2.472880000000000002e-47
1.190000000000000000e+02 2.474780000000000067e-47
1.192500000000000000e+02 2.476820000000000031e-47
1.195000000000000000e+02 2.478820000000000023e-47
1.197500000000000000e+02 2.481050000000000091e-47
1.200000000000000000e+02 2.483110000000000039e-47
1.202500000000000000e+02 2.485389999999999827e-47
1.205000000000000000e+02 2.487460000000000011e-47
1.207500000000000000e+02 2.489360000000000077e-47
1.210000000000000000e+02 2.491510000000000203e-47
1.212500000000000000e+02 2.493550000000000166e-47
1.215000000000000000e+02 2.495739999999999777e-47
1.217500000000000000e+02 2.498290000000000095e-47
1.220000000000000000e+02 2.500700000000000031e-47
1.222500000000000000e+02 2.503200000000000143e-47
1.225000000000000000e+02 2.505820000000000167e-47
1.227500000000000000e+02 2.508370000000000000e-47
1.230000000000000000e+02 2.511169999999999893e-47
1.232500000000000000e+02 2.513470000000000151e-47
1.235000000000000000e+02 2.516330000000000000e-47
1.237500000000000000e+02 2.518790000000000142e-47
1.240000000000000000e+02 2.521499999999999857e-47
1.242500000000000000e+02 2.524050000000000176e-47
1.245000000000000000e+02 2.526690000000000186e-47
1.247500000000000000e+02 2.529390000000000151e-47
1.250000000000000000e+02 2.531709999999999909e-47
1.252500000000000000e+02 2.534329999999999934e-47
1.255000000000000000e+02 2.536969999999999944e-47
1.257500000000000000e+02 2.539459999999999820e-47
1.260000000000000000e+02 2.542309999999999919e-47
1.262500000000000000e+02 2.544920000000000194e-47
1.265000000000000000e+02 2.547410000000000071e-47
1.267500000000000000e+02 2.550249999999999934e-47
1.270000000000000000e+02 2.552969999999999885e-47
1.272500000000000000e+02 2.555609999999999895e-47
1.275000000000000000e+02 2.558530000000000185e-47
1.277500000000000000e+02 2.561089999999999768e-47
1.280000000000000000e+02 2.563859999999999925e-47
1.282500000000000000e+02 2.566559999999999891e-47
1.285000000000000000e+02 2.569190000000000151e-47
1.287500000000000000e+02 2.571759999999999969e-47
1.290000000000000000e+02 2.574539999999999876e-47
1.292500000000000000e+02 2.577429999999999946e-47
1.295000000000000000e+02 2.580379999999999971e-47
1.297500000000000000e+02 2.583139999999999893e-47
1.300000000000000000e+02 2.585859999999999844e-47
1.302500000000000000e+02 2.588510000000000090e-47
1.305000000000000000e+02 2.591179999999999835e-47
1.307500000000000000e+02 2.593690000000000183e-47
1.310000000000000000e+02 2.596330000000000192e-47
1.312500000000000000e+02 2.598930000000000231e-47
1.315000000000000000e+02 2.601599999999999976e-47
1.317500000000000000e+02 2.603929999999999970e-47
1.320000000000000000e+02 2.606580000000000216e-47
1.322500000000000000e+02 2.609190000000000004e-47
1.325000000000000000e+02 2.611579999999999954e-47
1.327500000000000000e+02 2.614350000000000112e-47
1.330000000000000000e+02 2.617180000000000225e-47
1.332500000000000000e+02 2.619309999999999880e-47
1.335000000000000000e+02 2.621530000000000197e-47
1.337500000000000000e+02 2.623909999999999911e-47
1.340000000000000000e+02 2.626130000000000229e-47
1.342500000000000000e+02 2.628430000000000002e-47
1.345000000000000000e+02 2.630729999999999774e-47
1.347500000000000000e+02 2.633380000000000020e-47
1.350000000000000000e+02 2.636130000000000192e-47
1.352500000000000000e+02 2.638480000000000171e-47
1.355000000000000000e+02 2.640629999999999811e-47
1.357500000000000000e+02 2.642739999999999966e-47
1.360000000000000000e+02 2.644690000000000238e-47
1.362500000000000000e+02 2.647060000000000203e-47
1.365000000000000000e+02 2.649539999999999844e-47
1.367500000000000000e+02 2.651769999999999911e-47
1.370000000000000000e+02 2.653740000000000169e-47
1.372500000000000000e+02 2.655249999999999791e-47
1.375000000000000000e+02 2.657189999999999828e-47
1.377500000000000000e+02 2.658980000000000218e-47
1.380000000000000000e+02 2.661470000000000094e-47
1.382500000000000000e+02 2.663519999999999807e-47
1.385000000000000000e+02 2.665930000000000229e-47
1.387500000000000000e+02 2.667849999999999794e-47
1.390000000000000000e+02 2.669530000000000021e-47
1.392500000000000000e+02 2.670989999999999923e-47
1.395000000000000000e+02 2.672810000000000048e-47
1.397500000000000000e+02 2.674850000000000011e-47
1.400000000000000000e+02 2.676739999999999841e-47
1.402500000000000000e+02 2.678380000000000098e-47
1.405000000000000000e+02 2.680320000000000134e-47
1.407500000000000000e+02 2.681970000000000140e-47
1.410000000000000000e+02 2.683930000000000162e-47
1.412500000000000000e+02 2.685549999999999947e-47
1.415000000000000000e+02 2.687270000000000145e-47
1.417500000000000000e+02 2.689199999999999946e-47
1.420000000000000000e+02 2.690800000000000232e-47
1.422500000000000000e+02 2.692499999999999958e-47
1.425000000000000000e+02 2.694229999999999906e-47
1.427500000000000000e+02 2.695620000000000102e-47
1.430000000000000000e+02 2.697420000000000242e-47
1.432500000000000000e+02 2.699040000000000027e-47
1.435000000000000000e+02 2.700129999999999957e-47
1.437500000000000000e+02 2.701230000000000123e-47
1.440000000000000000e+02 2.702459999999999951e-47
1.442500000000000000e+02 2.703990000000000045e-47
1.445000000000000000e+02 2.705400000000000227e-47
1.447500000000000000e+02 2.706840000000000144e-47
1.450000000000000000e+02 2.707910000000000089e-47
1.452500000000000000e+02 2.708630000000000047e-47
1.455000000000000000e+02 2.710010000000000008e-47
1.457500000000000000e+02 2.710989999999999776e-47
1.460000000000000000e+02 2.711990000000000016e-47
1.462500000000000000e+02 2.712439999999999929e-47
1.465000000000000000e+02 2.713239999999999829e-47
1.467500000000000000e+02 2.714249999999999818e-47
1.470000000000000000e+02 2.715059999999999953e-47
1.472500000000000000e+02 2.716000000000000237e-47
1.475000000000000000e+02 2.716689999999999974e-47
1.477500000000000000e+02 2.717629999999999771e-47
1.480000000000000000e+02 2.718660000000000232e-47
1.482500000000000000e+02 2.719270000000000028e-47
1.485000000000000000e+02 2.719750000000000162e-47
1.487500000000000000e+02 2.720160000000000105e-47
1.490000000000000000e+02 2.720660000000000224e-47
1.492500000000000000e+02 2.720999999999999975e-47
1.495000000000000000e+02 2.721380000000000183e-47
1.497500000000000000e+02 2.721799999999999875e-47
1.500000000000000000e+02 2.722209999999999818e-47
1.502500000000000000e+02 2.722470000000000113e-47
1.505000000000000000e+02 2.722479999999999863e-47
1.507500000000000000e+02 2.722729999999999923e-47
1.510000000000000000e+02 2.723019999999999953e-47
1.512500000000000000e+02 2.723059999999999924e-47
1.515000000000000000e+02 2.723150000000000101e-47
1.517500000000000000e+02 2.723259999999999777e-47
1.520000000000000000e+02 2.723300000000000234e-47
1.522500000000000000e+02 2.723320000000000220e-47
1.525000000000000000e+02 2.723320000000000220e-47
1.527500000000000000e+02 2.723150000000000101e-47
1.530000000000000000e+02 2.722720000000000173e-47
1.532500000000000000e+02 2.722599999999999775e-47
1.535000000000000000e+02 2.722310000000000231e-47
1.537500000000000000e+02 2.722189999999999832e-47
1.540000000000000000e+02 2.721919999999999787e-47
1.542500000000000000e+02 2.721380000000000183e-47
1.545000000000000000e+02 2.721090000000000152e-47
1.547500000000000000e+02 2.720579999999999797e-47
1.550000000000000000e+02 2.720049999999999942e-47
1.552500000000000000e+02 2.719460000000000132e-47
1.555000000000000000e+02 2.719099999999999909e-47
1.557500000000000000e+02 2.718789999999999893e-47
1.560000000000000000e+02 2.718200000000000083e-47
1.562500000000000000e+02 2.717460000000000139e-47
1.565000000000000000e+02 2.716800000000000137e-47
1.567500000000000000e+02 2.716209999999999840e-47
1.570000000000000000e+02 2.715389999999999955e-47
1.572500000000000000e+02 2.714519999999999863e-47
1.575000000000000000e+02 2.713859999999999860e-47
1.577500000000000000e+02 2.713030000000000226e-47
1.580000000000000000e+02 2.712010000000000001e-47
1.582500000000000000e+02 2.711050000000000218e-47
1.585000000000000000e+02 2.710160000000000141e-47
1.587500000000000000e+02 2.708920000000000078e-47
1.590000000000000000e+02 2.707890000000000104e-47
1.592500000000000000e+02 2.706690000000000011e-47
1.595000000000000000e+02 2.705660000000000036e-47
1.597500000000000000e+02 2.704499999999999914e-47
1.600000000000000000e+02 2.703319999999999807e-47
1.602500000000000000e+02 2.702039999999999773e-47
1.605000000000000000e+02 2.701000000000000049e-47
1.607500000000000000e+02 2.699790000000000206e-47
1.610000000000000000e+02 2.698249999999999876e-47
1.612500000000000000e+02 2.696900000000000137e-47
1.615000000000000000e+02 2.695540000000000161e-47
1.617500000000000000e+02 2.693950000000000111e-47
1.620000000000000000e+02 2.692579999999999900e-47
1.622500000000000000e+02 2.690929999999999894e-47
1.625000000000000000e+02 2.689439999999999770e-47
1.627500000000000000e+02 2.687890000000000177e-47
1.630000000000000000e+02 2.686260000000000156e-47
1.632500000000000000e+02 2.684779999999999783e-47
1.635000000000000000e+02 2.683000000000000115e-47
1.637500000000000000e+02 2.681279999999999917e-47
1.640000000000000000e+02 2.679809999999999779e-47
1.642500000000000000e+02 2.677959999999999919e-47
1.645000000000000000e+02 2.676030000000000119e-47
1.647500000000000000e+02 2.674300000000000171e-47
1.650000000000000000e+02 2.672340000000000149e-47
1.652500000000000000e+02 2.670280000000000200e-47
1.655000000000000000e+02 2.668210000000000016e-47
1.657500000000000000e+02 2.666050000000000141e-47
1.660000000000000000e+02 2.664039999999999912e-47
1.662500000000000000e+02 2.661889999999999786e-47
1.665000000000000000e+02 2.659789999999999867e-47
1.667500000000000000e+02 2.657689999999999948e-47
1.670000000000000000e+02 2.655450000000000131e-47
1.672500000000000000e+02 2.653140000000000122e-47
1.675000000000000000e+02 2.650750000000000172e-47
1.677500000000000000e+02 2.648620000000000032e-47
1.680000000000000000e+02 2.646400000000000201e-47
1.682500000000000000e+02 2.644210000000000104e-47
1.685000000000000000e+02 2.642159999999999905e-47
1.687500000000000000e+02 2.639369999999999762e-47
1.690000000000000000e+02 2.636819999999999929e-47
1.692500000000000000e+02 2.634529999999999906e-47
1.695000000000000000e+02 2.631739999999999763e-47
1.697500000000000000e+02 2.629070000000000019e-47
1.700000000000000000e+02 2.626419999999999773e-47
1.702500000000000000e+02 2.623820000000000220e-47
1.705000000000000000e+02 2.621209999999999945e-47
1.707500000000000000e+02 2.618259999999999920e-47
1.710000000000000000e+02 2.615429999999999806e-47
1.712500000000000000e+02 2.612809999999999782e-47
1.715000000000000000e+02 2.610100000000000066e-47
1.717500000000000000e+02 2.607179999999999776e-47
1.720000000000000000e+02 2.604310000000000178e-47
1.722500000000000000e+02 2.601529999999999784e-47
1.725000000000000000e+02 2.598579999999999759e-47
1.727500000000000000e+02 2.595670000000000190e-47
1.730000000000000000e+02 2.592749999999999899e-47
1.732500000000000000e+02 2.589910000000000036e-47
1.735000000000000000e+02 2.586969999999999760e-47
1.737500000000000000e+02 2.584000000000000235e-47
1.740000000000000000e+02 2.580969999999999782e-47
1.742500000000000000e+02 2.578040000000000228e-47
1.745000000000000000e+02 2.574740000000000216e-47
1.747500000000000000e+02 2.571509999999999909e-47
1.750000000000000000e+02 2.568309999999999824e-47
1.752500000000000000e+02 2.565179999999999930e-47
1.755000000000000000e+02 2.561939999999999874e-47
1.757500000000000000e+02 2.558759999999999774e-47
1.760000000000000000e+02 2.555489999999999983e-47
1.762500000000000000e+02 2.552039999999999837e-47
1.765000000000000000e+02 2.548519999999999986e-47
1.767500000000000000e+02 2.545080000000000077e-47
1.770000000000000000e+02 2.541680000000000138e-47
1.772500000000000000e+02 2.538240000000000228e-47
1.775000000000000000e+02 2.534779999999999847e-47
1.777500000000000000e+02 2.531319999999999952e-47
1.780000000000000000e+02 2.527900000000000028e-47
1.782500000000000000e+02 2.524170000000000088e-47
1.785000000000000000e+02 2.520520000000000089e-47
1.787500000000000000e+02 2.516990000000000002e-47
1.790000000000000000e+02 2.513410000000000195e-47
1.792500000000000000e+02 2.509980000000000035e-47
1.795000000000000000e+02 2.506359999999999772e-47
1.797500000000000000e+02 2.502720000000000009e-47
1.800000000000000000e+02 2.499200000000000158e-47
1.802500000000000000e+02 2.495570000000000144e-47
1.805000000000000000e+02 2.491849999999999954e-47
1.807500000000000000e+02 2.488029999999999836e-47
1.810000000000000000e+02 2.484149999999999763e-47
1.812500000000000000e+02 2.480359999999999867e-47
1.815000000000000000e+02 2.476729999999999854e-47
1.817500000000000000e+02 2.473130000000000061e-47
1.820000000000000000e+02 2.469230000000000003e-47
1.822500000000000000e+02 2.465440000000000107e-47
1.825000000000000000e+02 2.461639999999999975e-47
1.827500000000000000e+02 2.457540000000000063e-47
1.830000000000000000e+02 2.453750000000000167e-47
1.832500000000000000e+02 2.449750000000000181e-47
1.835000000000000000e+02 2.445859999999999872e-47
1.837500000000000000e+02 2.441660000000000033e-47
1.840000000000000000e+02 2.437759999999999975e-47
1.842500000000000000e+02 2.433580000000000122e-47
1.845000000000000000e+02 2.429520000000000180e-47
1.847500000000000000e+02 2.425390000000000047e-47
1.850000000000000000e+02 2.421290000000000135e-47
1.852500000000000000e+02 2.417040000000000090e-47
1.855000000000000000e+02 2.412819999999999780e-47
1.857500000000000000e+02 2.408779999999999824e-47
1.860000000000000000e+02 2.404579999999999985e-47
1.862500000000000000e+02 2.400560000000000014e-47
1.865000000000000000e+02 2.396340000000000190e-47
1.867500000000000000e+02 2.392099999999999895e-47
1.870000000000000000e+02 2.387700000000000202e-47
1.872500000000000000e+02 2.383229999999999832e-47
1.875000000000000000e+02 2.378730000000000214e-47
1.877500000000000000e+02 2.374640000000000051e-47
1.880000000000000000e+02 2.370319999999999814e-47
1.882500000000000000e+02 2.365889999999999901e-47
1.885000000000000000e+02 2.361809999999999974e-47
1.887500000000000000e+02 2.357479999999999988e-47
1.890000000000000000e+02 2.353160000000000237e-47
1.892500000000000000e+02 2.348600000000000176e-47
1.895000000000000000e+02 2.344279999999999939e-47
1.897500000000000000e+02 2.339790000000000070e-47
1.900000000000000000e+02 2.335150000000000067e-47
1.902500000000000000e+02 2.330419999999999888e-47
1.905000000000000000e+02 2.325989999999999974e-47
1.907500000000000000e+02 2.321580000000000047e-47
1.910000000000000000e+02 2.317090000000000177e-47
1.912500000000000000e+02 2.312370000000000234e-47
1.915000000000000000e+02 2.307830000000000158e-47
1.917500000000000000e+02 2.303319999999999817e-47
1.920000000000000000e+02 2.299020000000000052e-47
1.922500000000000000e+02 2.294389999999999799e-47
1.925000000000000000e+02 2.289720000000000061e-47
1.927500000000000000e+02 2.285080000000000059e-47
1.930000000000000000e+02 2.280389999999999850e-47
1.932500000000000000e+02 2.275600000000000201e-47
1.935000000000000000e+02 2.270940000000000213e-47
1.937500000000000000e+02 2.266119999999999856e-47
1.940000000000000000e+02 2.261479999999999854e-47
1.942500000000000000e+02 2.256750000000000161e-47
1.945000000000000000e+02 2.251960000000000025e-47
1.947500000000000000e+02 2.247120000000000169e-47
1.950000000000000000e+02 2.242290000000000063e-47
1.952500000000000000e+02 2.237349999999999794e-47
1.955000000000000000e+02 2.232689999999999807e-47
1.957500000000000000e+02 2.227940000000000128e-47
1.960000000000000000e+02 2.223389999999999816e-47
1.962500000000000000e+02 2.218859999999999976e-47
1.965000000000000000e+02 2.214060000000000091e-47
1.967500000000000000e+02 2.209400000000000104e-47
1.970000000000000000e+02 2.204539999999999776e-47
1.972500000000000000e+02 2.199969999999999966e-47
1.975000000000000000e+02 2.195099999999999889e-47
1.977500000000000000e+02 2.190260000000000033e-47
1.980000000000000000e+02 2.185550000000000082e-47
1.982500000000000000e+02 2.180789999999999924e-47
1.985000000000000000e+02 2.175829999999999913e-47
1.987500000000000000e+02 2.170920000000000109e-47
1.990000000000000000e+02 2.166119999999999981e-47
1.992500000000000000e+02 2.161249999999999904e-47
1.995000000000000000e+02 2.156559999999999938e-47
1.997500000000000000e+02 2.151690000000000104e-47
2.000000000000000000e+02 2.146790000000000049e-47
2.002500000000000000e+02 2.141899999999999987e-47
2.005000000000000000e+02 2.136890000000000013e-47
2.007500000000000000e+02 2.132009999999999943e-47
2.010000000000000000e+02 2.127180000000000080e-47
2.012500000000000000e+02 2.122019999999999972e-47
2.015000000000000000e+02 2.117019999999999991e-47
2.017500000000000000e+02 2.112159999999999906e-47
2.020000000000000000e+02 2.107439999999999963e-47
2.022500000000000000e+02 2.102260000000000113e-47
2.025000000000000000e+02 2.097249999999999896e-47
2.027500000000000000e+02 2.092330000000000098e-47
2.030000000000000000e+02 2.087499999999999992e-47
2.032500000000000000e+02 2.082510000000000003e-47
2.035000000000000000e+02 2.077530000000000007e-47
2.037500000000000000e+02 2.072480000000000062e-47
2.040000000000000000e+02 2.067659999999999948e-47
2.042500000000000000e+02 2.062530000000000062e-47
2.045000000000000000e+02 2.057669999999999978e-47
2.047500000000000000e+02 2.052910000000000063e-47
2.050000000000000000e+02 2.048000000000000016e-47
2.052500000000000000e+02 2.043109999999999953e-47
2.055000000000000000e+02 2.038050000000000016e-47
2.057500000000000000e+02 2.032899999999999901e-47
2.060000000000000000e+02 2.027879999999999934e-47
2.062500000000000000e+02 2.023010000000000100e-47
2.065000000000000000e+02 2.018160000000000008e-47
2.067500000000000000e+02 2.013239999999999968e-47
2.070000000000000000e+02 2.008009999999999912e-47
2.072500000000000000e+02 2.003210000000000027e-47
2.075000000000000000e+02 1.998240000000000023e-47
2.077500000000000000e+02 1.993059999999999930e-47
2.080000000000000000e+02 1.988270000000000038e-47
2.082500000000000000e+02 1.983359999999999990e-47
2.085000000000000000e+02 1.978310000000000045e-47
2.087500000000000000e+02 1.973489999999999932e-47
2.090000000000000000e+02 1.968559999999999899e-47
2.092500000000000000e+02 1.963609999999999881e-47
2.095000000000000000e+02 1.958670000000000098e-47
2.097500000000000000e+02 1.953589999999999932e-47
2.100000000000000000e+02 1.948629999999999921e-47
2.102500000000000000e+02 1.943490000000000042e-47
2.105000000000000000e+02 1.938480000000000068e-47
2.107500000000000000e+02 1.933560000000000027e-47
2.110000000000000000e+02 1.928449999999999883e-47
2.112500000000000000e+02 1.923590000000000042e-47
2.115000000000000000e+02 1.918560000000000083e-47
2.117500000000000000e+02 1.913479999999999916e-47
2.120000000000000000e+02 1.908449999999999957e-47
2.122500000000000000e+02 1.903449999999999975e-47
2.125000000000000000e+02 1.898380000000000045e-47
2.127500000000000000e+02 1.893350000000000085e-47
2.130000000000000000e+02 1.888140000000000014e-47
2.132500000000000000e+02 1.883239999999999959e-47
2.135000000000000000e+02 1.878460000000000060e-47
2.137500000000000000e+02 1.873480000000000063e-47
2.140000000000000000e+02 1.868550000000000030e-47
2.142500000000000000e+02 1.863550000000000049e-47
2.145000000000000000e+02 1.858620000000000016e-47
2.147500000000000000e+02 1.853769999999999924e-47
2.150000000000000000e+02 1.848849999999999884e-47
2.152500000000000000e+02 1.843960000000000065e-47
2.155000000000000000e+02 1.838859999999999913e-47
2.157500000000000000e+02 1.833809999999999968e-47
2.160000000000000000e+02 1.828869999999999943e-47
2.162500000000000000e+02 1.823770000000000034e-47
2.165000000000000000e+02 1.818929999999999935e-47
2.167500000000000000e+02 1.813969999999999924e-47
2.170000000000000000e+02 1.808909999999999987e-47
2.172500000000000000e+02 1.803830000000000064e-47
2.175000000000000000e+02 1.798570000000000030e-47
2.177500000000000000e+02 1.793639999999999997e-47
2.180000000000000000e+02 1.788779999999999912e-47
2.182500000000000000e+02 1.783699999999999989e-47
2.185000000000000000e+02 1.778620000000000066e-47
2.187500000000000000e+02 1.773630000000000077e-47
2.190000000000000000e+02 1.768509999999999941e-47
2.192500000000000000e+02 1.763720000000000048e-47
2.195000000000000000e+02 1.758909999999999927e-47
2.197500000000000000e+02 1.753929999999999931e-47
2.200000000000000000e+02 1.748959999999999927e-47
2.202500000000000000e+02 1.744110000000000079e-47
2.205000000000000000e+02 1.739120000000000090e-47
2.207500000000000000e+02 1.734220000000000035e-47
2.210000000000000000e+02 1.729339999999999965e-47
2.212500000000000000e+02 1.724590000000000044e-47
2.215000000000000000e+02 1.719709999999999974e-47
2.217500000000000000e+02 1.714940000000000067e-47
2.220000000000000000e+02 1.709980000000000056e-47
2.222500000000000000e+02 1.704920000000000118e-47
2.225000000000000000e+02 1.700060000000000034e-47
2.227500000000000000e+02 1.695209999999999942e-47
2.230000000000000000e+02 1.690340000000000109e-47
2.232500000000000000e+02 1.685450000000000046e-47
2.235000000000000000e+02 1.680520000000000013e-47
2.237500000000000000e+02 1.675430000000000098e-47
2.240000000000000000e+02 1.670689999999999926e-47
2.242500000000000000e+02 1.665669999999999959e-47
2.245000000000000000e+02 1.660749999999999918e-47
2.247500000000000000e+02 1.655860000000000099e-47
2.250000000000000000e+02 1.651079999999999956e-47
2.252500000000000000e+02 1.646199999999999887e-47
2.255000000000000000e+02 1.641400000000000001e-47
2.257500000000000000e+02 1.636499999999999947e-47
2.260000000000000000e+02 1.631780000000000003e-47
2.262500000000000000e+02 1.626869999999999955e-47
2.265000000000000000e+02 1.622199999999999975e-47
2.267500000000000000e+02 1.617470000000000038e-47
2.270000000000000000e+02 1.612659999999999917e-47
2.272500000000000000e+02 1.607790000000000084e-47
2.275000000000000000e+02 1.603220000000000030e-47
2.277500000000000000e+02 1.598669999999999961e-47
2.280000000000000000e+02 1.593920000000000040e-47
2.282500000000000000e+02 1.588960000000000029e-47
2.285000000000000000e+02 1.584010000000000010e-47
2.287500000000000000e+02 1.579590000000000090e-47
2.290000000000000000e+02 1.575010000000000043e-47
2.292500000000000000e+02 1.570099999999999996e-47
2.295000000000000000e+02 1.565370000000000059e-47
2.297500000000000000e+02 1.560519999999999968e-47
2.300000000000000000e+02 1.555869999999999973e-47
2.302500000000000000e+02 1.551130000000000044e-47
2.305000000000000000e+02 1.546490000000000041e-47
2.307500000000000000e+02 1.541790000000000083e-47
2.310000000000000000e+02 1.537220000000000029e-47
2.312500000000000000e+02 1.532629999999999990e-47
2.315000000000000000e+02 1.528039999999999951e-47
2.317500000000000000e+02 1.523349999999999985e-47
2.320000000000000000e+02 1.518839999999999888e-47
2.322500000000000000e+02 1.514149999999999922e-47
2.325000000000000000e+02 1.509340000000000044e-47
2.327500000000000000e+02 1.504879999999999910e-47
2.330000000000000000e+02 1.500249999999999900e-47
2.332500000000000000e+02 1.495750000000000038e-47
2.335000000000000000e+02 1.491070000000000065e-47
2.337500000000000000e+02 1.486649999999999901e-47
2.340000000000000000e+02 1.481969999999999928e-47
2.342500000000000000e+02 1.477480000000000059e-47
2.345000000000000000e+02 1.472979999999999954e-47
2.347500000000000000e+02 1.468419999999999893e-47
2.350000000000000000e+02 1.463739999999999920e-47
2.352500000000000000e+02 1.459329999999999992e-47
2.355000000000000000e+02 1.454789999999999916e-47
2.357500000000000000e+02 1.450310000000000040e-47
2.360000000000000000e+02 1.445819999999999927e-47
2.362500000000000000e+02 1.441380000000000021e-47
2.365000000000000000e+02 1.437030000000000049e-47
2.367500000000000000e+02 1.432670000000000085e-47
2.370000000000000000e+02 1.427899999999999935e-47
2.372500000000000000e+02 1.423549999999999963e-47
2.375000000000000000e+02 1.419070000000000086e-47
2.377500000000000000e+02 1.414899999999999982e-47
2.380000000000000000e+02 1.410349999999999914e-47
2.382500000000000000e+02 1.405840000000000059e-47
2.385000000000000000e+02 1.401490000000000087e-47
2.387500000000000000e+02 1.396960000000000004e-47
2.390000000000000000e+02 1.392459999999999899e-47
2.392500000000000000e+02 1.388169999999999884e-47
2.395000000000000000e+02 1.383900000000000096e-47
2.397500000000000000e+02 1.379539999999999889e-47
2.400000000000000000e+02 1.375300000000000079e-47
2.402500000000000000e+02 1.371040000000000041e-47
2.405000000000000000e+02 1.366809999999999981e-47
2.407500000000000000e+02 1.362569999999999929e-47
2.410000000000000000e+02 1.358499999999999995e-47
2.412500000000000000e+02 1.354249999999999950e-47
2.415000000000000000e+02 1.350090000000000082e-47
2.417500000000000000e+02 1.345790000000000073e-47
2.420000000000000000e+02 1.341599999999999984e-47
2.422500000000000000e+02 1.337319999999999961e-47
2.425000000000000000e+02 1.333079999999999908e-47
2.427500000000000000e+02 1.328840000000000099e-47
2.430000000000000000e+02 1.324799999999999900e-47
2.432500000000000000e+02 1.320620000000000047e-47
2.435000000000000000e+02 1.316449999999999943e-47
2.437500000000000000e+02 1.312139999999999942e-47
2.440000000000000000e+02 1.307980000000000074e-47
2.442500000000000000e+02 1.303829999999999955e-47
2.445000000000000000e+02 1.299609999999999888e-47
2.447500000000000000e+02 1.295539999999999954e-47
2.450000000000000000e+02 1.291450000000000035e-47
2.452500000000000000e+02 1.287319999999999901e-47
2.455000000000000000e+02 1.283249999999999967e-47
2.457500000000000000e+02 1.279269999999999967e-47
2.460000000000000000e+02 1.275389999999999894e-47
2.462500000000000000e+02 1.271409999999999894e-47
2.465000000000000000e+02 1.267140000000000107e-47
2.467500000000000000e+02 1.263069999999999930e-47
2.470000000000000000e+02 1.259079999999999937e-47
2.472500000000000000e+02 1.255019999999999996e-47
2.475000000000000000e+02 1.251039999999999996e-47
2.477500000000000000e+02 1.247079999999999981e-47
2.480000000000000000e+02 1.243219999999999893e-47
2.482500000000000000e+02 1.239310000000000085e-47
2.485000000000000000e+02 1.235320000000000092e-47
2.487500000000000000e+02 1.231279999999999893e-47
2.490000000000000000e+02 1.227360000000000092e-47
2.492500000000000000e+02 1.223490000000000012e-47
2.495000000000000000e+02 1.219639999999999917e-47
2.497500000000000000e+02 1.215649999999999924e-47
2.500000000000000000e+02 1.211880000000000013e-47
2.502500000000000000e+02 1.207989999999999947e-47
2.505000000000000000e+02 1.204250000000000014e-47
2.507500000000000000e+02 1.200510000000000082e-47
2.510000000000000000e+02 1.196719999999999942e-47
2.512500000000000000e+02 1.192870000000000090e-47
2.515000000000000000e+02 1.189029999999999988e-47
2.517500000000000000e+02 1.185139999999999922e-47
2.520000000000000000e+02 1.181230000000000114e-47
2.522500000000000000e+02 1.177390000000000011e-47
2.525000000000000000e+02 1.173610000000000107e-47
2.527500000000000000e+02 1.169750000000000020e-47
2.530000000000000000e+02 1.166010000000000087e-47
2.532500000000000000e+02 1.162249999999999926e-47
2.535000000000000000e+02 1.158599999999999927e-47
2.537500000000000000e+02 1.154850000000000001e-47
2.540000000000000000e+02 1.151249999999999966e-47
2.542500000000000000e+02 1.147659999999999923e-47
2.545000000000000000e+02 1.144049999999999895e-47
2.547500000000000000e+02 1.140359999999999926e-47
2.550000000000000000e+02 1.136850000000000067e-47
2.552500000000000000e+02 1.133140000000000113e-47
2.555000000000000000e+02 1.129669999999999982e-47
2.557500000000000000e+02 9.256040000000000016e-48
