9.285517552372724026e-03
-2.212068793436827718e-03
-5.661701436956434463e-04
5.301093856704142127e-02
6.322619241386107092e-03
-5.329642519350308305e-02
9.757517371485135982e-02
-1.512952917118113305e-01
-2.153790994086079991e-04
-5.924446042953945835e-03
1.270845867367143001e-04
5.420883946891663641e-03
-5.644826370119204739e-04
-5.828153845499173258e-03
-1.116349133217653389e-02
6.686633704209299367e-04
-1.672361189705995344e-02
4.038407560763346282e-03
2.525735437929199634e-02
2.137915546889246343e-04
4.502983335141763632e-03
-1.279283404839404170e-03
5.386637652183168257e-03
-3.750697552749926444e-03
-7.865798435993553994e-03
9.171465935170708406e-02
-3.804276141375240172e-03
-6.471998271971379779e-02
2.633745499498019171e-03
8.674179187259767332e-03
5.072574543540042669e-03
-2.360514300857374792e-03
9.194329923625232937e-03
2.818897803123832091e-03
-6.052488730055927135e-03
1.250884315193800944e-02
1.584338121730866078e-03
5.815316947204607345e-03
-2.992968628898751149e-03
2.937028541049713226e-03
-4.955791642558438070e-03
-3.343487735957495488e-03
-5.509702470249067119e-03
-7.354324754745888981e-02
2.467131465468952456e-03
1.674549055798379982e-02
3.391838893688614576e-02
-1.565928382831494048e-02
6.208134896720451934e-03
4.830872614132175613e-03
