2.263941302091865282e-02
2.898279089156119426e-02
1.460410901851165733e-01
-1.157082001514400105e-01
6.305530350437660303e-02
2.270185926234624674e-02
2.755660178179564213e-01
-1.430108132533547405e-02
-1.517100119731829011e-01
-6.525103013343152014e-01
2.158586832935984745e-01
1.218500806587030638e-03
-1.698279364896926324e-02
7.409627620553305150e-02
1.101935551433896876e-03
9.705403921324773364e-02
-4.506795519159112473e-04
1.402170563892184418e-01
4.892414068803141447e-03
1.211728854865867788e-02
1.642906643480657181e-02
-1.006296025276096628e-01
-2.606201486355352870e-02
3.494578718892960012e-02
-2.255254461081950268e-01
0.000000000000000000e+00
-9.801276448678564179e-03
6.844902110557882224e-03
1.444070677741837727e-01
1.277859455078154127e-01
-2.392320952461979289e-02
-3.006586660259102928e-03
2.872777901732348482e-02
6.433601250591358678e-02
-8.097093495304363842e-02
1.327418300753890890e-03
-1.072919128622249474e-01
5.271129583327471835e-02
-1.892504601667166497e-01
1.604503111079305100e-01
-1.452667092975268304e-02
-7.738780277243328953e-02
5.681663406908121772e-03
8.251602383736234003e-03
2.903928672706612701e-02
9.274234377702583743e-03
-3.790794177417566857e-03
-3.670463113699984348e-02
-2.615382187432491179e-02
3.450090202285949204e-02
