2.551627965672764731e-03
-6.555055771180207103e-04
2.243559190223010091e-03
7.635337586702206636e-04
-3.469701321916929260e-03
-7.456822666988216497e-03
-4.100750604491310014e-02
1.822495058249806732e-02
3.031648077330473257e-03
-2.947617540131908243e-02
-1.899985553452054887e-03
-8.453156704479880545e-04
3.118263465932358258e-03
2.184683509796059298e-04
1.593351889597727222e-02
1.210958875550360858e-02
-3.034844797047853149e-03
9.690427706726012502e-03
-6.593675849000391054e-04
3.149443625456882501e-03
-2.836163378709954941e-03
-5.101574040073941774e-03
-6.479554251983543622e-03
2.197724104064491257e-03
2.150940316571592348e-03
-3.061266756919422960e-03
3.146056360360915960e-03
-2.530882627373998162e-03
1.336788858045068196e-02
1.903974817835774047e-03
-7.048619598792882357e-03
5.901406806668063609e-03
-1.019116006103715222e-02
-3.586126412524315299e-03
6.578865356217988847e-03
-1.670973698999489443e-04
-3.822242524870844704e-03
-3.488672595377551033e-04
-2.721507012672397252e-02
-7.357867487328917377e-03
-2.092422069425836639e-03
2.897270770305304666e-02
-3.504183892863110827e-03
2.378647394346700139e-02
-5.387005450931425798e-02
2.215692058626927974e-03
2.119685643624080740e-03
-2.168386319467252576e-02
5.335452163706122519e-03
-9.278751895962500384e-04
