2.224685350582689125e-02
-3.095526449318697360e-02
-2.728338271387542591e-02
-1.963220865147263794e-02
-7.614329710772693716e-02
1.759724016414310199e-02
9.578488094774684214e-04
2.030826082674508370e-02
-6.280108116584415257e-03
-3.684133413180745720e-03
3.018856129469327243e-02
1.674460430187707516e-02
4.260199333104708330e-02
-3.115551199208255184e-03
-6.666172554623983615e-03
3.663989238397391546e-03
-1.435209953211824541e-02
2.622836106122150568e-02
1.856831683554105439e-03
5.254655377825656615e-03
5.500251238515829755e-03
8.951401816446491466e-03
3.003054329667520506e-03
2.596121130072504002e-02
4.733651272907479779e-02
2.974693332146927105e-02
1.851307779389799180e-03
5.277199698923595861e-03
4.552127641922254497e-03
-2.925244654741305794e-01
-4.957327768555330749e-02
-3.669492284070230426e-02
1.143801296024093972e-03
4.262456819046178680e-02
5.105753646468258466e-02
7.305282115055433678e-03
-3.944814458868961538e-03
-1.377984772575757688e-02
-3.262239421950141605e-03
2.848202383518128045e-03
1.003986160873466815e-01
-5.038178149291638874e-03
1.258098023434683910e-03
1.065470997988882118e-02
3.023354443447345830e-02
5.134467811302556584e-03
8.609169256175164264e-04
-3.529161723250240357e-02
-5.003427047540753847e-04
3.846879044876061471e-02
