-2.098200508795500241e-04
1.976423485746359177e-02
3.043940567367897643e-03
-1.114609146312339760e-02
2.675543767595200961e-02
-4.410535123216874354e-03
3.377271162150918826e-03
3.796315339439360059e-02
1.340511537934574449e-03
-3.180082360032088218e-03
3.350733278324469211e-04
5.385375029771211075e-03
-3.353675051851467970e-04
5.677762119224993853e-03
-5.196621180836302756e-04
3.040290329421324600e-02
-6.233339396394299570e-02
1.136273163703904743e-02
6.731868410129848712e-03
-3.249697177510668666e-03
-3.907601912334968119e-03
5.277820744140626630e-04
2.165230956195607348e-02
5.431885793939272844e-03
-8.689868367282471695e-03
-2.989778620337446569e-03
2.202137444432317182e-02
-1.189553821177469217e-03
2.748143044115636258e-04
3.021107723914795429e-02
2.458375783140098747e-02
2.865371077769296448e-03
-1.202710646105433767e-01
-4.784825930445535391e-02
-2.126713818856984517e-03
-5.167385224000398125e-03
-1.114599170260888172e-02
4.593818126602755569e-03
2.731444438936847519e-02
-3.850349116087059542e-03
4.757812615631351605e-03
-3.875704419680658930e-03
-9.452254278812688426e-03
-1.871157928034961060e-02
-4.821453133278197356e-03
1.287132278108060746e-03
5.869335513127182935e-03
2.969966925162736970e-02
-3.514412307396241886e-03
3.391361792673741604e-02
