-3.378520750291613695e-02
7.754409610370771588e-03
-5.864218811538535192e-03
-3.735933280538006329e-03
-1.354378432279190747e-02
-4.533751113143580369e-03
1.884522743046801452e-02
-1.152827882082618771e-02
3.171181125345867713e-02
-1.565068709349759501e-02
-2.371889994668663348e-02
3.199897438264542870e-03
1.810891956679938630e-03
3.018810218550527225e-02
1.085386861547021908e-02
1.453287555209215043e-02
1.021326136003040119e-01
-2.160570924090166045e-02
2.497811770065538894e-02
-3.428523061779031877e-02
-1.591079290489005871e-02
1.516669189895480940e-02
-4.830236422563416454e-03
1.162928711789845693e-02
4.937306833362242742e-03
2.644913489945110996e-03
3.594174392489435377e-03
4.672926795308285364e-04
2.903206842546524058e-02
8.299550113022746700e-03
-1.114531753114533785e-02
1.133170632024871338e-02
-3.868664321378645354e-02
-3.191992012304467607e-03
5.394400236149010652e-02
-1.866569640483817238e-03
1.646476800891605308e-02
4.241105551706425558e-02
1.276573997625263246e-02
-1.285165945996880055e-02
5.617007241045257615e-02
-5.664720180512716752e-02
-5.843331265652551565e-02
2.414043791181086362e-02
-3.309361699872681584e-02
4.870620987303198035e-02
-6.180868401301609083e-03
-1.153602957148649466e-01
3.333925229767942255e-03
-1.475656567848204759e-03
