1.586037385462546467e-02
-1.415794601310693679e-02
2.220899341480198075e-02
-4.481835963792590860e-03
-3.643137511062377598e-04
-8.280712753078844912e-03
1.612708081882630040e-03
3.264786778412442914e-02
1.702740261126933774e-04
2.866318251953714480e-03
-6.768305422951925721e-03
-1.044444954011680693e-03
2.391079113110627929e-02
1.151166977098938560e-03
1.821802158624308277e-02
-1.039875388739908146e-02
6.350363046404794432e-03
-4.799809003678490171e-03
-4.196610363464969851e-04
2.828877137290675137e-02
-2.316403599841976302e-03
-6.470119680255237427e-03
2.287725976869303679e-02
-2.683264775022564663e-03
-3.884977160296898546e-03
-4.210070203711779868e-04
-9.165680743574711187e-04
6.014557059650371684e-04
5.853443840823757682e-03
-3.195537480440435729e-04
1.781720557332278077e-04
-3.183456602626932863e-02
-7.009511923182998316e-03
1.126225459104546189e-02
-5.239334633586167911e-03
-4.487037748621247601e-03
3.108113304371329377e-03
-3.214216413953252527e-03
4.766566804475402819e-03
-3.745205290234920881e-03
-1.753509521977392183e-03
5.893994264463131572e-03
1.841429454005449884e-03
-2.481273614158396867e-03
-1.956126218701115249e-03
2.659213227302004157e-03
-2.024748862294600826e-02
1.908261407482569894e-03
-1.542102475669615558e-02
-2.404623206478717634e-03
