4.033698946343022840e-02
2.860783716498360718e-02
3.591722378826300854e-02
-7.673855343954016917e-02
-4.333430865102450014e-02
2.356395924931220520e-02
-4.463317664516353034e-03
-2.318299698343295745e-03
-9.052146266562743904e-02
3.234634393194824042e-02
-9.098981492181579256e-04
1.721099413328275318e-02
-5.131488144097673398e-02
9.252764239917610212e-04
6.282414252302359614e-03
1.597663585366504435e-03
-2.073032332929081178e-02
3.292940191041004994e-02
1.721289844137885439e-03
1.234733572696988801e-02
8.692068725443036215e-03
-4.564976039549861753e-03
1.372176025386195874e-02
-1.313349993154133699e-03
3.368268213501757202e-02
-1.539156913725747700e-03
-5.169985377708741225e-04
-4.384934988886435292e-02
3.685483620675000793e-03
-2.578076598280176768e-02
1.763476808286768005e-02
2.621570818691054683e-02
2.948999044054545493e-03
-1.006772088597784887e-03
9.882107156082398092e-03
4.229408617160146378e-04
2.568479512438059942e-02
-1.790992614630582125e-02
-1.826526051966759212e-02
5.890158888045426977e-02
-4.871759581892121105e-03
2.712451858977615871e-03
1.361884610046892874e-02
2.128155135345100035e-02
-6.127543288825343382e-02
-1.237265143139154588e-03
2.017510504259689696e-05
7.683988301380395569e-03
-7.717947115610357400e-03
1.333982257321331133e-02
