-2.216761998460015093e-02
1.227973680234129006e-02
1.538736218536485012e-02
-3.545063407753445972e-02
-1.364905748353351100e-02
-7.546388553151928136e-03
7.487512223858061589e-02
-7.725743195408085739e-05
-9.245044134729596408e-03
-6.991490595964933163e-03
-1.438375579330397613e-02
1.297397004644551544e-02
-4.450959728970360629e-03
-2.819393211979104308e-04
-5.675252733851721132e-03
3.292397030833171812e-03
-2.895924704404251315e-03
-3.603438972774597460e-02
6.554124963116692015e-03
2.853371040103525047e-03
-3.002429602371137207e-02
-1.848218972745030442e-02
-8.271532884886312331e-02
6.477226358015286678e-03
-2.916295303521110327e-02
-1.087627900408278947e-01
-1.714503085005958383e-02
-1.374205318796839492e-03
-6.446500451446013358e-03
1.488347577768678320e-01
-3.255633723320272566e-02
3.944071249733838158e-03
-8.652457755999876099e-04
8.565911413039373201e-02
-4.735641048493732796e-02
-1.184296815192453778e-02
4.116405602871964220e-03
2.885464182668329158e-03
1.438224293217160721e-02
4.244284386966512557e-02
3.012390162643896474e-02
2.294491540557430653e-02
1.600668602861787804e-03
5.199641340183802640e-03
5.822581611862176487e-02
6.688639757416581233e-02
-2.870815971111539966e-02
8.429495608197612455e-06
9.266904938129982838e-04
1.974116688236904338e-02
