-2.111737146322667513e-01
-1.865252845715303920e-02
9.414761654022640869e-02
-7.485050235800372320e-05
-5.384858130757663730e-02
5.592019098884293271e-03
-1.654480634891797308e-02
-8.665430301698506810e-02
-3.249030094376337274e-02
-1.726455339777999143e-03
6.935220281314968815e-02
3.977063868546792946e-03
1.338317785759102208e-02
-7.197148367140471237e-03
-9.645772348278569552e-03
-4.610647600998163398e-02
1.519002207240305324e-02
5.936694690497290594e-02
1.260272929164329980e-02
4.320729519933763640e-02
-3.762874139908944926e-03
6.882264207035859727e-02
-3.488725421384231140e-02
-1.298286075396504202e-03
3.125875049792625759e-02
3.012908212554066267e-04
9.860798790811031722e-03
-2.126081396028212112e-03
-9.986712898978566955e-03
-1.053387425760377027e-02
1.191518509756406274e-03
3.698073860803674506e-03
-1.037484120192289083e-02
-5.393654949216397654e-03
2.974439715427479314e-02
-4.904699704681547701e-03
-1.731486478817600982e-03
6.549276350075672326e-02
5.510267344902786135e-02
1.765222822901080235e-02
2.224872470671357405e-02
-6.636062423510225017e-03
5.219515554435361082e-02
-5.554060049291820178e-03
-5.654764074947138397e-03
-8.357317991567470017e-04
4.684686962318096448e-02
4.412879731575003461e-03
-1.556063249523731429e-03
2.177199417162825057e-01
