3.487942418946055056e-02
1.780292608096445406e-02
-1.954758987821492155e-03
-2.075358206995723265e-01
-3.725330203388388384e-02
-1.405732807608464086e-01
-1.563820281944661161e-02
-3.692804514312157949e-01
-5.723375974438482672e-02
4.111723803460698434e-02
1.514244289844288716e-01
1.183308405996896795e-03
-1.634985357484008972e-02
-4.566913446962317380e-02
-2.147154724934274839e-02
-1.245186345120430360e-02
-1.497407715609888612e-02
8.021129723794651056e-02
6.803396252038140801e-02
6.068178292157799802e-02
5.521571771462774336e-02
5.524847688898049114e-03
-8.891454508820118008e-03
1.303097143799680779e-01
3.729036348907577292e-02
-1.453979923176174083e-02
1.202580798933539086e-02
1.209834004696066501e-01
2.340499224686709567e-04
-4.030475952387835292e-02
-6.836293750410504799e-03
2.450299749430229213e-04
-3.773893769908909235e-02
4.661585072103235916e-02
-8.602434595935815054e-02
6.635470122904063572e-02
-2.514411946883754467e-02
2.303945171179435647e-01
-3.146100392291995007e-02
4.536200616533925256e-03
1.346399744619475314e-03
1.977424624750767634e-02
-2.458790447289338488e-02
2.564246560006644415e-02
8.859215294733058244e-02
-8.866277353231666325e-02
-3.404979828222742810e-02
3.093439046525148228e-03
-4.091109609571041972e-03
1.310344652790300657e-01
