-2.897770450147163501e-02
2.707800492977696649e-02
-7.153127767978162410e-03
1.194690476083337671e-03
2.481421376903369946e-02
2.523622871441943971e-02
3.296171506946166119e-03
8.416767870207308988e-02
-2.798677179370656631e-02
5.820937441825435599e-02
-7.459585218242636984e-03
-3.236767921350747201e-04
7.308530744865038287e-05
3.314827174961010314e-03
2.315102973844318512e-02
2.846971756014227140e-03
-7.201922826327233906e-02
2.135712656165367207e-02
-1.216149042749066211e-01
-3.826787053569091768e-03
-3.612959124069448080e-03
-1.453071328583632749e-03
2.709337122861654734e-02
1.689472646012291079e-02
-3.832330327639965617e-03
5.999551314289419679e-03
-2.331690934909147472e-03
-3.831383623534634353e-03
-9.982428634316420357e-03
-5.429556666150858746e-02
2.253671846021632064e-02
3.876190687378766597e-03
-3.696450601716350093e-01
1.795378351437761921e-01
-7.079239540260573449e-03
3.838898605116014551e-02
-1.639015944536481584e-02
3.020742335223758346e-03
4.745222352842404234e-02
5.904151488778097701e-05
7.675241926577314189e-03
-6.124848554804884770e-04
6.757966176849095064e-03
8.954558946129509422e-03
3.834732500581594650e-02
1.840812557726678733e-02
5.387869329706518329e-02
1.149722434629865120e-01
-8.440546395775072597e-03
-2.977768537235192525e-03
