-3.383808391390630277e-03
5.760768627902734806e-02
4.835189620905566699e-02
-1.457206556881374127e-02
1.435817633338274391e-01
5.342335714146884129e-03
6.576960937650255801e-03
3.178273426442501659e-02
1.564254800655362487e-03
-2.659172552625932440e-04
1.170852851407744311e-02
1.050004842574026043e-02
1.278826156801073921e-01
5.999473409491429265e-02
-1.075406137232448600e-02
5.592992259380480391e-03
-8.914163680231013132e-03
-3.687638728536057897e-03
8.709539186554593471e-03
-1.689531370629993035e-03
-3.586503049291422940e-01
3.212523730923066978e-02
-1.492470070081708400e-01
-5.832605290504488948e-02
3.582935242718576774e-03
2.297588954849061338e-02
1.184591018801484097e-02
1.001107983537963264e-01
-2.551022668660607451e-02
4.152325878300189288e-02
3.049356373611544768e-02
-3.831245464084531704e-02
6.398068494263497996e-03
-2.055378066927460168e-02
8.854478263555165540e-02
2.443688155517520499e-02
-6.236124046478153105e-02
5.404609986044306424e-03
1.163020927428419782e-01
3.752686434976340024e-01
-1.261666189656693859e-01
2.831334226812032284e-03
-3.051993410167597176e-03
2.093863684683583415e-02
-3.020672227762588591e-04
5.750380414838218712e-02
-2.219924639979353742e-01
-2.564523124500510676e-01
1.443344773667831760e-02
2.781627757542537438e-02
