4.331793790640858788e-03
-5.505286343435500385e-03
1.190175351673303794e-01
-2.114130292227400787e-03
3.252586719113992331e-02
9.454398609847203261e-03
-5.633473822740597825e-03
6.361981468216981739e-05
-4.624890363717781838e-02
3.599780207451885872e-03
-4.053598698217797391e-02
-1.453233615757199004e-02
8.297142355786490953e-04
2.624291941285150642e-02
2.869494801902305881e-02
1.658272676982619487e-02
-5.140895537749656796e-04
5.581813379100708516e-02
2.975775222594165825e-01
4.428678399381169584e-02
-3.990913431974263403e-02
-3.776465597570677346e-02
2.312429365963453165e-02
-4.122209455289294056e-03
-5.943871786797672030e-02
2.497387341284706963e-02
2.664784483869198084e-03
9.252368792212450899e-02
1.265546826313652673e-01
-1.472166708936128998e-03
5.237046195929906389e-03
2.317626778631165507e-02
-8.214025564933535861e-02
-7.080906332006975390e-02
-1.386031142181991527e-01
-1.311552514863478791e-03
7.151944940233079251e-03
-3.584504124631848754e-03
9.133515856944995903e-04
1.199371755915592530e-01
-4.887021338703334550e-03
1.275292577506661473e-01
1.552479077333828172e-01
-1.369407852368738077e-01
3.973645625956123695e-02
-6.685640297888539862e-03
7.013587313565494696e-03
8.324173832647829840e-04
-3.152220302064279167e-02
7.537325228290114865e-02
