-2.263800414816330431e-03
-5.201665233555363699e-02
3.202570711732732889e-02
-9.374216771503540713e-02
-4.662367250171506328e-02
5.783561579449525425e-02
-1.972284927211829242e-01
1.266935717821029428e-01
4.415093766304600820e-02
2.335440913751227754e-01
-1.064750135768424144e-01
4.061395335370754367e-02
8.593436408039600849e-02
-2.912886688104787680e-01
-7.660251197094058995e-02
8.163894138180260995e-02
6.596782460364281064e-01
4.001158080197164679e-02
9.672677001931972995e-03
-1.437307871709592177e-02
1.073109507008140895e-02
4.432824157643189267e-02
2.235783468801599838e-03
-4.319331832072315080e-02
1.822777286997023793e-01
5.023287666868636592e-02
4.390449376444838236e-02
3.570538665157130254e-02
1.094212642262171187e-03
3.294952258238836862e-03
6.698899465693086697e-01
-2.986477885196361370e-01
1.299045128107145786e-01
6.601371020315660587e-03
-2.384651074602039955e-02
3.168058761363212739e-02
2.125271266427830597e-02
1.010696290227564020e-02
-3.627249496344049362e-01
1.191664896798068085e-01
3.527989859828881691e-01
6.686693082372840991e-02
-3.297652578559961967e-03
1.845495254458739964e-02
1.839022376806127568e-01
-8.083506785574545717e-02
2.283689203328430395e+00
3.898256091250269506e-01
-1.542591877881145379e-01
3.691393826913596854e+00
