6.591599238987555509e-04
-3.397744108904987570e-02
4.505418155016371884e-02
-3.186068576404466057e-03
1.847837346950598203e-03
-2.067111636730345481e-02
2.146008209315652948e-02
-1.119678481350661059e-02
-1.495011395277856536e-03
-1.595229435508400684e-01
-8.208015802102863745e-02
7.569178940528331623e-03
-9.440060832229590915e-02
-2.956950545325298663e-04
4.381433067720763574e-03
1.019162764420826761e-01
3.446236075050279624e-02
-1.971764844206802536e-02
9.812500447225147582e-03
-2.489008794606206720e-02
3.958145568468296460e-03
-4.246987585439399027e-03
-4.017701981926791177e-02
4.123473311388181628e-03
1.053195989645416830e-02
-3.300431062342568111e-03
2.100395898452234178e-03
2.847734292430459391e-04
-6.416261620536545252e-03
-3.521231733692786747e-03
-4.429529358688455432e-03
-1.314961237073433153e-01
-1.080172911471777297e-03
-1.727875981865878430e-02
1.202088608188489616e-03
-7.026026383078942672e-02
4.567687069695125501e-03
-2.606142681258916127e-03
-3.157274909892038295e-02
-8.450466734914385825e-02
8.506343043279684935e-05
-5.039777822922530959e-03
6.542939164980055011e-03
-3.652380265902621659e-02
1.475868294484428134e-03
9.614309968952738927e-05
3.136695043038173480e-02
-7.688159847202058472e-02
-1.097561943643796667e-01
-1.545901193828314035e-02
