-3.054996314808988700e-03
-1.541834797496122178e-02
-6.113835337846040829e-03
-1.039398513778166944e-02
-2.202362914868416510e-03
7.399184698718919151e-03
-1.802027295273234131e-03
2.315999053912776162e-03
-7.741056710877103342e-04
-8.640862509139424219e-04
-1.648523808738922014e-02
-2.437160551284733856e-03
5.733381647642588064e-03
4.509334918425977889e-03
-1.886883916495918356e-02
-4.874075025565360875e-03
6.599466345466709072e-03
4.384509437475259119e-03
-1.113151721024330243e-02
3.651473724179510327e-03
-1.818114949749372045e-03
-3.104408439853045820e-03
-1.601035127231753563e-03
-5.729063056580940838e-04
-3.962237474363305978e-03
-2.238412747120399615e-02
4.549724729919546462e-03
-5.259714396141035309e-03
1.302529997903079106e-02
-7.478318847198295316e-05
1.272617623669702880e-03
-2.525472465729095006e-03
1.114853201247711922e-02
1.181552331448898485e-03
7.504070645758531555e-04
-2.933984022222446697e-03
1.814048987757388431e-02
3.094116544533065394e-03
1.605166851621397939e-02
3.088016430224271858e-03
-2.884569240888978925e-03
-5.424986644332108199e-03
-5.397173859682524721e-03
-3.150157776165229961e-03
3.135828660472128604e-03
-7.044233292599955121e-03
6.137757063834570204e-03
-1.020199978038505151e-02
-3.603888340041550009e-03
-7.291588439883867068e-05
-2.428898339558394071e-02
2.901000071974557670e-02
-3.344708262442708246e-03
2.383976112077590415e-02
-5.588703209732770461e-02
2.156645452458860746e-03
2.202390662462860860e-03
-2.188090551476307155e-02
-8.819967428408403975e-04
-2.021443477131512623e-04
3.784067965986182003e-03
-1.119473501668544202e-02
2.588713997233682562e-02
3.607517003915816645e-03
3.786210744742390943e-02
-3.833712418707335701e-03
5.403266777744164528e-03
-3.027010815817021694e-04
-5.198210265753289150e-04
-6.242573375266857738e-02
1.184693020088545268e-02
-3.539317835533850598e-03
-3.941379741490891320e-03
2.214339698191913897e-02
5.434921385869984078e-03
-8.759421654518817490e-03
2.202892594095828827e-02
-1.185872998103576492e-03
5.289936878440926193e-04
3.009763085416494732e-02
2.463490164832471407e-02
3.013520608980968518e-03
-1.204133301905621067e-01
-4.774971973438724149e-02
-2.088962730123711253e-03
-5.067115479761241659e-03
-3.928394523676104200e-03
4.716126360483130497e-03
-3.916216998835153618e-03
1.299377831445625020e-03
-3.703972865331195408e-03
3.393931959460516623e-02
2.572278742693612230e-03
-1.287799442109438530e-02
3.775968454648115369e-02
1.852177473274085884e-02
-1.505076042744235565e-02
5.247652804921898451e-03
9.830897639648839004e-04
3.242898845112307527e-02
-1.230300152270835667e-02
-3.533303036282120502e-02
2.744124373883316537e-02
1.967844564028098375e-04
-8.823312787543002855e-03
-7.017517803893369432e-03
-1.658237875759027702e-03
4.715490538780287011e-03
-6.878925229472088176e-03
3.070278685482819014e-03
9.367945030440694154e-04
-6.057592355379171067e-03
7.669082550426864486e-03
4.977128423233168064e-03
-5.543610297934264963e-03
-4.816332209802709485e-04
5.664032453367440212e-04
4.430441725179612433e-02
-1.810465840944175397e-02
-1.007513530320025552e-02
-4.536656677041683849e-02
1.456469789147618599e-02
5.891491226059031305e-03
-1.607175604476651642e-03
3.023392585664197441e-03
4.202210702869635384e-03
-7.892211106401703091e-03
-2.367572229922210170e-02
-1.066977493209719796e-03
5.740483526386341850e-03
3.195569294319966502e-03
-9.799272183927953961e-03
-2.355334261754649106e-02
-9.436472640269144563e-03
-8.531064603901583610e-02
-3.342117896023566459e-03
-4.616613605208641502e-02
3.118134887616363926e-03
9.569844268568772350e-04
1.645954447897679529e-02
1.186646652442213679e-02
1.352532683436713512e-02
5.996696723872929624e-03
8.174046052504380100e-03
2.691060810775525169e-04
4.465109192444671748e-02
2.881144836418769728e-03
3.409051252307193636e-02
1.369173009562629773e-03
2.465622851156368256e-03
5.555170949961052429e-03
7.589877903205533016e-03
2.270399563177605273e-02
1.711553219678307869e-03
4.649245014931580045e-05
-4.586611298005749404e-03
-2.012260492947071100e-02
-2.523304527527159280e-02
-3.450618466237287407e-03
-2.186297851120855285e-02
5.629819312385819785e-03
-1.607348418451692851e-02
-5.822771613280508518e-02
-1.838853612320789921e-02
1.344190302195258369e-02
4.049419301976442398e-03
6.832039378194210144e-03
-7.369756912298797147e-04
6.495830001592040048e-03
1.674178712423923798e-03
-5.028330504572409154e-03
2.880602875146465180e-03
5.191437991321912193e-02
-9.514445420656159058e-03
3.182993915393339535e-03
-1.156342583229097443e-02
1.784191353117137169e-03
9.918658478014208413e-05
1.132654285819256756e-02
1.168845168007059954e-02
2.325191322688269224e-03
-1.133301733353953011e-02
6.026863758029854523e-02
3.007855962202654609e-03
6.763614175156362762e-03
-5.006128482223815013e-03
-3.473380428289374322e-04
-8.584909148776631582e-04
1.874022960066668020e-03
9.276427860266167613e-03
-1.632995746371435075e-03
1.898267002102826950e-03
1.125087493392129545e-06
-1.335284007655701544e-03
3.771962443165577383e-02
-1.307799921269392485e-03
-5.438585930649608713e-03
1.914344425835246000e-02
-2.306861567531015567e-03
-2.473727783153556459e-02
-4.318748333006361406e-02
-5.215386069661320789e-04
-4.870751834518571854e-03
8.837523927176960115e-03
-1.270614078431364646e-02
-2.478322242020425392e-02
-3.068292113358417339e-02
5.318358970846759348e-03
-6.856214083866873921e-02
-1.634587628953987348e-02
9.620666494599916518e-03
-4.588177331388720859e-03
1.689472785848522562e-05
-1.600057663007525832e-02
2.699072339549246635e-04
2.149636088123685340e-03
-2.668380546655413355e-04
2.909903487443976644e-02
-2.549369737867124286e-03
-3.278234206341323898e-03
1.161175130928526755e-02
-1.821782724077181115e-02
1.014345730117938160e-03
5.987533707951797624e-04
9.020475897447255420e-03
6.059937558219985476e-03
-1.625824391428665194e-03
-1.022362094932560694e-03
-7.372276076742068085e-03
-1.033206194914981779e-03
7.908972155680871197e-03
-4.066892996055671006e-03
4.361681344814627437e-03
3.255238663312454150e-02
-1.217264506292181636e-02
2.425627750879399969e-03
1.887965249940748436e-02
-7.643467044822216394e-03
-5.368815538897564466e-03
7.378144064279723580e-03
-9.952277968087841487e-03
2.734145564320122901e-02
-2.943174282298954836e-03
-7.086808791928689288e-03
-5.861516523843590676e-03
-3.963540411389132601e-03
-1.123747455349821678e-02
-7.024952459831368401e-03
-1.555252147189278844e-01
-7.126584743097907904e-04
-9.551143503347958585e-04
4.966093644017277597e-02
-4.840886191189497367e-03
4.445292765225516973e-02
-1.676353204988600964e-02
-1.559448965311105439e-02
1.646692897152668422e-02
4.314559025726083519e-03
-2.789086575638854981e-02
8.091858384307926144e-03
8.039404409027284260e-03
-1.524917639580358752e-02
8.392345990969829472e-03
-2.931661560500664621e-02
-5.849118758531446360e-03
-5.000806881181318886e-03
4.988572883503294975e-03
3.187780157012909399e-02
1.791618239174219696e-02
-2.008562828191173821e-03
2.450234329788969490e-02
-9.488119829814678496e-04
-2.118949959607618894e-02
5.949680435053394945e-03
-1.786493803455968532e-02
7.953162389958023937e-03
2.723386762596824440e-02
-3.375496183659265625e-02
-9.409761112515013792e-03
-1.473543610705618789e-03
2.665751221424983441e-03
4.311886228865802195e-03
2.113059190524069209e-03
-9.502925898829062135e-03
-1.533657087668771624e-02
-1.120844577937774034e-02
3.892872782389478203e-02
-1.280851741169897196e-02
-2.990113924438020376e-02
-3.613158174218256136e-02
3.870763901916163263e-02
-9.389084819812154592e-03
-5.318935582636186155e-03
-4.082244948841307064e-02
5.015426215728702175e-02
-2.843252749748614860e-03
7.340081963778999352e-03
1.618850631497181780e-02
-4.701862144272617172e-02
4.204387954713340037e-03
3.400943948840051689e-03
9.276511268445908343e-02
3.644726386660579465e-03
-6.677436851965978803e-03
-2.421827056831915570e-03
7.309604671572600409e-04
-1.387904246970173006e-02
9.298434804904331941e-03
-1.284998408011617244e-02
1.666199872847684560e-02
4.793094090887350944e-03
-2.166608498654909454e-03
-1.706715790286494894e-02
-8.271947868742302035e-03
-2.489134338944154479e-03
-4.625283888893605422e-02
3.390900011213560106e-03
-1.615088273915610273e-02
1.315473241080766797e-02
6.685990007932574031e-03
7.855276433682334414e-03
5.756723659526308268e-02
9.924830108943183404e-03
-3.411731380646543244e-03
-1.240205996131393817e-03
-1.796229782412339659e-02
9.466427449941861028e-03
1.279115145830189704e-02
9.492935293993198798e-03
-4.238319621414632365e-04
-7.975627568029608483e-03
-1.897564102433690891e-03
-5.178256254243507328e-04
7.857883447979219227e-04
8.424635052682205583e-03
-6.978788793071899477e-03
1.885442625757072221e-02
-5.345871733151597027e-03
3.032222156690522752e-03
-1.669556958326445795e-02
6.178760946175643198e-03
6.423342531227937968e-02
2.583600040180122903e-02
-7.579394444316989166e-03
-1.070449122271455167e-02
-1.892043377011987104e-03
-8.361621075263059311e-03
1.138394221118943506e-03
-1.786917502446527806e-03
-1.323346408558023768e-03
4.475903300936501239e-03
1.043621506307523816e-02
-2.017542355724266656e-03
2.238094873310814137e-02
-2.196078492973185803e-02
-1.861927987146749786e-02
1.750426822646033997e-03
6.944431820643970354e-03
-4.388432184547852444e-02
-9.081212474519873012e-04
7.203711206168605941e-02
-3.740424524341534607e-03
4.385914098923748838e-03
-5.694667917484963482e-03
-1.748322084198505877e-03
-1.268349709313554285e-03
1.692240652191756567e-03
-1.387553179394274139e-02
4.984817951594777696e-03
3.386485712965736639e-03
7.542546988227982752e-03
2.195267762828123637e-02
-2.095127075574687581e-02
2.607431375789559524e-03
1.555501881526666352e-02
1.285699187261712950e-02
-2.757403816069370350e-04
3.406593364122301182e-03
-3.776947103302674691e-02
-6.333017350817371494e-03
1.900402467940232043e-02
-5.547502891438682582e-04
-6.905405856183932656e-03
3.121683901461835831e-03
1.108436092590814326e-03
8.279718546924996758e-03
3.988572839718429464e-02
2.868463731903325709e-02
-7.653989632803259724e-02
-4.393253729236690219e-02
2.466560103168280449e-02
-4.199512132158744748e-03
-2.348088864374986429e-03
3.248221952327590145e-02
-8.775426689400234181e-04
1.723452765981647872e-02
-5.201647295672273685e-02
5.555160719090679322e-04
6.269716482940168589e-03
1.848551562190436925e-03
-2.044227812014831613e-02
3.319582882551941339e-02
1.512569353142367845e-03
1.239252705658344667e-02
8.634748195987640429e-03
1.363476995048884532e-02
-1.243424066778686665e-03
-1.519649974788706004e-03
-5.062161610034365822e-04
-4.385659747395642682e-02
3.666273574150835657e-03
-1.693714363788778599e-02
1.771876455424248320e-02
2.631633021347745682e-02
2.947909164642936730e-03
-1.355167291690051456e-03
3.577682979193141932e-03
2.570543631169641685e-02
-1.850301123027442429e-02
-1.809245037701145975e-02
5.968091070297631973e-02
-4.829788465086082283e-03
-8.844747950877973608e-04
2.311554856664521651e-02
-6.094640325832934025e-02
-1.236735419647416734e-03
1.337107169927520545e-04
7.846274912591155726e-03
-7.546227134820782112e-03
1.258644968243594064e-02
3.888901994471893886e-03
-1.764921370453009786e-02
-6.029240780161870816e-03
6.619763233350184350e-02
-3.459960469024991880e-02
-5.497665604387869109e-02
-9.339197253932951526e-03
1.314014696751186762e-03
1.873456122839201043e-02
-1.140534096161616162e-02
-4.256985110966837738e-03
-1.571684865043287971e-02
-2.171377958874405323e-01
-1.900286937871698001e-03
-2.861112417356537208e-03
-2.579391160054989030e-02
1.765415642865164614e-02
4.392342798347215194e-03
-9.979446932348423616e-03
-1.192156924798482009e-02
1.753742384227408024e-02
-1.893573293987316219e-03
-1.084527155223113937e-02
-7.268894057085972804e-03
-3.739904413055938903e-04
-4.969801361269787776e-04
4.558388890198372678e-02
-1.628450191143571146e-02
-2.510050594719537287e-02
-7.020466167340089214e-04
2.814732232986116855e-03
-1.108963962673392700e-02
-1.767426439221608803e-02
1.279953347583173695e-02
-1.581967837754660877e-02
1.911107490053609581e-02
1.719363665768369742e-02
-7.609518755605471085e-02
-2.024283962498429901e-03
3.682930198904088570e-03
-2.052776711077957117e-01
-1.108109979408844481e-02
-9.478664282928761509e-03
3.212439403262656867e-02
8.175340701741973248e-03
-1.088565758184678600e-02
-1.901399767354661208e-02
1.210708265423576790e-02
9.408423488407535729e-03
1.699757341456198390e-02
8.636943106811401094e-03
-1.173280848621160999e-02
-9.845335407840494213e-03
-1.866634860700244758e-02
-2.767787774770269493e-03
-6.650430163174902987e-03
1.785921594230366338e-02
-6.361943743570463994e-03
2.330288730142626719e-03
5.588638768031728432e-03
2.314901949674030845e-02
-5.830321967636109548e-03
-6.264222374507966151e-04
2.531260261722678706e-03
-1.263260915751374114e-02
-1.360957444796362381e-02
-2.372892518723190847e-03
5.614011035964594498e-03
2.903421847075371431e-02
2.054708777659008945e-02
-1.099691052551143855e-02
-3.813798245348110072e-03
-8.461097633957415098e-02
-1.799266994281190080e-02
-3.253027149315101951e-02
2.300468123141996557e-03
-7.023441572190591842e-03
1.819463322760839219e-04
-1.282361792862651839e-02
-7.370334414069645845e-04
5.024238117047019614e-02
1.791159799354957727e-02
-3.460204219063456321e-03
9.664099535955372744e-03
-2.033093230630989012e-02
2.460147173794169362e-02
-7.922811357499170981e-03
-2.570482289492304062e-03
-6.766920407827115014e-03
-4.681797740049731260e-03
-4.336807544438769924e-02
6.924935014733790695e-03
-2.528238802430138321e-03
-7.675581219082516782e-03
-1.511518615873885807e-02
-3.475585016827764662e-03
-1.484478550880297121e-02
-4.206845685445159688e-03
1.958330443374123320e-03
-9.117120917675691771e-03
2.266177191762430709e-02
-6.224691505643420442e-03
-1.887741242294893595e-02
-7.944161975123265051e-03
-3.106495396895780914e-03
2.328429524486175239e-02
2.859793195546878053e-02
1.254295471842823417e-01
-3.262607362090719221e-02
-5.055545705185338079e-02
-4.750772077672493765e-03
-7.795769506294902840e-03
-8.691023104818285105e-03
-1.537639538907953352e-02
6.699584032738492567e-02
7.004598839936626575e-02
-3.219386376688859741e-02
9.260099045705239007e-03
-4.246002980655028125e-02
2.240120282805868612e-02
-8.480283727505977254e-03
1.084200024230597137e-04
-3.842059868459202221e-03
2.533565820844074779e-03
-8.022337552715086417e-03
-2.872083230733579740e-02
1.828370798619971538e-03
-3.220537549126767374e-02
1.812396621220990767e-02
-4.177756680203259521e-03
-2.893926143764602443e-03
-1.629654504002608917e-02
2.531262269971463752e-01
1.305200147029950131e-03
-1.334106424649483813e-02
4.074842883875362531e-02
-1.997614603870800920e-02
3.581574985410540535e-02
1.887684299378022956e-03
-6.417958124178113621e-03
-1.055678548787852833e-03
-8.850681106990165858e-03
2.995211151546328665e-04
1.507404982621807221e-03
-1.015443877817467921e-02
1.851031093345945067e-03
2.275123585178739916e-02
-1.046256319274299074e-01
-1.475037131180378935e-02
-4.618362607658355046e-03
6.076571107855954779e-02
1.200882466385166936e-02
3.168520303272970295e-03
8.589443214422232131e-03
-3.542936986065114979e-03
-2.116352419113454175e-03
5.377430433966878809e-03
5.649231816843069964e-03
-8.251502165572688341e-03
2.160068482313093341e-03
-2.467732303786718262e-03
1.103031937560139397e-02
9.788413558904807132e-03
-1.767189290973902871e-02
2.636003488373184211e-02
-1.342339597133701545e-03
-3.118545046444154423e-03
-3.389232722526003272e-03
-1.528667325199961624e-03
8.588908416396279222e-02
-2.670658598063369027e-03
-4.783306315356838923e-04
-3.955737810242432317e-02
-2.274495708019053097e-02
-3.565073593128076368e-03
1.059540695582583680e-02
8.948066726315317965e-04
-2.464505581952280977e-02
2.954667842018920965e-03
-8.912434723724160790e-03
-1.816577154963638918e-03
2.430160757016963657e-03
1.277564117385487918e-02
3.170014547958288631e-03
-5.540786375002326736e-03
-6.132682214847307023e-03
1.060671148393694807e-01
-1.318949679250991380e-02
1.864672694917857143e-03
-3.244966577016228371e-03
-4.592636470350797140e-03
1.092977138497452927e-02
-1.260911973789191620e-03
2.403395766981120119e-03
1.091488113345562283e-02
-2.060727273325291264e-02
2.483303518223678452e-02
2.000583718862181115e-02
6.507668699411439661e-03
-2.138551849991898735e-03
9.010088861845844121e-03
1.349653476395573648e-02
-1.700851380746826180e-03
-7.097904636349738894e-02
-1.108706545981696934e-02
-1.166326441896163857e-01
-1.652671642078828995e-02
2.958243639753277421e-03
-5.868636257204684625e-04
-3.883047812312057090e-02
1.494413098495961378e-03
3.478404098910559128e-02
-7.460706259934113405e-03
-4.527986155755669984e-03
-3.157499078426262429e-02
7.358597918390330506e-03
-6.155270201109175332e-02
-2.875090563740911875e-03
2.853164408326946955e-03
1.121788978005433535e-02
1.795615137124855210e-01
-2.010638919315965722e-03
-1.660877566884266798e-03
-3.448326997332884503e-03
3.160360377975734991e-03
2.400688035941733744e-03
-8.636537159016910437e-04
1.486010144784088993e-02
5.744371882906484927e-02
-4.580725583744893470e-03
-2.653502185736122954e-02
-1.692872523826594033e-02
7.523023333997436168e-02
-7.572914221970705739e-03
5.008266985694653783e-02
4.334738136422267019e-02
2.452598832282149033e-02
-1.250286749977291834e-03
-4.349170471471985877e-02
-9.917221295365763467e-03
-4.870199842198097429e-02
-4.553061097508859234e-03
-6.484398680701275453e-03
-2.223793442370336493e-03
8.582598510579764195e-02
-2.116009839657095881e-03
-4.801445938596948793e-02
-3.726128670969330869e-03
-1.558174116483357352e-02
-4.624947240019317007e-02
1.065500717711387324e-03
-1.374754244784170965e-03
3.717961402688096939e-03
1.437726740203260078e-04
2.391978815765583022e-04
-2.371103723167067301e-03
-1.568506955461401731e-02
8.691300714183114451e-04
2.967941488793535143e-02
1.956330923360916074e-02
9.488762776417303257e-04
-1.817781254250405709e-02
1.642769339575700371e-02
2.150149863062722488e-03
-2.526328621392792684e-04
3.483311345462425379e-04
-3.059868113931507594e-02
-3.944406597454985786e-03
-4.288551480341240563e-03
-2.138484528815443042e-02
-5.430155840002726109e-04
-9.702883992410704650e-03
5.627076442346279350e-03
1.303028873590328374e-02
-1.325525275442878126e-01
-1.163672649065894404e-02
-1.636347642599176311e-01
-8.874318512146217586e-02
-5.823043397509053420e-03
-4.299046131565553708e-02
-1.453141639263577645e-03
-1.377101578664152726e-02
1.512121555001044726e-02
3.750426860357158887e-02
-3.006868224060710304e-03
-4.291675617711376844e-04
9.474669178757721966e-03
1.002527910104156206e-02
7.244529027339297045e-05
2.266732523868419946e-02
-2.471896141262686086e-02
-1.189215318564151858e-02
1.187092786590682181e-03
8.672780125099421866e-03
-7.351835243030180322e-03
2.911897684377073858e-02
-4.089368966702977559e-03
-9.363881773060356295e-02
-6.935214264515821014e-03
6.125065462125611759e-02
-6.661889656767172596e-03
-9.612051668143450911e-02
2.497218670995948742e-04
7.197733070994516424e-02
1.308037353502378153e-02
2.130672585864701318e-02
3.130593660397451572e-02
-2.065985022199079424e-02
-6.048958583990682314e-03
2.681593717682062561e-03
7.967989279070053499e-03
-9.142664280306966873e-03
6.564990615036059296e-02
-9.188938314667538521e-02
1.242655818848170668e-02
1.021855825389295092e-02
3.095059275682032762e-02
-2.353557645050941005e-02
-3.307421463162540931e-03
-1.346727292534843912e-02
-4.844930935039570841e-04
8.821753091734052532e-03
-2.862820686095446376e-03
-4.069191750630807292e-04
4.379007673339430085e-03
-2.346498880847036617e-03
9.276646067360161396e-02
6.522357778173670795e-04
-6.670806144175145391e-03
9.693380016445374281e-03
-4.562519543943821532e-03
1.087124352167503361e-01
6.828774061472664414e-02
-9.493524576782874647e-03
-3.461623064234586877e-03
-7.838725508630517425e-03
-3.894110251446036841e-03
3.303564759413291085e-02
-8.709942453101859883e-03
4.415281231640477699e-03
-4.391810551653030359e-02
-1.148783693629695790e-04
-6.494465724411924157e-03
3.479879453154488544e-02
-1.494445686045153820e-02
1.574382034572430200e-02
-3.928389789185970926e-03
1.945986565090684905e-02
1.441452247638252970e-03
-5.164683889693186813e-01
1.731318582112404414e-01
-1.708412971016315396e-03
-1.051197602017239774e-02
-5.305837834885807069e-03
8.582293016621278525e-03
1.178947891204931153e-01
-2.900292160854078816e-03
2.799830586685203571e-01
-4.644913870287759039e-02
-1.071706095511970602e-02
-2.157747909819818233e-03
-1.335920687484026814e-02
2.956354577155195784e-02
1.801788688295857810e-02
1.406763478627190977e-01
1.092799187660098426e-02
-2.723458923358812456e-02
-6.272935459978690176e-02
-3.523196242605663997e-03
-3.798587905130546005e-04
-1.409297970667111599e-02
1.164449085564456254e-02
1.221304645316223514e-03
3.740961090333172478e-02
6.309105171057538541e-02
1.702822385201585575e-03
-1.160532726986396312e-02
-3.127521610798211782e-03
-3.221881465366394082e-03
-1.023285042739630057e-02
1.220530051348589495e-02
1.740668480333695811e-02
-1.814717537099319600e-02
1.169350264103030668e-04
1.703249629079195415e-03
-3.240213683544546086e-02
-7.533574405069742852e-04
-1.531670519325345481e-03
-6.189960799822102899e-02
-1.355129753816797233e-03
-8.621677620162415678e-03
5.785257104087015989e-02
1.376097719214932624e-01
-5.403969918094553293e-02
-3.086978457736400117e-02
8.721922070598964183e-03
-9.031674337066775138e-02
-3.447663186607030639e-02
-1.316351963053463692e-03
6.214943241572967736e-02
9.225805101301887134e-03
-2.524058745598090070e-02
7.353254437707335001e-02
-5.507325416786557071e-03
1.197202157647083709e-01
1.460657964488198957e-02
-4.000678506237420606e-03
-1.333713613403908482e-02
-1.261672818303694044e-02
1.924826486804143144e-02
4.303641574074390519e-02
-6.645122998111929746e-03
2.303326729055754640e-02
-4.729862666708939400e-03
-2.712642260022768426e-02
-3.268330105264283247e-03
-4.133487880594088892e-03
-1.521383073309756639e-02
-3.138131504176300268e-03
-6.732395442728389412e-02
8.078312088664851842e-02
-1.663111814119133669e-02
-6.453739854229922912e-03
-1.027535721883054975e-02
1.786877338466297260e-02
-1.101517722982592318e-02
4.217806694399506284e-02
1.336298836310767513e-02
-1.224647442681003895e-02
2.938865402892787415e-04
3.820534898292571313e-02
4.850880334335982980e-02
1.071005577933270558e-02
4.096829231414744754e-05
2.020544471244640761e-01
1.782315105289971058e-01
-1.075315958646640979e-01
-7.466216167719963437e-02
8.169297814655251955e-03
1.290093189737362422e-02
6.490920478571560182e-02
1.254282321804467415e-02
-9.382817989714098417e-02
-1.344852420505642243e-01
9.542000802012395866e-03
-2.069694861442350486e-02
3.812477387004875595e-02
1.983750492671099153e-02
3.665110598344512027e-03
-1.220360257893418066e-01
3.217789446053487268e-02
-1.943067306802959138e-02
-4.315892522594317882e-01
3.446103963538327264e-02
1.200584907114077282e-02
1.570188440206941038e-01
-4.900393273407743777e-03
6.716457744561310506e-03
-1.844190660459510411e-02
1.765670242085519703e-01
-1.830777255631765854e-02
-1.146779802101782764e-02
4.782246804263223794e-02
7.117060521809825957e-02
4.515247322038895561e-02
-1.084273102257604648e-02
3.769403549797623043e-02
3.769977378464517415e-03
-1.690877327681228337e-01
6.050785478211295754e-02
7.336296453281931917e-04
-1.433980611584750875e-02
6.997884350395722208e-03
-1.101668956552970258e-02
-4.184553824183367965e-02
-9.645230647326030748e-04
-4.451283886060153350e-02
-4.399306002530956050e-02
3.558079081977183478e-02
-6.392718270778630085e-02
1.245853081489229908e-01
8.380202787687807131e-03
2.001598795597647751e-01
7.779258748685968783e-02
-1.962842728022629046e-02
-1.477517476941336838e-02
2.373221763129151896e-02
-2.538773788064041526e-02
1.598411821760237217e-03
3.645605722879530219e-02
-5.067878829969174603e-02
-1.528197001578135428e-03
-1.963983128085544649e-03
1.273761237168216098e-01
-1.675032513505847476e-02
5.786079455997850118e-03
7.973821081601961680e-02
-2.851314864517817682e-02
-2.605701066063659255e-02
1.863775699959724363e-02
8.524883172734476489e-03
-5.343904018928924415e-02
-4.584089142913612136e-01
2.080083646341801540e-01
6.955468966688194143e-03
-5.644059447454914391e-01
1.650167293297322146e-02
2.658227841981286588e-02
1.708709444675804434e-02
-2.403664401006544438e-02
-3.140604607074521937e-01
3.049003056328203343e-02
5.455864525073295113e-02
-1.598116641844882224e-01
2.885318653351731655e-03
-2.748251765824960557e-02
1.104778795569671956e-02
-2.294175104673570331e-01
-2.060011066817803993e-01
1.483921894963913246e-02
-1.350471130301578171e-02
2.540354617839888363e-01
-1.580871841696307456e-03
8.131790438688035749e-02
-2.359357531107164618e-03
7.796044452514294676e-02
-3.088119564735052336e-01
-5.760394146851410824e-02
-2.007081659369660542e-01
1.863059354201190843e-02
6.468165361709168337e-01
-5.131663825955001812e-02
-5.388272948143821850e-01
3.930921845271839743e-01
6.855668953306803814e-03
-8.917250819084898694e-03
-2.637311168500673375e-01
1.114071437871260173e+00
7.875865515904934000e-02
5.539745395594763977e-02
1.409850562730525780e-01
4.741456784771003186e-03
2.342564419814152643e-02
-1.830027619094067859e-01
4.745551895666721975e-02
1.940527840580585917e-01
7.928206307294090038e-01
8.288597751538873126e-02
-3.429675587074143550e-02
1.105733081153630337e-01
2.715997148259248206e-01
8.675081894554068640e-01
5.885131476892979663e-02
6.073123216515341483e-02
-9.651241312894853763e-02
1.053623860203742879e-01
2.543281448085281227e+00
-4.058821906944558577e-01
-1.640747961869237770e-01
1.879511937829647650e-02
-7.284469840448082323e-02
1.104406244621713995e-01
-6.425807118750981317e-02
-2.430587606859262451e-01
3.208975161010130250e-01
1.391072629453447007e-01
4.618634520466002868e-02
5.794342059859332039e-01
5.810625617977507318e-01
1.410695214247539298e-01
-1.383713169798284071e-01
-1.136775988857152697e-01
3.817161910302502292e-01
-2.636308944016718669e-01
-3.477326649144742987e-01
-2.762428870191797614e-01
-1.427771324820241716e+00
-5.021540407906286418e-01
9.063373325443535578e-02
