3.839202209505288010e-03
-1.747621680595479177e-02
-5.816498282198878655e-03
-2.578997865429144554e-03
-4.213448249234730270e-02
6.654047341204183397e-02
-3.456044843100514186e-02
-5.518496838171316199e-02
-9.342376560091736337e-03
-1.015115512844033674e-02
1.314154923719001999e-03
1.862296650189776415e-02
-1.196530214891566857e-02
-1.415092972733233978e-03
-1.579443854832618399e-02
-2.467117313022626490e-01
-1.491510982040367139e-03
-2.856902556800378079e-03
-7.545792762531533526e-03
-2.610230078863828851e-02
1.763333197631844484e-02
4.827233521940144101e-03
-1.052923873344724370e-02
-1.184083187607143373e-02
1.676562916929569269e-02
-2.142527877362354616e-03
4.449119387636280010e-02
-1.077739156347945482e-02
-7.169635423171172306e-03
3.242684622861702337e-05
-4.827516867269565637e-04
4.513697490498813636e-02
-1.668782582426509009e-02
-1.179368051585072408e-02
-2.409533594395085743e-02
-7.917061000561886885e-04
3.070264287600821262e-03
-1.115087387143809394e-02
-1.765614302194329355e-02
1.285282702726497917e-02
-1.601791844618993821e-02
1.930676217485327584e-02
1.763276211186592946e-02
-7.601230733033048637e-02
-2.066833035703652399e-03
3.418618317571286980e-03
-2.033448230268604107e-01
1.001726740714303787e-03
-1.114538789194519097e-02
-9.480882345101804276e-03
