2.267399919367107941e-02
8.154137152826024248e-02
-2.062680259842863961e-02
-8.497415555171983215e-02
3.876852001894803834e-03
-6.786765363415270258e-03
8.076082824459263065e-03
3.284719839683702958e-03
-4.568838428212984581e-03
-1.645536894062615829e-02
1.263706106266226925e-02
1.960236118520697346e-02
3.452540227189615507e-02
-4.315065900158288059e-03
1.711415526852988478e-02
-8.276846149925631835e-03
-3.222101746871430805e-03
2.078001054030664818e-02
9.256419458026243774e-02
1.802268261343442646e-02
1.449171848699393195e-02
-2.943239447830592326e-03
1.030634433072918910e-02
-5.414717630574727991e-02
7.956517530857354359e-03
-2.195028946402999281e-02
1.516222023150248788e-02
1.419057950613478170e-03
-6.411480707527061895e-03
-1.327733521075629142e-01
1.354885282893292242e-03
1.527367039121543257e-01
8.549025978169311202e-03
7.839123747430676303e-03
-7.176234240773737838e-03
-2.891404033227331638e-01
-1.502725268034055262e-02
-7.484867036953346542e-02
-9.651697839444750571e-03
-1.596776875061323153e-02
2.786172147654042419e-02
1.888014158930673148e-02
4.314077366984747641e-05
2.137870971665734032e-03
-5.984767551942127284e-02
8.894591956902786478e-04
2.761923541106625635e-02
-2.431282662544731465e-02
4.785549989023252238e-02
-8.866072096270727343e-02
