4.688074506340456082e-03
1.208882928468568707e-02
-5.742331041943771197e-02
-7.803968536282468449e-02
-1.363994458954920219e-02
-1.175879387965039768e-02
2.956359281341747192e-03
5.535813833793667982e-02
2.248075716465791629e-03
-2.641721574050848176e-03
9.173397121758597450e-02
1.524703742617816715e-03
7.305649440695560770e-03
2.305541224174589843e-04
7.085086423131770061e-03
-1.229916266905917155e-02
-2.506143197436472292e-03
-1.861640986582813184e-03
-5.798428179502934654e-03
-1.995648598646937444e-02
-3.462880313239935504e-02
4.948904335769555018e-03
-1.201412274208024655e-02
8.681833348381218229e-02
7.607791187061252458e-02
4.214654803931239258e-04
1.004243791555197163e-01
3.944329256583500865e-03
5.126054001777902158e-03
7.300285523756855355e-02
-7.439373987004671562e-03
1.001091137841925161e-01
-2.850024663882777531e-02
8.952382381863799310e-04
2.621906487915026673e-02
3.962515651030429353e-02
-1.120013318275425718e-02
-2.475981710325925178e-02
-1.001426176809303570e-01
-9.472418891384393191e-03
-1.019142758992188647e-01
5.283444310109075559e-04
-9.714938914569870576e-03
3.868009777676206795e-03
-5.200503992305982592e-03
1.501813275200447606e-02
1.160833690510045813e-01
4.675773400371951993e-03
-1.902893542924033454e-02
6.414894825525152555e-03
