6.609162392962986132e-02
-3.002987414015834133e-02
-4.053384227564293951e-03
-4.174026267399710832e-03
-3.595406704576298296e-02
-5.330547929922602179e-04
-9.655608430094275718e-03
5.872474932393956237e-03
-5.334844174551989227e-03
-2.132308535388105497e-02
-1.314840796092386910e-01
-1.091096793454227054e-02
-5.517603837878581885e-03
-1.641684104095926244e-01
-9.503727370498005200e-02
-5.515634016527215522e-03
-4.032490941757593816e-02
-2.107053026099592330e-03
-1.382156640429776928e-02
1.204458748136794100e-01
1.559289327049562246e-02
3.802722870397623467e-02
-3.030795169234323794e-03
-7.240202939087225786e-04
-8.125261991379417736e-03
4.574438823896187500e-03
4.549822519273050148e-05
2.153885870534288927e-02
-2.461719788060445779e-02
2.969069295119197704e-03
1.222308706932295763e-03
9.063793366969719045e-03
-7.387789826996282727e-03
2.926550907549341218e-02
-4.073911641887306700e-03
-9.259929900185248641e-02
-1.243564521624485053e-01
-6.919269149145534925e-03
5.950312439881599857e-02
-7.078838179271684794e-03
-1.083393469986759783e-01
2.994449717945713019e-04
7.175962938363156240e-02
1.721950060445376351e-02
2.270889060453740171e-02
3.924485684079748182e-02
-1.994443268183765383e-02
-5.854780912020629557e-03
7.687725888239071992e-05
8.576909754658856855e-03
