-3.345042257816288611e-04
1.629053253800272216e-02
3.619928313893794325e-02
-9.031002313736991027e-03
1.734181484176389176e-02
1.275587245981668616e-02
-3.598903290141919342e-02
-6.510427520677097846e-03
-5.987853072010551614e-03
-6.033223165692547241e-03
-9.122419999272324276e-04
-2.033513934662778411e-04
-2.481021700887708903e-03
-3.710342019637202782e-02
7.309209714314590656e-04
3.903086013092860185e-03
-1.543489884436510806e-02
-5.017171982395041141e-03
-2.810998152897425939e-03
1.325730866657437446e-03
1.398022515278540823e-02
1.658886459599884233e-03
2.702485371743890141e-03
3.135073511202790542e-03
4.355699010728741882e-03
2.967397585891262679e-04
6.566253753662820714e-03
-6.019999260047370626e-04
2.400135476463916007e-02
-2.271331471145998648e-03
1.108596103243542075e-03
6.360619485795027117e-03
-1.061201564267477693e-03
-1.163592183152317716e-02
-8.908505347243078631e-03
-3.993166590046115516e-03
5.763738052001698975e-03
-8.801371873019547820e-04
2.065762714928531807e-03
-7.733970368040132826e-04
2.034636590758509556e-02
9.430879696008531710e-04
-2.822617855724018909e-03
-4.964127137121465694e-03
-1.766243149429413961e-03
-9.557136277216216058e-04
7.326906752213702134e-03
2.178013196125760942e-04
-2.555593884980034147e-02
3.021077345673361947e-03
