1.314189029203660652e-03
-1.311103018176673629e-02
4.087379025037840563e-02
-1.989759250840350546e-02
2.853051651372773279e-02
1.866268382777036550e-03
-6.640965347127547602e-03
-1.060954643850919865e-03
-8.767832548443266205e-03
3.094677266481937750e-04
1.344378467853957204e-03
-1.000237146983451453e-02
1.821229213885722231e-03
2.308566589472071939e-02
-1.052851045071747649e-01
2.857323791003452129e-03
-4.636569562435965963e-03
6.194782767029849424e-02
2.357102877141059594e-02
1.138175071642777425e-02
7.967845361953607153e-04
8.216370739512868226e-03
-3.544348260504648351e-03
9.719181218226680130e-03
-1.255644142197809288e-03
5.324776578495615809e-03
5.571913996639921152e-03
-8.418061641284779739e-03
4.677338559679000696e-03
-2.454767491352427555e-03
1.104102424493724754e-02
1.013185428818985656e-02
-1.782045905188844870e-02
2.643699728429105278e-02
-1.048557458478267534e-01
-1.346722505561004368e-03
-3.102469393486018134e-03
-3.569264897876678333e-03
-1.506772085447138920e-03
8.490152161244424178e-02
-2.754639381645773710e-03
3.807133085905078929e-02
2.051593974865539849e-04
-3.985822308569986205e-02
-2.710104028487236860e-02
-3.538045420430790955e-03
1.065983256339109175e-02
8.629362672110119092e-04
-2.485490611170249053e-02
2.968839825608249328e-03
