-5.033298192635982105e-04
-1.502997166085151548e-03
2.872396877506844248e-04
-6.388143888523600822e-03
-5.420080963581597189e-03
-2.295487040518295885e-02
9.661079784615722588e-03
1.786973438893113553e-04
8.249981480190626826e-05
6.092561945656882472e-03
3.089335949222160593e-02
8.501071710398377945e-05
-1.307428202570370956e-02
-2.152974975592947260e-02
-2.660587851540441306e-03
-1.455309033781482242e-02
2.264011117461883771e-03
-6.497408776484192572e-03
2.507539789618817849e-03
5.566156677941691555e-03
3.050644188757445363e-03
1.770339856452807226e-03
6.499527078173983341e-02
1.065224249717644511e-02
-8.093937667926098811e-03
3.760241325851509941e-03
-1.682764470517561506e-02
-2.530765280134517070e-03
-2.512165265708077300e-03
8.494471793850877361e-03
3.420776738984443455e-03
6.440797043442358927e-03
-1.256611922098826994e-02
-2.131368354337581650e-03
-6.181183303016979380e-03
-1.956769938438895906e-02
7.087138992202923760e-03
2.704039325904084023e-02
2.273944585844134281e-02
-3.741629908729393605e-03
6.021565034863840538e-04
-6.959282827111579195e-02
4.336939861523170237e-02
3.967383349733566433e-03
-3.512270593481581216e-03
3.268901434635118619e-02
9.326331494250439391e-04
-2.969714483892182955e-02
1.911700862963527925e-02
-1.261946518904366599e-02
