-1.907002718070316405e-03
1.375546336532806890e-03
-8.515808350051656817e-02
-5.110458895272529389e-02
-2.648295037766956739e-02
-2.271081336141378415e-02
3.630798809126645210e-04
-3.270367542342000888e-03
9.363265985982138773e-03
-1.067921668945359670e-02
-2.990617941590301143e-02
1.853283096679092523e-03
1.533627417421712380e-02
1.143163526330681634e-02
7.711462446457062470e-02
1.700851959284932491e-03
1.946019585346903114e-03
8.201450052068537389e-02
-2.409490884143394851e-02
1.019866274873493239e-03
3.855046840428144606e-03
7.554695140640887985e-03
-4.983554169372439446e-02
2.906171053936645876e-03
-2.623238579786857372e-03
-5.733103049993815148e-02
4.375632215726454888e-03
4.105416555745478036e-03
4.362151069092590205e-02
4.523175305001814195e-02
7.438347936130185190e-02
1.048534730752237465e-02
-4.970332024214485500e-04
9.554150965925600758e-03
-9.859202422461521564e-03
-3.294054138085300565e-02
-2.371608426150828564e-02
-1.137929563627437801e-02
-2.120157795633730302e-01
-1.634291537180843079e-02
2.765175173095713035e-02
2.394466784906512657e-03
-7.181756365284286403e-03
-2.714873268523376737e-02
2.344090845511459520e-02
-3.180446324989816276e-03
1.043316669159821686e-02
-2.896824827817567893e-02
-1.603572623604065939e-02
2.394688546186785061e-02
3.168697416199961481e-03
5.876055151929904241e-03
-4.307387627761727344e-03
2.071184985636165266e-01
2.929617711218668319e-02
3.611677778110333747e-03
-9.471276401001205159e-03
5.823198412429064774e-04
9.441757392778526992e-04
-2.897770450147163501e-02
-7.153127767978162410e-03
1.194690476083337671e-03
2.481421376903369946e-02
3.296171506946166119e-03
8.416767870207308988e-02
5.820937441825435599e-02
-3.236767921350747201e-04
7.308530744865038287e-05
2.315102973844318512e-02
-7.201922826327233906e-02
2.135712656165367207e-02
-3.826787053569091768e-03
-3.612959124069448080e-03
2.709337122861654734e-02
1.689472646012291079e-02
-3.832330327639965617e-03
-2.331690934909147472e-03
-3.831383623534634353e-03
-9.982428634316420357e-03
-5.429556666150858746e-02
2.253671846021632064e-02
3.876190687378766597e-03
-3.696450601716350093e-01
1.795378351437761921e-01
-7.079239540260573449e-03
3.838898605116014551e-02
5.904151488778097701e-05
7.675241926577314189e-03
-6.124848554804884770e-04
1.840812557726678733e-02
-8.440546395775072597e-03
-2.977768537235192525e-03
-3.893760616023200782e-03
-4.791170628905661033e-02
-3.347419897072256845e-02
7.279265100835630165e-02
1.919572369757815977e-03
-2.577028558988558871e-03
1.769711490808845156e-03
1.946384127691658250e-03
1.445324869244757338e-02
-2.424554029551018175e-02
-8.350580017325626159e-02
-4.376824684101165985e-03
-2.071133605581110260e-02
-9.332804055878796134e-02
2.476562859399678018e-03
4.641097204640232121e-03
1.211298299925545052e-02
-3.778553519993010923e-04
1.386028591966237400e-03
1.488690121647096021e-03
1.581243650434771553e-04
3.215541651184139482e-02
-1.086940521599899512e-02
-1.668095287030268992e-02
3.440555109591514338e-02
8.315894809322799119e-02
5.989371635791940207e-03
-3.060304214324105487e-02
1.086097419610183579e-01
2.878775603163319374e-02
3.748665429409925309e-02
-4.593524571987472882e-04
2.736162899452665442e-03
-3.939748869234449558e-02
-1.774736656592779127e-02
1.138702442872840948e-03
2.580503217075147404e-03
-9.954615656013743319e-03
-2.594761967415593062e-03
-3.076966119749613426e-03
-1.350543765211398295e-02
-8.923084153266813701e-03
-2.786815256996533208e-02
2.207689399966739074e-03
-7.370957646031683907e-03
4.547076351187229193e-03
-4.223237772720267458e-04
-5.498654212772180472e-03
-1.721219671837559417e-02
-2.496203941964836304e-02
4.933428499879255469e-02
2.469775589717926323e-02
1.186133776651843164e-02
9.175175465360041471e-02
-3.044258307042468914e-03
-1.258185095881003690e-02
-1.798781028981011332e-02
-3.346010313890701582e-03
-2.031516376800368562e-02
4.052305730594696342e-02
8.154755793867707325e-03
-3.565043573543391631e-02
-4.675536854676920484e-04
6.647357028509759402e-02
-6.365276185070456449e-02
1.348647069825403833e-02
5.197123987045415561e-03
6.604049211716755963e-03
-1.601169053373041606e-02
-2.587651404854796056e-02
-1.443448108906864036e-01
2.377340683710826852e-02
-1.338590413436691051e-02
3.062568526814857250e-03
2.581287744050086985e-04
4.250260752144185972e-02
1.195046827767498598e-02
-2.304905828214032226e-02
4.818088428720557204e-02
-6.983004523213764969e-02
-6.292987080389877974e-02
5.116146406724908502e-02
4.120846945355083335e-02
6.858571168351090819e-04
-1.600208249774937030e-02
-1.702431228167711197e-03
4.312314509110137806e-02
1.226065257557706900e-02
-4.403563978740976381e-04
-2.567893461905157437e-02
2.060673302299278475e-01
-1.773192177458327023e-02
-4.782362477774881881e-02
-6.494110098898886463e-03
1.176154137169760361e-03
8.818119054438966486e-04
4.371112775430674446e-03
8.938009929693180311e-04
9.118984632920046352e-03
9.295009265161979783e-02
-9.911765470320688109e-04
2.354706373409953812e-03
-2.856418477080069351e-03
-5.784441063170220332e-03
-4.289834879216414265e-04
-8.331298084414129335e-03
-2.096554612606382761e-03
-1.865252845715303920e-02
9.414761654022640869e-02
-5.384858130757663730e-02
5.592019098884293271e-03
-1.654480634891797308e-02
6.935220281314968815e-02
3.977063868546792946e-03
-7.197148367140471237e-03
-9.645772348278569552e-03
-4.610647600998163398e-02
1.519002207240305324e-02
1.260272929164329980e-02
4.320729519933763640e-02
-3.762874139908944926e-03
-1.298286075396504202e-03
3.125875049792625759e-02
3.012908212554066267e-04
9.860798790811031722e-03
-2.126081396028212112e-03
-9.986712898978566955e-03
-1.053387425760377027e-02
3.698073860803674506e-03
-1.037484120192289083e-02
-5.393654949216397654e-03
2.974439715427479314e-02
-4.904699704681547701e-03
6.549276350075672326e-02
5.510267344902786135e-02
1.765222822901080235e-02
2.224872470671357405e-02
-6.636062423510225017e-03
5.219515554435361082e-02
-5.554060049291820178e-03
-5.654764074947138397e-03
4.684686962318096448e-02
4.412879731575003461e-03
-1.556063249523731429e-03
2.177199417162825057e-01
2.617609847177959637e-03
-3.660899532434314096e-03
3.697107693875523182e-02
-5.752896266008633575e-02
-1.080808293254165164e-02
-4.007860493938153468e-02
1.489828340470467083e-02
4.340420252617605001e-03
-8.066595194691217330e-03
3.620965928827502012e-02
-1.601759672985281213e-02
-4.715909885081259745e-02
2.682698570040997765e-03
1.700782263155531382e-02
-5.362444256974185919e-03
-1.313262766046818797e-03
2.536323354401304186e-02
-7.183451740260693441e-02
5.010949206777581821e-03
-1.113046279454010801e-02
-1.314619731716959450e-02
-7.401376753455224389e-02
1.791503020217675157e-01
-1.221384796776305848e-01
-1.899993458270898827e-02
9.703575186621549165e-02
5.090760172777208936e-03
-2.929654757481614524e-02
1.589098894170604126e-02
-4.156564023531927887e-03
2.758736218915629479e-01
1.326670890453129914e-01
8.551062166290535060e-03
-1.158092637625429688e-02
-5.150970521071940311e-03
3.946676751023403540e-02
-5.909554238286318650e-03
8.388433205209366861e-02
-1.029071201301690053e-03
-1.740135370079087807e-02
-1.701615887350271805e-02
-1.365269508582400704e-03
-7.532679264286912257e-02
3.679227586229671942e-02
4.033640055372700317e-02
1.250146702312804337e-02
-8.183364627285527604e-04
-3.008693279436158718e-02
7.706081053086677457e-03
-3.424369645841807142e-03
-1.261475417332746929e-02
-8.530802025759953722e-02
-1.869006352870883347e-01
-7.659546854910104230e-03
2.580666161290423588e-02
-4.472874047806385533e-03
-1.796843627007262967e-01
-4.237366854388824322e-02
3.703628925947555217e-03
3.359637778117985363e-03
1.881845571745088819e-03
-5.672746361626934686e-02
3.378106288693061288e-03
-5.313663390657552554e-02
-3.651836554249143774e-02
-5.108330153726114986e-02
-9.695048310163656424e-03
6.250513706319793528e-03
-1.653357262733834432e-02
2.391712039582216676e-04
1.864542326387663707e-02
8.410247749097266023e-02
1.974359464011854470e-02
-9.808770080894646526e-03
1.271368445458165297e-03
-6.695690922919084187e-02
-9.947119364809964281e-03
-9.848495218790276340e-03
-2.226701870369538483e-01
6.208256276622137193e-03
-3.157889457466467320e-02
1.421109768460837586e-02
6.940285796886769276e-03
8.078704198766217814e-03
-9.215606069687964919e-04
1.062304297796856645e-02
-1.948623627583856432e-03
-1.911574346391375911e-02
1.311480490179093295e-01
3.929408722939342624e-02
1.088346747997093189e-02
-3.521555663616027232e-02
5.637825528708617639e-03
-5.116013242891881418e-02
-5.906003989764485596e-02
7.220407433294440125e-03
-6.589287378830022135e-03
3.002199475943712059e-02
-3.832323979580110063e-03
-5.602590152420816594e-03
-2.402852101798202966e-02
-3.642567208572700110e-03
9.536293321602329343e-02
1.428465097804121342e-02
4.224394751109628032e-02
1.169669243765838473e-01
-7.173076832600600028e-05
1.888482540425684419e-02
-1.405347125535172381e-02
-6.218406029822176606e-02
5.539326265449062703e-03
-6.453293438880791655e-03
-3.717423627065841174e-03
-1.580194031498649565e-02
1.506207974514950365e-02
1.772728186580252441e-02
1.085610152728122557e-03
1.055403287255671785e-01
-2.017298591277949527e-02
-2.680291725118877366e-02
-2.070688605110149183e-02
-1.532206116479244429e-01
2.730014964777183195e-02
-1.063274819692310302e-01
4.790141592934560322e-03
7.707120554812263435e-03
-2.423192068147272948e-02
2.041351141144787107e-03
5.595396989718892655e-03
-1.578649345788107894e-03
-2.621476622948648583e-03
-2.030669601339241126e-03
-1.295530803129736341e-01
1.656424658762034596e-02
-6.430954583410652958e-02
5.329125064605477746e-03
6.511692649979750058e-03
8.197917213948358039e-03
4.094019618605670985e-04
-4.283675726782121274e-03
-4.005396709248998377e-02
-5.290301263983110402e-02
-7.594410927111994170e-03
-6.357705495474874624e-03
-2.234296878438613021e-02
-3.723672927682741829e-02
-1.214674522424274983e-02
2.385235955983944223e-03
-4.224837328536068526e-03
3.832585021118006807e-02
-3.658622422295820797e-02
-1.355194553350997921e-01
2.095909006808938102e-02
5.106942404637493382e-03
-1.545972767530656711e-03
-1.179584921590048907e-02
8.411466696213665273e-02
-5.312548498039859624e-03
8.383101978068907556e-03
-2.103434057843287519e-01
7.101422812496593906e-03
-9.159321469562087259e-02
-1.122681084362397996e-02
-1.907905071738014158e-02
1.254913561806176858e-01
2.287389322020771942e-02
-2.673099123626343498e-03
1.069884844440593952e-03
-4.332682083767736003e-02
-6.361270318572564975e-02
-1.085765946430683471e-02
-6.954838344938707451e-03
-7.967173609307565130e-02
4.165569626002252335e-02
-8.479422234927369573e-03
5.112430116241739597e-02
8.755232003878177238e-02
1.842889898767907653e-03
-2.004142508516792986e-02
1.465107804649505852e-01
4.530302842769629024e-02
3.274560809677495854e-02
2.630094293539286809e-02
1.416656626664973828e-01
-2.682983854111853361e-02
1.834793274525736706e-03
9.662550013152326756e-02
6.356602224371954435e-03
1.143923807120472702e-02
-1.005831613906593702e-02
4.457238814097763679e-03
-3.285350724476643336e-02
5.057510213561045020e-03
2.642221394609123308e-03
-1.624745889529322085e-03
-8.731779943687456580e-02
4.009846758151525137e-03
-2.432242564802322704e-02
-1.002215464468747541e-01
-5.340584856071473041e-03
-2.326876054610238498e-04
1.708815337383384758e-02
-2.382591539296186056e-02
-5.532061022393008898e-04
-1.482658484704302282e-02
-1.932645262810694931e-01
-3.426818721715108040e-02
2.416732814083388803e-03
8.724046349914260645e-02
2.045239780125029938e-02
4.481949002919805025e-02
1.011973945253430429e-03
-2.089929673118717801e-02
1.084457388046189408e-02
2.497608185649369261e-03
-2.859510601012971165e-03
-1.663735298023993892e-03
-8.949807398039411055e-03
-1.031168006264238102e-02
2.063004076485697169e-01
-1.004479366499708703e-01
5.243903417510864529e-02
-1.167523815294657652e-02
-1.683598752691750633e-02
1.217027713579454939e-03
-5.305575114959992788e-03
7.657146202006970270e-03
-4.217898608112591319e-02
1.703894845309150696e-02
-2.755146384373574620e-03
2.342042176687186839e-02
2.789829577352520573e-03
-7.798902271360930172e-04
6.731035786316397207e-03
-1.342644768448906234e-01
-3.058415886181364840e-02
2.267399919367107941e-02
8.154137152826024248e-02
-2.062680259842863961e-02
-8.497415555171983215e-02
3.876852001894803834e-03
-6.786765363415270258e-03
8.076082824459263065e-03
3.284719839683702958e-03
-4.568838428212984581e-03
-1.645536894062615829e-02
1.263706106266226925e-02
3.452540227189615507e-02
-4.315065900158288059e-03
1.711415526852988478e-02
-8.276846149925631835e-03
-3.222101746871430805e-03
9.256419458026243774e-02
1.802268261343442646e-02
1.449171848699393195e-02
1.030634433072918910e-02
7.956517530857354359e-03
1.516222023150248788e-02
1.419057950613478170e-03
-6.411480707527061895e-03
1.354885282893292242e-03
1.527367039121543257e-01
8.549025978169311202e-03
7.839123747430676303e-03
-7.176234240773737838e-03
-2.891404033227331638e-01
-1.502725268034055262e-02
-7.484867036953346542e-02
-9.651697839444750571e-03
-1.596776875061323153e-02
2.786172147654042419e-02
1.888014158930673148e-02
4.314077366984747641e-05
2.137870971665734032e-03
-5.984767551942127284e-02
8.894591956902786478e-04
2.761923541106625635e-02
-2.431282662544731465e-02
4.785549989023252238e-02
-8.866072096270727343e-02
-2.327358082763453240e-02
2.040256389705064066e-03
7.006455303724123951e-04
9.536876799813853722e-02
-9.473840004261546710e-04
1.967061284517512831e-03
8.543587266274244030e-04
-2.750841059250319631e-02
-9.030603924568936236e-02
-4.358692039906486571e-02
6.612771436550701765e-03
1.049409370403964203e-02
-4.220148790261646354e-02
-2.058220701474056114e-02
-6.083207359438347339e-03
-2.003971141590454863e-02
-1.074053405730523991e-02
5.636652888824755792e-03
4.264002462991811626e-02
1.232131458085632403e-01
1.747773306066733312e-01
-2.572401761875653392e-02
1.938045594155823892e-02
7.776632419535189911e-03
9.886461396888535091e-03
3.177543516022751646e-02
4.864818778912649577e-03
-4.460303698323286881e-02
2.725486312942848599e-02
-1.128592533189305414e-01
5.070118894693109723e-02
-1.421023527487363936e-01
-1.678426764570417618e-01
-1.938836927507736618e-03
5.003697184150723842e-03
2.022151462881538464e-04
-1.485616279910573212e-02
-7.152524671488436070e-02
-2.920732220820809744e-02
3.228919467204605098e-03
-2.318709049546896495e-02
9.811348556297616597e-03
2.128687834749598551e-02
-2.937609346361114149e-03
-7.746302156306228426e-03
2.882733555880747645e-01
4.331793790640858788e-03
-5.505286343435500385e-03
1.190175351673303794e-01
-2.114130292227400787e-03
3.252586719113992331e-02
9.454398609847203261e-03
-5.633473822740597825e-03
6.361981468216981739e-05
-4.624890363717781838e-02
3.599780207451885872e-03
-4.053598698217797391e-02
-1.453233615757199004e-02
8.297142355786490953e-04
2.624291941285150642e-02
2.869494801902305881e-02
1.658272676982619487e-02
-5.140895537749656796e-04
5.581813379100708516e-02
4.428678399381169584e-02
-3.990913431974263403e-02
-3.776465597570677346e-02
2.312429365963453165e-02
-5.943871786797672030e-02
2.497387341284706963e-02
2.664784483869198084e-03
9.252368792212450899e-02
1.265546826313652673e-01
-1.472166708936128998e-03
5.237046195929906389e-03
2.317626778631165507e-02
-8.214025564933535861e-02
-7.080906332006975390e-02
-1.311552514863478791e-03
7.151944940233079251e-03
-3.584504124631848754e-03
9.133515856944995903e-04
1.199371755915592530e-01
-4.887021338703334550e-03
1.552479077333828172e-01
-1.369407852368738077e-01
3.973645625956123695e-02
-6.685640297888539862e-03
7.013587313565494696e-03
8.324173832647829840e-04
-3.152220302064279167e-02
7.537325228290114865e-02
-4.661957407978434276e-02
-1.497998710706838210e-02
1.243551742504678259e-03
6.863387909021412270e-03
4.790088402160108672e-04
-3.303296433367108875e-02
-2.262543391836402407e-02
6.756726659830292192e-02
-3.436027874667502147e-02
4.633671545755646548e-02
1.041231048486679356e-02
-5.039432125755638481e-03
4.520398358636157354e-04
6.686092338497928722e-03
-2.873771795327684231e-02
6.888332156847809529e-03
-8.698398399747020449e-02
1.521312420189246950e-02
-6.589654725900118137e-03
-8.154511287807508779e-02
5.185559190312005740e-02
-6.945992179802829014e-02
-1.202267212070751157e-02
-3.253021052441340544e-02
-3.022035006452483685e-02
-2.906992765761629016e-02
-5.193979338332610496e-02
-4.762443760000678594e-03
5.846386067560160882e-02
2.206680480782097220e-03
-2.497709956770677309e-03
2.068042808281234102e-02
2.913076628004773738e-03
-6.328703247328348880e-02
-1.296446080834812165e-02
-3.803602284079943274e-03
-7.664479379664612679e-02
2.464799186299160283e-03
-2.393876166706832009e-03
1.000216398719544486e-02
2.382195897524752581e-03
2.184379730161936095e-01
-2.197244906426476518e-02
1.754479560173649588e-02
2.982226470760451775e-02
1.994290212601868006e-02
-3.823079558912922948e-03
7.223057136434363201e-02
3.552826904950734388e-03
4.554821716851620295e-02
-1.073761621114499576e-03
7.063474726777485557e-02
2.742846609038451788e-03
-2.525803430688711160e-02
4.214605166453111451e-02
1.123716711095426035e-01
5.182643121202090697e-04
3.742929120105031870e-02
1.677170933751881421e-02
-1.590837148083323882e-02
9.749625476729306683e-04
-9.220175210089109896e-03
-5.052419353026493809e-02
-3.416690977016401121e-02
-1.399380365796787373e-02
8.365981141002976074e-02
-4.011025010669300173e-03
-1.091911430121399462e-01
-3.472163724421761799e-02
-2.845742071775703153e-02
2.317850365918161515e-02
-8.449997215532789596e-02
1.901464490003945684e-02
-6.350669829771504737e-02
6.145792999038235394e-02
-3.266492259069764259e-02
1.035014456022054219e-03
5.139955710518506748e-03
-2.518388040488162005e-02
5.126184647394893545e-03
1.045340090362856245e-02
3.799487625144593039e-02
-1.736189533923209183e-01
8.507172066003931832e-02
-2.058539803240932997e-02
1.187806393090795609e-03
1.048851158714114717e-03
-5.195399319066495991e-02
-8.055781247583126969e-02
4.911005435207016490e-02
1.122065013149438073e-01
3.222144485221178911e-03
8.785049214509399462e-03
-1.657246483205199183e-03
-4.965066784365035346e-02
1.481137914838654979e-01
7.494364146509724378e-03
-2.662710331369453343e-01
-1.830090209125501133e-01
1.377047677010523330e-03
-1.063733421227084364e-01
-2.353341796572294697e-02
-3.955926514453267373e-02
-7.354471116741478909e-03
-5.100584747560787946e-02
-8.580015919619654596e-03
2.977232597743295628e-03
-7.271875102861713458e-02
2.730163895620307812e-02
-2.056757594442615300e-02
2.743963019111106405e-02
8.835323309915565915e-02
5.424558539107238175e-02
-8.458050388071569614e-04
-2.048423448189851115e-02
2.456110859441196226e-03
-7.287835653414731496e-03
-1.110267145918442111e-04
-1.077242399728106648e-01
-1.667224769425956765e-02
1.084075259065002683e-01
7.043273571412100864e-04
-1.905480114560873517e-01
1.162036259802334826e-02
3.542744300375488820e-04
3.715593695681604913e-01
5.911719143944083044e-02
8.238296117491472614e-02
9.261006843757968454e-03
1.745149706778192922e-03
1.944111042894292041e-02
7.604595896424370949e-02
1.159242722311546459e-01
1.107439647541355043e-01
-1.969388043733601990e-01
3.955150871490786813e-02
2.641139600075348426e-02
1.283184668511694326e-02
1.090427221183745132e-01
-4.711415712790767429e-03
8.804604209444732987e-04
3.313710686825288576e-05
1.255223667504310470e-01
-3.029510903832033364e-02
-1.211602486648644117e-03
3.369016748115427617e-02
-1.137584025678961552e-02
3.577871784688113621e-02
1.101949277577887187e-01
5.544176380567478191e-03
-9.005508453526545054e-03
6.598229566407098901e-03
1.729936672700205236e-01
1.734316173931347294e-01
5.477999070996020237e-02
-9.382231806000618235e-03
-7.425705480841315875e-03
1.426580550162270811e-02
-3.468888167702743885e-02
4.651939071544575199e-02
-4.952470549994814064e-03
-5.824793526920757358e-02
-3.255283169778522279e-04
4.514247055453779467e-03
1.254285642022523461e-02
-4.827210555436067807e-02
2.148649308702488270e-02
3.146418246785742667e-03
-2.481689587796154228e-03
7.682805415811344574e-03
-5.555880725186739255e-01
-3.511719124236378775e-02
7.065864262870036328e-03
-1.489484701716037307e-02
4.436326882967023266e-03
4.724905718728678039e-02
5.865846376264016726e-02
-6.559880978142018648e-02
5.465835299049786045e-01
9.296448523070921510e-02
8.999353088597672468e-03
-5.617226635536098911e-03
-2.675190021892603909e-02
8.742893930281070425e-02
-1.282563941651915229e-02
4.899355901732178609e-01
-8.962605007241108979e-04
-5.655119170643274629e-02
-1.841731230624645832e-01
-3.687554950761295913e-02
-3.565261201117664314e-02
1.278338292405578613e-02
-1.625877615651916130e-04
-4.692767541826015076e-03
-1.270697882500826381e-02
8.065281636800136766e-02
1.308508774616257142e-02
-6.601162664878756914e-03
7.432685578010023164e-03
3.847888445420721837e-04
-9.346412357160716056e-03
1.601873862000502413e-02
-6.926477686306498072e-04
3.345091971289093635e-02
-4.062549744332955015e-02
5.762299709317630914e-04
-1.697149561766764236e-02
8.098881052092110622e-02
-1.783609272371222687e-02
-5.723021318493692888e-02
1.461503128666663542e-03
3.637070432341715787e-02
5.859336942972959150e-02
5.497809678405474187e-02
1.648851272534557211e-03
-7.151442392330409348e-02
3.335015543513009106e-02
-4.965648527945631940e-01
-1.517422979384264181e-02
-3.245268150408264773e-03
3.273955944200679369e-02
-3.383808391390630277e-03
5.760768627902734806e-02
4.835189620905566699e-02
-1.457206556881374127e-02
1.435817633338274391e-01
5.342335714146884129e-03
6.576960937650255801e-03
3.178273426442501659e-02
1.564254800655362487e-03
-2.659172552625932440e-04
1.170852851407744311e-02
1.050004842574026043e-02
1.278826156801073921e-01
-1.075406137232448600e-02
5.592992259380480391e-03
-8.914163680231013132e-03
-3.687638728536057897e-03
8.709539186554593471e-03
-1.689531370629993035e-03
-3.586503049291422940e-01
3.212523730923066978e-02
-5.832605290504488948e-02
3.582935242718576774e-03
2.297588954849061338e-02
1.001107983537963264e-01
-2.551022668660607451e-02
4.152325878300189288e-02
3.049356373611544768e-02
-3.831245464084531704e-02
6.398068494263497996e-03
-2.055378066927460168e-02
8.854478263555165540e-02
2.443688155517520499e-02
-6.236124046478153105e-02
1.163020927428419782e-01
3.752686434976340024e-01
-1.261666189656693859e-01
2.831334226812032284e-03
-3.051993410167597176e-03
2.093863684683583415e-02
-3.020672227762588591e-04
5.750380414838218712e-02
-2.219924639979353742e-01
-2.564523124500510676e-01
1.443344773667831760e-02
2.781627757542537438e-02
6.045987890797732689e-02
2.081592888316663448e-02
-7.024918495915244421e-03
-2.388268002421227720e-01
-1.905787716862050729e-02
-3.295074793413732550e-03
-3.054110503990159486e-01
-6.656054385655352235e-02
-1.509999151437568798e-02
1.024037592947024677e-01
-1.092322702106685028e-03
8.275432039681618335e-04
-3.289736313138291735e-02
-2.772531414848344866e-02
5.611392233504375326e-04
-1.007587961481704042e-01
9.797547516757276753e-02
8.474007642280412256e-02
4.926018689673128392e-02
1.284053513304570515e-01
1.492703200779033068e-02
1.378673343765512982e-03
2.763917149246708505e-01
4.342021730599299190e-02
-7.979959756426069362e-03
2.248363551871079835e-04
3.789342108143500809e-02
-6.438318959339994763e-03
-5.735276485927442991e-02
1.582038295964593999e-03
1.816079862283004331e-02
-2.835948013466804696e-02
1.619027659808125463e-02
6.989720022045275982e-02
9.804574962743117794e-02
1.038555934951546078e-02
1.253004840228868488e-01
-6.732558550766043481e-03
1.638242194189842849e-02
-1.169294005080701027e-02
-3.746915771557723929e-03
-2.591707833471446065e-02
6.646667182440069155e-02
-9.233251832404221204e-02
2.207267735695950250e-02
-4.639431149576012103e-02
2.366382088439422660e-03
6.768184250336162222e-02
-5.007610068071244314e-02
-6.152916456812818069e-03
1.551206204801474087e-01
-3.257932324659122969e-01
-5.993890491959064093e-02
-7.113965165933677781e-02
-2.518768181266750616e-02
-5.370079573401653761e-02
-6.455123829719013884e-01
1.089834251924912678e-01
-4.765771292795761838e-03
-9.468266222154397838e-02
3.130802859683399220e-01
3.467210393750974617e-03
-3.955445575388694124e-02
-1.928813524727956974e-02
4.882447542546515251e-01
-4.363501969123717572e-03
3.621264017283465364e-02
-1.081803885085719230e-02
-1.029965878008169966e-01
-3.063746714724402409e-02
5.055405312577931909e-02
-2.959444808989246667e-01
-9.319966102987109480e-02
-2.018484630320926954e-02
-8.488175552429311210e-02
-7.494192517810915888e-02
-3.714131694152911223e-02
1.664933664528689405e-03
3.650591766961497342e-02
1.133502175709963922e-01
-1.300439223844023218e-01
-6.819256900143955136e-03
-3.465161121121127508e-01
-1.141215070751968597e-01
-1.779238266515221767e-01
2.910673023961862782e-03
2.370918995984538924e-02
2.639228168163754162e-03
-6.750482000370539026e-03
1.616708020810619928e-02
1.405858205414460826e-01
-7.536314039043645607e-03
-9.141362508671591058e-03
-3.198996907076434582e-02
-4.027895290050764743e-02
-3.007890464459705981e-03
-2.389691847724861873e-02
4.129348298260993033e-02
-9.625397871332097566e-03
-1.454062787352086161e-01
1.099647032060602214e-02
-8.760369169067416806e-04
-6.543976829516395810e-02
2.644096829576483287e-01
-1.294633605766648543e-01
4.411207508360348584e-02
5.724925194272145745e-03
-1.351096883749960398e-01
-1.596991087924379826e-01
1.345876717077771900e-01
5.553819456088149309e-01
3.531985355880351563e-02
3.165073961577036243e-02
1.102543863842129213e-01
3.553600326836203749e-02
7.546229946387938980e-02
2.351043701828530175e-01
-1.265885659895502613e-01
-1.151965222334183636e-02
-1.242645534648545436e-02
-4.656236716436978895e-02
2.433867682384516229e-02
3.804933652554609580e-01
-2.393825012095476268e-01
1.199432674761737871e-01
-3.213328011270277784e-02
2.795412152863718802e-03
-6.283460170516264043e-02
-7.967699924620319507e-02
4.622015910626942059e-03
8.915278599351950106e-02
5.594970416495925747e-04
2.450813980731254560e-01
