-1.281456411116543848e-02
1.478584661048110149e-02
6.313445364026293305e-02
2.195730701665610241e-02
-1.287260348157559520e-02
5.656286503590735038e-03
-2.215072110356430812e-03
1.202365762177954878e-01
-1.715790338633560452e-02
-7.897935749337392508e-03
-2.459363270865821960e-03
-4.586957704271554803e-02
3.411734104442842863e-03
-1.578190555508918180e-02
1.312804297242031737e-02
6.776913417063212819e-03
2.848931817977629066e-03
7.832481772833688183e-03
5.745781863396537403e-02
9.908257702623046725e-03
-3.274093332926497624e-03
-1.249801933195016090e-03
-1.770906737470667736e-02
9.137016814664278286e-03
-7.198742384378320480e-02
1.263560342245462209e-02
9.646365309260218623e-03
-4.560760739238389760e-04
-8.018150695763281988e-03
-2.246023833670562908e-03
-5.445694254984090321e-04
3.423131850261995623e-03
7.844285524782890207e-04
8.243928898583163800e-03
-5.899670388921585129e-03
1.888121008114929111e-02
-5.579957231214294211e-03
3.080865160077550513e-03
-1.667058450465397357e-02
6.269444781274557954e-03
6.416876479420707824e-02
-2.503829581090855072e-03
2.548886887883838881e-02
-7.533555305354155962e-03
-1.085126379496426097e-02
-1.866361286399609298e-03
-8.329193298429515835e-03
3.666711081389184557e-02
1.161567392745865845e-03
-1.978666198779066576e-03
