1.643458451313790647e-01
-5.195399319066495991e-02
-8.055781247583126969e-02
4.911005435207016490e-02
1.122065013149438073e-01
3.222144485221178911e-03
8.785049214509399462e-03
-1.657246483205199183e-03
-1.964674632120022579e-03
-4.965066784365035346e-02
1.481137914838654979e-01
7.494364146509724378e-03
-2.421752691049050554e-02
-2.662710331369453343e-01
-1.830090209125501133e-01
1.377047677010523330e-03
-1.063733421227084364e-01
-2.353341796572294697e-02
-3.955926514453267373e-02
1.303584715232091185e-01
-7.354471116741478909e-03
-5.100584747560787946e-02
-8.580015919619654596e-03
2.977232597743295628e-03
-7.271875102861713458e-02
2.730163895620307812e-02
-2.056757594442615300e-02
2.743963019111106405e-02
8.835323309915565915e-02
5.424558539107238175e-02
-8.458050388071569614e-04
-2.048423448189851115e-02
2.456110859441196226e-03
-7.287835653414731496e-03
-1.110267145918442111e-04
-1.077242399728106648e-01
-1.924870189632201800e-01
-1.667224769425956765e-02
1.084075259065002683e-01
7.043273571412100864e-04
-1.905480114560873517e-01
1.162036259802334826e-02
3.542744300375488820e-04
3.715593695681604913e-01
5.911719143944083044e-02
8.238296117491472614e-02
9.261006843757968454e-03
1.745149706778192922e-03
1.944111042894292041e-02
7.604595896424370949e-02
