4.896799272721352736e-03
-5.392621603130365315e-03
-1.843668521837926733e-03
-5.867755788813155959e-04
1.231047327454604101e-04
-5.585169159896707924e-03
2.865304446915573067e-03
-3.055027723091541247e-02
1.457142733503502541e-03
2.459746010188723631e-03
7.260559629873597487e-03
1.838069549137344438e-03
-8.821898769699743070e-04
5.111601002089471990e-02
-5.816043458255037990e-03
-1.352519003282637300e-02
2.028684606613850860e-02
3.984833114163421897e-04
-7.312351779187764578e-03
-1.606640915172263817e-03
1.189513056649715850e-03
-7.392834408381787625e-04
1.267847677418920682e-02
4.907254260819726710e-04
5.643735476638767068e-03
2.678640663816622691e-03
4.161428975823611154e-03
-5.105507493592398305e-04
1.865911704600620169e-02
-3.599995781360831870e-03
3.934694302063945770e-03
-9.914923531260555478e-03
-5.696343092821365417e-02
7.423896468857549280e-03
-1.200501096968764614e-02
5.360280445422915818e-03
-1.908203503566241466e-03
3.319256707938933459e-02
-1.373658104938613178e-03
-1.178012219230417656e-02
1.150033574264597291e-02
-4.134347692138717889e-03
-2.247465194050057846e-03
2.419126023083251198e-02
3.239729777673616695e-03
6.716118939255721898e-03
-5.714735188147912481e-03
-7.646892911026270667e-04
1.202486153142601211e-02
4.685740686495520890e-03
