-1.068972528388201226e-02
2.121059159790661397e-02
-7.124275680624236884e-03
1.470014691461187795e-01
-3.451142962176589890e-02
1.339596899967574473e-01
1.752932341076274270e-02
1.541034076158354083e-02
-4.237348468535628854e-03
7.729971505752075700e-02
-7.280810662763315122e-03
-2.045526915668460788e-02
-2.590036291657327183e-02
-5.990828448034335452e-02
1.342325117948206525e-01
1.175261187029263965e-03
-1.620159396367171212e-02
1.501157282470444443e-02
1.070860032118048366e-02
1.137723570053594813e-03
3.816801938781111403e-02
5.538789399963661708e-04
1.122630766019483417e-03
1.694111061226521997e-03
-3.917886400425629745e-02
2.801889738399125918e-01
-1.336233337251258035e-02
-1.597572474030926060e-01
1.351753461230487119e-02
2.143827792878028049e-03
2.325908779342000798e-02
7.040529383601779045e-04
3.409038350343962520e-02
-3.013554591362321844e-03
-1.756427813447203334e-03
1.758258569159920626e-02
3.716640404469728765e-02
-1.022324791581752379e-02
4.399259139518107986e-03
3.074036155113901714e-02
5.146742222677858081e-03
-7.028563902231610427e-03
-1.900185787729924414e-02
-1.141488275719382273e-01
-5.157856559890205972e-03
2.556218972617330110e-02
2.885587458607119515e-02
-1.594978212280295793e-02
2.049522917897661500e-02
-4.154941064484773960e-04
