-7.897846767630056775e-03
3.241099348585407824e-04
-6.968086179228549781e-02
2.350756206098481016e-03
4.114349891922586266e-02
-3.496851627090791226e-03
-5.670801551389104134e-02
-1.429539300646354150e-02
2.795717217589555048e-02
-6.965534557805597160e-02
-1.468167252618002294e-03
4.224060821947261957e-03
-5.546729040787568010e-03
-2.011366299917938250e-03
-7.729465965411463912e-04
1.714162817947340045e-04
-1.825237294298176494e-03
-6.409001264925251462e-02
-8.848920577457874970e-02
-1.142063788087455123e-03
8.051884074882309505e-02
1.429011078399611279e-02
-8.316137060607076137e-02
-2.149690070751830717e-05
-5.950333920452521852e-04
-9.043782064388494746e-03
-2.489364745716216021e-02
-1.339282192910431490e-01
8.648601766054753170e-04
-6.793603615804499896e-03
6.850786124964258761e-03
2.004213800923082545e-02
7.654400009755590872e-04
-3.692388105697830269e-03
-1.235411141957598602e-02
-1.828140067489414378e-02
2.990960881298576624e-02
-2.062880275882861270e-02
2.945036578965698482e-02
5.303025993391941029e-03
-1.317956839505285416e-02
-1.308648161376169128e-02
-1.804173521633600785e-02
-6.665194348251191059e-03
-1.547546439241287430e-01
2.122717148007779997e-02
-9.505491738542559688e-02
1.789531062443217024e-02
9.147426103677247511e-02
5.549382756413479001e-04
