-5.839673369492537347e-03
6.444913395581508553e-02
-9.173670269837153057e-02
1.241961256873835850e-02
1.040363697042678837e-02
2.526577681662089958e-02
2.962876120158774995e-02
-2.753263462677146833e-02
-6.254109653422545989e-03
8.149436350490191217e-02
-3.276978354097792590e-03
-1.365361032111245265e-02
-1.735838151901702986e-03
1.940125170235873497e-02
-2.773811082638744097e-03
-3.849279129930494037e-04
4.376259775286328590e-03
-2.305016599192910576e-03
9.115694823149667059e-02
6.300798089586834294e-04
-8.339965192604381627e-03
9.543636178527492575e-03
-5.718574006548848843e-03
-1.304562042931873833e-01
1.121650675016141463e-01
7.861085479505192097e-02
1.710530480963257105e-03
-3.216233375791688331e-03
-4.987098600530259773e-03
-1.243659365339766509e-04
3.647904649017164047e-02
4.393607665022258857e-02
-8.363741603981011963e-03
4.326795763578417109e-03
-1.002992191340386086e-01
-1.042277924909740250e-04
6.538624056595665479e-05
3.484786132145423210e-02
-1.700183783075992494e-02
-1.178448070868753916e-03
1.318830514592050918e-02
1.938988188768320242e-02
-1.831460777714255528e-02
-5.249610858477620212e-01
1.127540237701705195e-01
-9.295669053042132646e-04
-1.157713649088698560e-02
6.798830190692939368e-04
8.668257304666582286e-03
1.180993465395818731e-01
