1.994290212601868006e-02
-3.823079558912922948e-03
7.223057136434363201e-02
7.648544382618638338e-03
3.552826904950734388e-03
4.554821716851620295e-02
-1.073761621114499576e-03
7.063474726777485557e-02
3.072658391118920918e-03
2.742846609038451788e-03
-2.525803430688711160e-02
4.214605166453111451e-02
1.123716711095426035e-01
5.182643121202090697e-04
3.069311151702436291e-02
5.455754055995498675e-02
3.742929120105031870e-02
-1.464041324058484861e-02
1.677170933751881421e-02
-1.590837148083323882e-02
9.749625476729306683e-04
-9.220175210089109896e-03
-5.052419353026493809e-02
-3.416690977016401121e-02
-1.399380365796787373e-02
8.365981141002976074e-02
-4.011025010669300173e-03
-1.091911430121399462e-01
-3.472163724421761799e-02
-2.845742071775703153e-02
2.317850365918161515e-02
-8.449997215532789596e-02
1.901464490003945684e-02
-6.350669829771504737e-02
6.145792999038235394e-02
2.088207576070999494e-02
-3.266492259069764259e-02
1.035014456022054219e-03
5.139955710518506748e-03
-2.518388040488162005e-02
6.874612518402045680e-03
5.126184647394893545e-03
1.045340090362856245e-02
3.799487625144593039e-02
-1.736189533923209183e-01
8.507172066003931832e-02
-2.058539803240932997e-02
1.187806393090795609e-03
-1.111127007478103224e-01
1.048851158714114717e-03
