6.892349844926926039e-03
5.885427546470367588e-03
3.200945149259837308e-03
-1.046577059237918661e-02
-2.266411778133203825e-02
-9.413007816682750217e-03
-8.508826526362334164e-02
2.756949207041614613e-03
-3.157742724795298273e-03
-4.619833731110389863e-02
6.757732286038375946e-03
9.622359800030011456e-04
3.462349393245212070e-02
1.646845771600702335e-02
8.956952102185056219e-03
1.353877925817492667e-02
5.775930407775575759e-03
-2.443179123632788219e-02
7.969682657755328137e-03
9.275649203885905081e-04
1.840676115941519697e-03
-1.301436097216601695e-02
4.435918452185916294e-02
2.921027119569430397e-03
3.878800550370620215e-02
5.491347074610075651e-03
3.406837375036708693e-02
-3.830467651370561555e-02
1.157567179278728986e-03
2.487844246276793569e-03
5.541249066704168058e-03
1.597028254222365717e-03
6.777234422504108124e-03
2.278787312056529402e-02
1.724537830429362373e-03
7.862073574216310590e-05
-4.061787594125121359e-03
-2.040137810527475892e-02
-2.530112010709117953e-02
-2.682671876348408091e-03
-2.190427493831315076e-02
5.711319900116862414e-03
1.851783480852020602e-03
-8.243706777584236534e-03
-1.594560412550016792e-02
8.251323503710494833e-03
5.472907434219465017e-03
-5.785336269481078375e-02
-1.839516720544231987e-02
1.592225707595922302e-01
