2.617609847177959637e-03
-1.212977420181005073e-03
1.934455858098260705e-02
-3.660899532434314096e-03
-4.770079773237512200e-04
3.697107693875523182e-02
-5.752896266008633575e-02
-1.080808293254165164e-02
-4.007860493938153468e-02
-9.937347907803939506e-02
1.489828340470467083e-02
4.340420252617605001e-03
-8.066595194691217330e-03
3.620965928827502012e-02
-1.601759672985281213e-02
-4.715909885081259745e-02
2.682698570040997765e-03
1.700782263155531382e-02
-5.362444256974185919e-03
-1.313262766046818797e-03
-2.857398473145167372e-02
-3.037243529178113022e-03
2.536323354401304186e-02
-7.183451740260693441e-02
2.685721542069074985e-02
6.863327312203182373e-03
5.010949206777581821e-03
-1.113046279454010801e-02
-1.314619731716959450e-02
-7.401376753455224389e-02
1.791503020217675157e-01
-1.221384796776305848e-01
-1.899993458270898827e-02
9.703575186621549165e-02
2.371953795642411933e-02
5.090760172777208936e-03
5.197366953424875646e-03
1.903231307665009808e-05
-2.531066215357213878e-02
-2.929654757481614524e-02
1.589098894170604126e-02
-4.156564023531927887e-03
2.758736218915629479e-01
1.326670890453129914e-01
8.551062166290535060e-03
-1.158092637625429688e-02
5.081758736943697841e-02
-5.150970521071940311e-03
9.555082261189795645e-02
3.946676751023403540e-02
