-3.404623487275770799e-03
-1.331738202519971992e-03
2.048937555334973126e-03
4.245277966674620984e-05
1.657259728585103176e-02
-2.162324564771722635e-04
-4.165637068703986756e-03
-1.336392093523386393e-02
3.142781935693506057e-03
-1.937584552669235904e-03
1.386132072954460170e-02
-7.945867119151017732e-03
-5.039474070643734649e-02
-1.951845555566933399e-03
-1.764746952494178345e-03
-4.423320516924178492e-04
-1.141180465708657721e-03
2.177739744180229309e-04
-2.333848620865808243e-02
-8.672900150836326816e-03
-6.023857837480051103e-03
1.349594387800578943e-04
-2.502889785081841012e-02
5.070988379261009982e-03
-3.563331515170631292e-03
-9.084219847563801409e-03
5.107480511448159177e-04
2.719129738053993606e-03
4.705740082387244172e-02
-1.284269794311398982e-03
-2.423945652978432008e-04
-5.316723402938094978e-03
1.882761333639848544e-03
-3.748261785140805102e-02
-1.508061494144286030e-03
-2.029163732270333753e-02
6.015184888704894206e-03
3.040695780407887128e-03
-1.951310371808290256e-03
1.563450512897723854e-02
-8.510157228585057965e-04
-2.840342085068670031e-04
1.161834521825078070e-02
1.007869747517986525e-03
5.142102910660639736e-03
2.376122395183521974e-02
-1.690796764091118121e-03
4.439899583912776393e-03
-8.213063798377717717e-03
-5.166768646713393309e-03
