5.375162926814169850e-03
5.699238267318662565e-03
-2.665414319463366155e-02
-1.200829029437855411e-02
-4.931022580185739912e-03
-1.109423998811998047e-02
-1.400283987732819924e-02
2.286304712662001748e-02
-3.136014813804877122e-04
3.396411670536281235e-03
2.354597806585800868e-02
-1.951264950654874042e-02
2.300131862955900885e-02
-4.392125705621197085e-04
-1.421416010904508198e-03
4.132151842384246265e-03
-8.806807273193939523e-03
6.290443818492974515e-04
1.604481653934008989e-02
-7.409607717967503504e-03
-5.328514107233672803e-03
-1.344236106760199334e-02
-1.085447769250613703e-02
-7.581953203308344769e-02
2.798336918588439914e-02
-6.368116624768660472e-03
2.544287173034120997e-04
-1.076859445074518362e-03
-7.762868195440475461e-03
-7.387624688003668894e-02
-1.486227746150881046e-02
4.252640161471354929e-02
5.372393718575452226e-03
-7.385846053518108079e-03
-1.044615089849543210e-03
4.922382734946495475e-04
-1.441895831771233816e-02
-1.117388744816594226e-03
-1.579281841095792061e-03
-3.560834088132125430e-04
-1.161234455044279912e-02
4.690533075372371741e-03
2.919914600070683264e-03
-5.564826429575120414e-03
5.553448692440454693e-03
9.209524734860252693e-03
2.332490308571344428e-02
-5.218643896931496329e-04
-8.761869401766375631e-03
8.451684249996205267e-03
