6.045987890797732689e-02
2.081592888316663448e-02
-7.024918495915244421e-03
-2.388268002421227720e-01
-1.905787716862050729e-02
-2.144769557793324566e-01
-3.295074793413732550e-03
-3.054110503990159486e-01
-6.656054385655352235e-02
-1.509999151437568798e-02
1.024037592947024677e-01
-1.092322702106685028e-03
8.275432039681618335e-04
-3.289736313138291735e-02
-2.772531414848344866e-02
5.611392233504375326e-04
-1.007587961481704042e-01
9.797547516757276753e-02
8.474007642280412256e-02
4.926018689673128392e-02
1.284053513304570515e-01
1.492703200779033068e-02
1.378673343765512982e-03
2.763917149246708505e-01
4.342021730599299190e-02
-7.979959756426069362e-03
2.248363551871079835e-04
3.789342108143500809e-02
-6.438318959339994763e-03
-5.735276485927442991e-02
1.582038295964593999e-03
1.816079862283004331e-02
-2.835948013466804696e-02
1.619027659808125463e-02
6.989720022045275982e-02
9.804574962743117794e-02
1.038555934951546078e-02
1.253004840228868488e-01
-6.732558550766043481e-03
1.638242194189842849e-02
-1.169294005080701027e-02
-3.746915771557723929e-03
-2.591707833471446065e-02
6.646667182440069155e-02
8.078214657177795743e-02
-9.233251832404221204e-02
2.207267735695950250e-02
-4.639431149576012103e-02
2.366382088439422660e-03
6.768184250336162222e-02
