2.050069769872386871e-02
2.333397284111526915e-03
-3.793367831779193011e-03
-1.913250345641159811e-03
4.433719545019698671e-03
6.659272579021546790e-04
8.506427652061887557e-04
-5.787501276435236264e-03
-1.629278032873848758e-02
-8.315564958058629941e-03
-4.242136393362017088e-04
-1.712871053799247534e-03
-1.678251855826395911e-02
3.318423257994140840e-03
1.473144345528254462e-03
-3.549983432726833144e-05
4.298516742391456091e-04
1.557859719934384657e-03
-1.462109203249006839e-02
-2.149284848246146851e-02
9.540805600895652105e-03
1.753486168258078237e-02
5.396921365043994001e-03
-1.938058541575671256e-02
-2.385457800890833369e-04
-1.061503258203266853e-02
-1.829959765745847733e-02
-2.246780514430746223e-02
1.980099980137595139e-03
-3.263942850612266966e-03
3.301706054500641585e-03
2.428402989216138508e-02
-1.863498891527370915e-03
-1.390280465161097823e-03
3.303037050258694762e-03
5.666703800285333159e-03
-6.101876282507134874e-04
6.431603143806086109e-04
3.532948552681602905e-03
1.399376250529549282e-02
1.266867476234079248e-02
3.599107630728948237e-02
-1.689865422221004110e-02
-1.081665627203420854e-02
2.490420862718778494e-03
-5.788602529555930687e-03
5.247334465316555452e-03
-1.544641800174773039e-03
-1.322929913330384011e-03
-1.529024010149804269e-02
