# Memory Log BF	Trials	Network SNR
0.36154137954872567	116	189.1514391616215
2.2794921174245246	1570	142.7678411848366
-0.09246597379387822	913	72.18402179242271
-0.10453957822596749	360	60.36582972905705
-0.16469126838910597	746	64.74752999078387
0.04196655072109934	2697	64.92095579837378
0.13316745829888532	335	106.63702116552254
0.06307248574694313	360	72.95507340709342
0.04061177050311926	544	63.7929056502493
0.09163072482624557	965	90.45972323728255
0.4014382298137207	891	84.314811856623
0.44537021125324827	726	98.02360104794755
0.02156299539274187	214	74.92245477177354
-0.15540209797472926	215	66.48000592015404
0.07904097473419824	1347	77.69849387882861
0.1032209529003012	937	177.569619482245
-0.11052933376777219	2174	275.5199512926247
-1.7694631320744065	515	65.77541446210515
0.19596869132124084	463	70.6291287289162
-0.08102858091342569	1260	83.01344569718867
-0.7339087389141241	650	62.198975278090984
0.01677787442895351	461	123.14542342093213
-0.09987703353044708	179	66.23137100738438
-1.7216898473034234	386	132.8472651643495
-0.0031646458705836267	484	83.16335652160421
-0.1510445008152601	1205	79.3082326385466
-0.915216927230631	432	83.83112206015252
0.08392261550443436	69	66.75345024442781
0.08484335200091664	866	69.45404413615722
0.4388927177783444	137	94.40058646569184
-0.029081663367833244	358	65.31329525727395
-0.1402542740925128	767	97.4703847520029
0.3365802556018025	324	80.52970051529392
5.58037618790695	246	350.30285646703794
-0.47625175085340743	247	106.27727541787058
-0.17764011695635418	1906	114.47359750268319
0.022914552497240948	637	69.63549840893683
-0.010945941878617305	955	70.11984709323292
-1.1993809928353585	200	109.37122004336851
0.10290729594657932	260	60.81823660961691
-0.02668273978315483	162	76.68196178410378
0.014446834332375147	1041	82.54478574387939
0.02512545183049042	706	66.17275040305695
-0.0195995145222696	73	69.07488212027148
-0.017355158063764975	262	95.7841760885685
0.24056114342965884	374	174.46858554262477
-0.39314166482108703	223	73.64469529271233
-0.059925329087491264	608	89.64464780685186
-0.09159022574795017	1992	86.0018693485835
-0.29037321624491597	421	64.14373845273906
0.5132335808666539	237	67.29848970154104
-0.024595733575552003	112	75.18126402527156
0.20403804649686208	1306	169.89912588130372
-0.23783562302946848	598	81.33257042712924
-0.7451442703550128	1031	96.43647711159937
0.14617799880579696	1023	113.38982085514859
-0.08761130003767903	77	86.00973902012852
-0.011367874328243488	430	97.85909773098679
-0.0257585908711917	478	144.5479470807066
0.1275406417244085	346	115.71714618185945
-0.043070807805179356	94	74.98672070289103
0.018102753598213894	252	74.31298918857273
0.5275340247171698	361	203.62735790796518
0.0991213368768058	136	68.66304214151023
0.3847154034447158	559	70.90804460395546
0.1822359942170806	962	76.31561757563006
-0.4409878031324297	545	61.21706979110097
0.8197948574011207	459	72.2351758710103
-0.03286941269834642	1226	92.52103877781272
-1.0706549296216963	692	64.60097275351777
0.4385399348429928	350	68.10609706569994
-0.06968621446321777	254	110.29712724874999
6.915848820899555	118	222.88541585926703
-0.08087672249575917	584	71.12641520661518
-0.17910977770679892	2490	72.59728049787526
0.05714136679944204	79	118.63361148690637
-0.04241377621292486	1842	62.55354036282309
0.03753875178790622	363	77.58454872171221
0.052742934803973185	497	91.22522257240392
-0.22295058314830385	1507	92.40473518639328
0.6768405967691251	590	99.74554401433453
0.027158816376868344	79	87.32532652951174
-0.8672244104086531	293	72.43112505452065
0.026053711081658548	1022	68.27417691587905
-0.05241954843586427	539	73.51671513113061
-0.0016579192827066436	436	67.78442686151664
-0.4580007040858618	345	154.59457884524628
0.003033808188774856	743	67.64710597487726
-0.20013566575289587	114	194.52211657131875
-0.00028503229032139643	256	72.08723660987529
0.32002709867447265	390	124.62842145209976
-3.254865606690146	333	106.33866800196216
-0.3723428851826611	337	81.13180843061029
0.04870892379722136	384	70.639775458763
0.658316215602099	417	115.92433745056486
-1.8740827661722506	1156	79.7842276094771
-1.6735092588901352	1773	69.19905791847644
-0.002371625534578925	1586	71.4984900108695
0.11838981416804017	218	64.68321705260169
0.2529148303783586	24	84.07731870991762
-1.3628457749521203	1664	79.48609820117413
0.08197789155519786	51	86.62469191663168
2.065371620293263	86	109.79705980625734
-0.014060955677450693	380	68.47842451518913
-0.3556908801447207	173	79.00846485149815
0.039687611341378215	2175	68.52196591801295
-0.07243934510734107	927	112.21332573595828
0.022138633923532325	821	195.49369144288815
-0.09287606980706187	379	65.57727065788521
-0.046590384126375284	1463	66.43149852966734
0.03223087925789514	1447	63.227179227753375
2.2874509672037675	212	124.61665369589096
-0.23921929699008615	121	66.44546530867392
-0.05130774587087217	2122	95.1830118933513
0.21514753414567167	763	60.92883801655603
-0.141694032502528	19	118.11939715019544
0.16617307967317174	1229	104.52873258588605
-0.13632543480707682	1397	158.05581186178574
-0.4239279099865598	818	108.77153884627712
1.1255576351122727	1228	90.06020251569286
0.049957196837340234	202	62.65926187463842
-4.100237172031484	325	190.58186025149965
0.6300103600483453	2639	75.86420429293992
-0.08460855499606623	710	74.35177786203435
0.2613809004669747	1355	149.9492238128004
0.006731026569468668	1041	80.20520067023867
-2.078748239628112	1181	132.72116420442984
0.29448552842723075	176	73.2365338532036
0.06482223350099048	3333	61.60504167534764
0.0724594481944223	1	231.93271485008026
0.21495049545592337	174	78.28433447315439
-0.07105059129980873	808	70.8204161328844
1.2019175254815764	147	63.219183755548585
0.18694323263844126	726	88.98333502445975
1.2594146114170144	39	125.23066106839812
-0.03930331260676212	340	60.59907303011898
-0.08863178365572821	383	75.81669184671803
-0.010270693510392448	225	124.46950823403267
0.25082746449561455	109	73.31507281446666
-0.12120557730122528	405	64.69022924825899
-0.18444554566667648	1761	86.79463975304128
-0.05441055558821972	382	111.52839495155388
0.5490036945259362	330	61.66962004886346
0.4504943826282215	251	62.98719787746475
-0.3404937245304609	100	119.9112505197709
-0.05107748721729877	163	77.57446461778909
0.008026071262975165	616	99.74174343044999
0.11843957416658668	512	75.82380827451315
-0.23610041053598252	345	73.83518102227174
0.015731927450588046	1804	60.61481530802023
0.3233201948214628	991	118.31148129452983
-1.5339053011596206	430	72.29684439715184
0.1530720388032023	170	87.27357170051972
-0.8279764767330562	584	64.28517262558529
-1.1918512824286154	565	85.94788158360535
-0.9630355777285331	121	72.40825190825615
0.11514723141590366	235	60.73226781547844
-0.17677859554214592	398	60.20065240651339
-0.44576824855903396	1623	85.72860358148448
-0.0021451260965932306	362	66.2673975320267
0.15427562131662853	545	103.74726112347969
-0.042354868666734546	1166	150.34501830000127
0.002610813950013835	184	66.80795559647629
0.24657582687996182	478	106.45265158629142
-0.08914768026852471	64	81.45052881262444
-0.01486538883546018	194	171.36112506272713
-0.1744843677888639	1	67.4216296745204
-8.598679490467475	1591	202.48736533440956
-0.05769197621020794	667	80.54893584720678
0.06383918091978558	1447	61.60768086667543
0.6126355547917228	213	105.73445312701688
-0.9529947801511298	34	94.9538116964364
0.1544280864600296	772	89.17213075739092
0.23491199146474173	1280	97.18591689157823
-0.5548664350208128	186	92.03674729164068
-2.1822746092079797	2815	68.34765842242857
1.2158014939459463	62	96.00383501226973
0.06626171753669041	927	153.2710854185021
0.07558123614307988	56	87.92463506667247
0.045433476652306126	2301	67.16207068714917
-0.8650659566524155	1180	78.41695696455463
-0.03942335603005631	838	69.17926935235322
18.96167346533548	1752	279.7871147386907
-0.20793386703098804	468	60.63450110230343
-0.048275524328346364	106	74.06507428112955
-0.4239460594690172	1375	158.76055919061284
-0.006515489448702283	266	72.76298093895238
-0.10194429901548574	390	64.08965347418012
-0.2459411823838309	1104	84.74530910699248
-0.0025538318745930155	81	61.336982917178275
0.012374519701552344	1665	73.58023093243908
1.317965180536703	400	151.4333721496537
0.034309299686810846	684	78.17516860073532
-0.04332340450218908	377	93.51308716687181
-0.11233305077394107	1384	67.37768343563718
-1.3118298699282605	230	72.90216118438136
-0.006076357298297808	304	86.82276761449343
0.06721204570362715	1330	66.72126450144765
-0.14683911697284202	886	113.43668178189323
0.031826962642298895	386	99.52710944442603
0.013435744878734113	1341	98.47273089665819
-0.17592745274623667	2103	67.27369002136058
0.197919584086776	693	167.2084986430703
-0.011736887843653676	702	60.80139746556906
-0.47923824388271896	849	156.0514329981004
0.9118001053798253	978	80.80212751525113
0.013354702498872939	750	109.90007438866435
0.06123229355625881	273	68.15092132820355
-0.09578514384247683	575	105.78628086101567
-0.03507962758794747	1014	64.57930479348111
0.6041906264690624	1293	112.67771463064486
-0.07764154745927954	582	72.7885782473172
-0.016117252753247158	212	91.45945589436965
-1.1100019809591686	653	94.41740774763676
-0.7549751529024888	151	63.25686501505406
-0.26222593475608846	322	79.65740795825998
-0.5379432752451976	1311	210.5649544262683
0.010953657501886482	887	72.02106391316468
0.46241546812234446	4602	93.92127598861751
-1.0751067749383765	279	105.86152520782174
0.05718909331199029	893	69.72655859045605
0.013707710146718455	1087	61.14255316726161
-0.1099728218268865	532	62.747665690607306
-0.04555974693676035	974	78.75243617786568
0.245641470186456	513	122.5534595139563
-0.031683501075576714	2550	60.463742435909545
0.09812969197491839	1653	74.47879420553926
1.2769295366938422	681	67.9900192012606
-2.0947175042183517	824	69.47764338396924
-0.293565971428734	1680	72.39791841628666
0.009132756440521916	642	72.37336606928264
0.12922156453350908	1350	89.13279162438316
0.19802463771611656	1537	73.93116622142409
0.5452225463636751	436	79.9912958697504
-0.08156072038445927	232	62.57767119460935
-0.15760097538804985	592	112.10104532794291
-0.531263035831671	611	90.73392952827741
-0.3246321412668749	407	81.72041501470369
0.016963826790743042	1518	80.92605999935105
-0.019847174060942052	1041	60.023859663184574
0.0558493589878708	3524	75.04093236843711
0.004017375216790242	625	63.03841241981516
-0.2730356029687755	688	64.84263766146334
0.07090279730346083	694	85.87242234555494
0.035851533854838635	2915	114.09660105400364
0.18824304256304458	54	91.39452090018011
-0.044882855381729314	475	69.22344140382872
-0.11466441003994987	310	93.97137847441314
1.3398819486656066	503	107.51804036247424
-9.929830366672832e-05	260	79.51330486043189
-0.9084747212755246	1776	69.83406265639886
0.6198486491266522	81	210.92151875125256
-0.2552869630744681	1853	111.17908402000192
0.057441202591689944	313	67.75378527534613
-0.02706623118638163	205	62.02051821502066
-0.02540109142773872	234	111.981134834014
0.0033068076813833613	453	85.0307705531465
0.7412252270896715	527	79.43056546178666
-0.011284101311048289	358	64.26562902405315
-0.017798228543369987	885	66.65965992286786
-0.054416698546674525	213	70.01138289397916
0.9340398122476472	272	92.4614639758044
-0.05171361687553144	131	63.871764142811806
-0.4027578168997934	589	75.45766582748644
0.027469177553939517	195	133.75786327510582
-0.0338578700011567	51	114.87244368974336
-0.039589616016201035	1453	114.32860135771044
-0.20088529046915937	1108	91.2036284225343
-0.20561335876413978	541	65.01257285948876
0.09013296457123943	278	69.13193186071219
0.043097432535432745	44	67.60718767159341
0.12832560602782905	360	92.9511060044564
-2.7892671026138487	97	79.63248813906968
-0.1999336871867854	168	96.77106272753049
0.18019370217416508	586	66.47323625091417
0.052704382445426745	225	63.20021844752571
-0.01565767139663876	283	61.42885973122929
0.0026513981233620143	165	60.25394871760665
-0.34180994673647547	42	67.84255457893177
0.014894354783791641	23	70.3452206043337
-5.480090116194333	506	261.8329645867587
-0.05322454034740076	342	64.6489983631671
-0.03381989693343712	355	79.6873738235332
-0.07207340234072035	148	75.00621837640374
-1.1627626585850521	54	120.54569397483968
-0.0938251434488393	1831	62.59127588026655
-0.18770839241096837	10	62.01593389853091
0.01193572478268834	46	79.21334758899094
0.015882286176747584	436	65.75317249876802
0.7345848105442201	284	75.45381367669879
-0.03216940377501487	147	65.8910355771843
-0.061849616066865565	331	72.60581114653735
-0.6406768495362485	87	153.40775844746048
-0.34638239467221865	1348	79.53590699842948
-0.03605196196531324	66	72.06894028879219
-0.006045597992397234	1230	67.76204918977622
-0.08110851866331359	73	61.95038171752987
0.3671152384076777	1481	69.42408006696658
0.36768521570411394	214	67.32979951436124
1.0123056128259122	51	73.93674078233533
-0.11535059530660874	889	85.20941109093656
-0.2953776403228403	2268	208.9224111885024
1.0928460269788047	29	252.94788874835837
0.09381224980097613	111	85.46631810256815
0.08534986191830285	259	66.71702450708463
1.5950484940722163	184	102.73867500624607
0.19971312591951573	121	124.90837343855952
0.009913161436998053	648	79.43410501150152
-1.3895729456635308	560	315.6911603022317
-0.03900388170586666	2	88.32970198100016
-0.20218258680188228	164	71.61723889296609
0.05175660615236666	481	65.75742762994334
-0.17617893463102519	192	120.93872674650919
-1.267525746814954	794	71.69299851776893
-0.06427044729525733	1415	64.02269377246236
-0.3852219543607589	314	70.69098509400561
0.053013119049865054	231	73.91071935249933
0.2483227866937341	25	73.1532647971001
-0.30309794602771944	772	92.77729509713075
0.003791018415540748	536	62.52118725592035
1.1183798134825338	2945	137.3365449730441
-0.019852376323797216	3025	66.43843894741231
-1.784806222588486	257	69.55430685636146
0.060623406488048204	508	74.89179532434376
0.2844714615657722	289	93.18983788316928
-0.06284680012504396	1283	67.4208575688434
0.14039835620769736	82	109.78479490253864
-0.13461152751733607	280	76.60353519985155
-0.021619230610667728	326	60.90584305108131
-0.5935526643588673	1050	106.29027744296481
-1.7880531720838917	123	67.62768657872516
0.06955112908053707	2280	66.55459523233786
0.0873206030739766	970	64.39727980090039
-0.5899526885878004	588	114.99128050784242
-0.05400357041071402	353	63.158190263071766
-0.013445985323414789	387	65.4103631188772
-0.21010832687852599	117	86.9230923685132
-0.13356366713742318	1098	113.62619690749767
0.2519413474524299	642	60.93900008858006
-0.46031386508116157	809	88.59131669777116
-0.02039923404458932	26	66.98483675453129
0.03323426823089903	708	85.11995272866572
-1.3474347003084404	10	113.01365967776164
-1.0802922234474863	1647	81.28683960438573
1.1729010425488013	120	76.68513114910044
0.08220071588402789	803	97.84570535898429
0.36793471456712723	7	91.14958872918633
0.021518654735700693	290	75.53536986740505
0.0029672772470803466	13	67.73057095025962
-0.31025653998949565	871	189.98143746441997
-14.693064345876337	324	423.1834073422633
-0.0729921547072081	301	116.48985025520587
-0.003151159664412262	2094	95.16176827233093
-0.7935509962808283	494	73.2670000408208
-0.16936271493977983	510	76.65615781007736
-0.15558036075981363	16	90.00577294380848
-2.2807286091701826	1402	98.31988696080312
0.9145846819319559	69	94.99954771294105
0.813352275199577	12	101.22324191908122
-0.021981214386869397	350	62.3752271666218
-0.01627596958223876	693	64.5869714902428
0.19003104949388216	20	124.85566319199974
-2.1377257760539123	1444	65.23992586074738
-0.3383073857985437	111	159.8930287870292
6.0915546673604695	34	156.96736702610332
-0.3938880507130307	195	121.27053060031913
-0.9008358037922335	859	75.95586073072917
4.9665570575598394	9	266.2080200472532
-1.4872282842425193	162	73.67231886734645
-1.022467362009138	236	90.0922838176663
0.10932331808385243	688	65.37849580075519
0.3506286798929068	47	101.56274140787248
-0.18981210649690183	352	61.14194794750587
-0.1909464684986233	175	84.73989834529921
-0.001020992202029447	317	83.40498997193598
0.5919901909073815	1275	121.38064039985808
-0.4161628959036534	572	123.6422712810007
-0.17606655841791508	299	66.57465150013535
0.015646019483028795	606	101.89834808162716
-0.0030528207885254233	572	63.07120617309783
-1.562616399523904	101	162.77366381046113
-0.9405877111266818	561	75.76023067996246
-1.6289407335389114	560	74.91570592076773
0.017732860188516497	132	139.61684243060824
0.31259998941459344	1378	108.18016704342179
-0.13628498846128423	607	68.56584162507217
-0.11494900897287152	561	62.451019430404784
-0.02076511349150678	658	68.0021365550236
0.07468948052110136	2068	78.6641873009627
-1.6323856495146174	667	394.794556519677
0.1499683554393414	583	103.35957453955844
0.015959174603949577	381	85.34771888520824
1.0555977470467042	641	70.78844170606384
-0.02526549550566415	160	76.40202056620855
-0.043646271542456816	789	72.03249340239232
0.07130787596906885	653	69.74399455467668
-0.09390192888986348	896	104.06768493463905
0.6470939748096498	161	97.29842377349163
-0.13463881693724034	173	83.12611286812796
0.08874177825464358	448	78.25362811045592
-0.16709581823874942	300	87.53809986713368
-0.10952998259199376	968	85.05935530060124
0.18310649822933556	24	69.84244918808261
-0.03552564324127161	1471	119.88292598014753
0.051476413016644074	586	82.28362792629923
-0.10525467994011706	915	75.51880480493689
-1.9751541102550618	678	138.30908583725238
0.21314541010724497	91	70.68166909410603
-32.246568589354865	449	609.9773052462581
-1.3387920585028041	372	123.93044352557473
0.12062673750415343	93	79.32410496727945
-0.43729895277010655	221	97.03448400659549
-1.7051310422348251	86	110.95076797352425
0.15300899226622278	205	78.22964042975231
-0.306272974174135	226	132.55467347053943
-0.41228004290769604	326	61.49394092958303
0.013581749897639384	182	79.0916525635598
0.5190943301131483	123	424.2715386656051
0.5530830246343612	845	78.39080968791544
1.3086731137391325	1490	132.5979864247514
0.024709961310691142	56	87.1997838306297
-3.309743624600742	1807	95.98015428799458
-0.6929229212819337	65	164.33795476620926
-0.15522511958715768	387	116.4731872503838
0.002563571962127753	184	72.14184942620291
0.1338226668895004	679	76.94248528342459
4.220707370963282	524	166.31205327666515
-0.026982410440496096	2112	62.05033760299134
-0.028677689859705424	77	78.1671996640262
0.25738897358587565	172	74.80755379756042
-0.07708786395232892	26	71.19063337879038
0.002682460571577394	1205	60.4931350130149
-0.015023199281131383	1789	66.00006077253569
-0.002137348503310932	192	83.21309362630677
0.3497225270443778	62	75.80599542458638
0.14179262597099296	111	81.81634233853914
-0.02554995230229906	556	84.08011083208677
0.02510766594650704	365	69.26407938351092
-0.037665529133846576	351	122.62516395628438
0.06371520058655733	72	72.60534381612358
-0.4938544354172336	269	97.29308889400693
-6.286701997087221	2844	251.20910957549148
-0.03277956416422967	279	110.53053528949633
-0.07218335750417282	500	62.259924825204045
-0.14771137359912245	544	102.78723611165111
-0.7029262227852087	165	88.57227757891464
0.16802747483598068	767	465.3468464088442
1.290413338376311	421	62.33336035020341
-0.39491643281598954	23	105.0954007273851
0.20559538624206652	2206	65.79235457449647
0.16786278692143242	786	61.34097041565426
0.6153084304273762	296	108.40042791168817
0.0011496220158733195	213	98.85591563297126
-0.16848360470157786	185	102.46005177718871
0.10132020096807537	128	75.55435673924251
-0.009036007187205541	500	70.90822984748755
-0.39648564580966195	413	70.95720820522313
-0.10895718287247291	2548	114.22420032454963
0.01354084302283809	327	68.97667911552321
0.19335203078844643	68	70.74123835515033
-0.5828824833242834	496	97.67030022289562
-0.5359899731838595	1942	87.11116778136581
-0.5155411709347391	144	93.0218611520268
1.1200563325428448	341	136.3171907398219
0.014278692386142211	499	197.11347479241965
-0.004552472146770015	154	63.83033467169676
0.34825150119286263	1231	109.65153587624097
0.025002060793667624	714	66.37232817231586
0.03903509994779597	1123	120.38800386304116
-1.1936989537780391	239	68.88256283615534
-0.16573371288632188	97	74.3621857782464
0.3521851855020941	2	96.09590518698613
-0.05072641579545234	57	65.54188511675567
-1.705937972839365	1246	81.27430062544947
0.6033252820961934	1488	170.76476992164453
-0.04938430121546844	713	74.77301949696547
-0.2051218367396359	221	104.53814550887435
0.4892169648228446	38	73.68885891900159
-0.026609462153828645	1334	60.41421419906039
-0.22253500182114294	1076	76.33744951804304
-0.057890465329364815	1570	99.22947044582314
-4.552244178146793	1192	188.86479062316062
0.010654149343963581	358	60.306288172333346
0.37254000110169727	240	75.79298398689025
0.5483555808114033	2727	71.59802191468027
0.03237698159523461	184	66.31626535653116
-0.013364069251110777	817	66.72603081899238
0.45572899169292214	88	68.35666937463826
0.5420179999057382	814	71.96132852798947
-0.00634114782405959	24	77.4566516233897
0.11336759380355943	109	198.2588656087995
-0.08980233099782708	370	60.234453555601014
-0.09946118605421361	46	73.55281639748065
0.02413900245210243	193	95.06260286045186
0.03279112945438101	194	100.404520937268
-0.06733907691977947	207	93.37113700673416
1.3138864043630747	373	76.52686576630393
0.1334945932089795	1308	71.02157176743708
-0.5413675494892232	455	187.757317281827
6.37906870470033	382	442.6031765900744
-0.01199998412084824	95	68.41599315584789
-0.9781726594446809	294	131.7784830166085
0.006376506375090685	458	78.68259453226996
-0.057217758367187344	156	89.58391683401695
0.13936315929959164	1005	66.7067738771097
-0.1717817049725454	441	78.50603423230866
-0.13524304589009262	1656	125.86047170137739
-0.08486385381365835	53	85.4864543326437
-0.019083694668552198	324	64.11685535880206
-0.021020256547672034	354	69.62927818320486
0.008297019273413753	1288	71.35154026469822
-0.010936192976714665	893	61.483746219778055
-0.8515222283240291	1039	148.5096112028223
0.03475071447337541	508	68.5341909964945
1.144792586517724	278	76.10269630239628
-0.23750407031366194	56	122.53214048242643
-0.04916342681235619	265	84.61738539700748
-0.7168439432052764	373	95.06572307497106
-0.01892636709112594	453	66.81618737638122
-0.6150000092811752	387	92.36631586629558
-4.1156594973926985	151	142.8585676921821
2.385440078403917	21	125.49057430406343
0.10067618356879393	44	67.91647049923036
-0.10980287563506863	552	80.94009260936963
-0.14381842989541838	759	63.68162555444459
-0.41767529515345814	541	115.91944759046862
-0.681817751114977	236	107.68006740324212
0.012305433988785808	14	61.22828976075165
0.025612507354253466	285	92.38269765438741
0.14632450540102582	271	108.99217060399488
0.006020547082243866	67	66.34628744427138
0.18510663710003428	311	121.80026839257887
-0.5978270751138552	276	92.40943258233625
-0.0011525537343004544	131	77.76887768397037
-0.11462712542129339	79	72.60421528949276
-0.026589383523969445	1298	215.15803850595094
0.0454614961504376	618	84.94252240177353
-0.6496281686645489	148	74.24197261133621
0.0013413458582363091	455	92.16990584815548
-0.0629662714859478	262	62.442089813470645
0.027227593608586176	1049	80.77493760492354
-0.41718728493469825	254	76.26587270653793
-0.03422723645962833	1025	101.63047992761118
0.1339727887357185	686	71.6957878638998
-2.545823174115867	1950	183.26328646689612
-0.7627100774352584	45	139.22913444098296
0.0803683517697209	681	155.45058155065095
0.44317146900812077	381	108.46572480421555
0.5332718009085511	405	75.89250550047322
0.06936641994707315	17	60.18392001732603
0.057326417769218097	183	60.837905019140344
-0.16682796830536972	766	123.28063965888605
-0.17102795496361978	420	65.59541360745558
0.108141822500329	3	79.07620995928494
0.1086192071379628	86	83.99990892073426
-0.33099021408543194	364	75.40506091408648
0.00639606875301979	2352	87.94832714113778
-0.6342177309197723	331	131.66125843167862
0.3399979651501326	1025	66.24513181866156
1.3297900206744089	1321	134.58809993173614
0.44494449843477923	138	103.8171954292284
0.3050001901347059	301	104.72385441472356
0.24296400874845858	2004	82.67601028426697
0.012666934078879422	681	64.40593752482566
-0.01956233603709734	170	61.09818986456506
0.053721256182143406	493	68.54854767516342
-0.011847112818941241	523	60.60616446203295
-0.16392619820999244	1594	66.29961399413263
-0.15792749617230584	188	76.38996614476254
0.15129688967044785	582	69.73574005496187
0.03804246404888545	184	67.33930007184613
-1.0814836509341603	212	62.26943763368387
0.07827436650768504	89	207.40640193163748
-0.0026969244722749863	1034	66.70592362872648
0.09513829170100507	448	62.24696782643092
-0.057828255939966766	1114	88.14317454905868
0.016342564074875554	787	61.57119381132305
0.016689811046489922	634	73.16071752859315
0.08783825244245236	328	77.90428986331753
-0.5609613432989136	340	114.9490878229992
1.3632961441599036	1122	74.11870108025492
0.28470922549377065	696	71.28259915384442
-0.4257106467284757	209	122.13890512137438
-0.4729506435589883	417	80.57618652189512
-0.09260720364773078	1828	68.66434786911917
0.026170172894126154	219	63.78378431585001
-0.7516016068839235	1403	143.87837921929278
-0.004325047478914712	131	69.07425906202953
0.14313993791802204	936	109.26050372785555
0.07744584911415586	143	214.34426267714306
0.1955485655234952	1463	107.81906708680276
-0.17812979536938656	74	81.66514673186214
0.013272077530928073	211	96.9900370792672
0.22592299793632264	16	76.54038268181982
0.5653734167026414	57	114.41934905889106
0.28591628115827916	35	110.98161542334441
0.32431004652244155	230	123.19048310940725
0.0008010717326669692	1364	67.2103009121864
-1.3922310824682427	875	93.97215794382603
0.17840895948120306	1508	69.27045869653618
0.08077259728293029	63	62.531641434904074
0.06806516599999668	676	92.1209283967249
-1.0209911599722545	86	99.64975782285283
0.19364487286111398	556	61.69767186189231
0.008365516023786768	2797	70.96130604395684
-0.005110685302497586	515	68.62270132510288
-0.014656961106084054	94	87.31216148142099
-0.06451885202750418	191	71.50067806729722
0.08669080276740715	710	131.80199952375622
-0.03469707163367275	143	84.56868108881153
-0.7213187633369671	540	118.2178083620063
-1.9603670482601956	756	92.11992987835954
0.2842120135028381	438	86.95145282345224
0.6355876557643114	590	79.5956543687147
0.012006328153802315	434	64.66095624782703
0.07126887717549835	370	74.28038041399725
-0.34612362958569065	13	71.91551553259437
0.7837074760282121	538	95.86892295571576
-0.03097182529290876	106	77.32800847119573
0.5766994641826386	1094	137.0713476306623
-0.1299047013872041	252	126.28990452492009
5.818973609475506	606	199.4306159311907
0.17714494856318197	327	137.46722916928607
-0.15700553202714218	226	67.22214083940858
0.3848228922479393	841	60.81936638131809
0.12925791032876077	493	94.91773119551962
-0.3854546699903949	404	113.80506271752193
-0.3895436376365069	1286	93.05195334825082
-0.7042825837852433	729	130.9306776774874
0.07057862575584295	907	94.22739809083163
-3.6158294346114417	10	129.55081358367232
-0.005291315809245134	642	64.99297862957002
-0.07872396354832745	2033	61.99759771755612
0.03933172003780783	208	102.82558879238731
-1.187352358012049	337	83.73145148105777
-0.16030431425951974	568	95.451404722867
-0.07335410380414942	598	74.52666548573885
0.06478733094991185	363	361.23729089428326
0.15909844502584747	450	74.24333561542058
-0.7360230860635966	192	85.6843017733305
-0.0567890080660618	63	66.50242015017936
-0.017195120090946148	333	70.31271335735411
0.0023342175927609787	1842	61.459013963948486
-0.13226956211656216	178	72.90549867706896
0.033948892226817406	825	89.61027305174431
-1.9763083088837448	1359	72.5617687124137
0.2366853242419893	1737	202.25969834454787
-0.03245831440017355	891	64.29139902332048
-0.2529338240638026	194	105.30246942798514
-0.9977953038469423	93	109.77702777585243
-0.8175022889354295	78	111.02260559046385
-0.47965043130898266	424	161.14840334596548
0.5427973139558162	776	70.88519365711511
0.22249644214366526	181	70.51886180622401
-1.2174126474569675	900	82.00724258496479
-0.01136674012104777	318	68.72884102819337
-0.02034570686828374	737	73.07657108029991
-0.09573405075661867	1936	64.30129165989449
-0.09650528562997351	958	137.15104249986123
0.013664820887242968	966	71.22407519067158
0.37823271801198644	1590	68.97669264335204
-0.0073939250823968905	169	64.2150440124583
0.012866738786669885	527	64.81475370749472
-0.1756170356156872	538	65.55977584594476
4.746073523179803	166	214.51315910370585
-0.027223054027672333	197	70.98037662847486
-0.004788766060300986	359	71.81425647420741
-0.019498481678056123	50	67.53378627990213
-0.14856810317178315	891	106.35489256922423
0.018068319908707053	2278	104.05756427467165
-0.5791832902141323	212	186.14125998584106
0.06285578317420004	24	66.59279060259085
-0.3949110889225267	1072	69.40001391482667
1.6861237421016995	571	99.51482342879594
-0.1254132533485972	1821	124.49863197246056
-0.014095401185386436	1700	61.81068613493383
0.1604813153971918	226	206.49306979322236
0.13614216753512665	1517	96.05080193038475
-0.21731041830571485	22	122.96347527414343
-0.04830898461295874	1996	101.59823431809079
0.42269856018424434	381	67.256573860535
0.1982913998103868	776	63.15933447820415
-0.11976203198560142	362	66.87573964722911
0.5544287883340075	1108	89.18417623673018
-0.06623984398083849	966	89.76212821339901
-0.061556471827543646	33	65.98667205832649
0.006281443204215975	133	83.8685099119463
-2.2776801213040017	1554	164.86725627673522
-0.8641346328913642	1046	100.8556511803291
0.020751038162870827	526	71.65071131462858
-0.01245208728914804	135	68.29474327689512
0.036272191364332684	1762	81.40163727538486
-0.5229101484210332	266	67.32135813219519
-0.01910299077644595	1190	108.44562044472748
-0.11890530127948296	98	62.0038408652216
-0.9248438409290429	901	88.93889979698437
-0.05740799572367905	40	86.010984573783
0.5473425794807554	525	169.63528012109677
-0.00768515745176046	567	68.21079465353071
-0.03404455496865921	745	61.5303319796226
0.47791809979116806	18	78.05770130474289
0.2683797483568924	1059	71.70117108152341
-0.2302521182300552	334	106.20633665295672
0.39759209748808644	937	95.0341903289993
-0.9447763085008773	853	189.0235827020634
0.007202645379038586	97	108.09376989956107
-0.278766937961791	265	79.9061398246784
-0.014185446756982856	1169	62.80519700133972
0.14170463883965567	1168	186.43563174891756
0.07490507797638202	1120	61.649530449735316
0.5680340597277791	613	68.08379284220942
0.5003461761757535	1516	68.79453612290324
-0.20934763280092739	588	144.1685002510712
0.052040215789702415	183	67.95192836778912
-0.033652589732810156	429	160.0127924100737
-0.5074629509981605	696	97.23029491328924
-0.025226035065770702	642	108.86747153954184
-0.002721685815913588	1319	64.99131161858345
-0.9555309594361461	55	74.23399609305464
0.05412407165295008	23	69.47123313841573
-0.0821784719939842	1243	60.35076943160909
0.019640324669580878	413	64.53769123991178
0.2209215709754062	22	76.65257158073533
-0.23734213199350052	24	69.57424034844055
-0.05352185238189122	34	116.90857165562048
-2.987485012912657	14	700.5705883816661
-0.025018866384925786	1008	69.99267735058024
1.6904308189632502	322	112.38142390709089
-0.021356327536977915	739	64.2759044858723
0.13081717714408114	99	60.61975580067079
-0.15484748270046111	1368	87.86051043095219
1.1946233484761706	624	70.614455119494
0.012325195710218395	470	83.00912201764702
-0.16549337498258865	291	78.64470583598757
1.4854308740723354	273	151.22649141875982
-1.2723215803566745	102	98.66745946164939
-1.3731420240510488	111	252.8109658570705
-0.045222627044040564	56	64.00025063644159
-0.28241186799459683	306	154.92804841948845
-0.325847175445233	442	243.9193662830806
-0.02106328550962644	97	82.65699251240046
0.04078220869382676	745	62.505487229121535
0.2218982211434195	116	144.70491293337932
0.04728439976588561	1154	68.56921218550714
-0.551950944984128	2003	82.34094874760346
-0.16250085861520347	284	85.11544223599402
0.06031987769256375	572	72.10327419620702
0.17165670033659808	18	65.22522717361174
-0.708928440527643	446	61.69293476009349
-1.7296216657841796	1953	152.48832122110437
-0.6001923345002069	738	74.8894293243169
0.1364743637882384	33	67.2263297459643
-0.026093451748238294	804	75.45676508114026
0.38709548443853237	816	61.80539606090479
-0.028741181805798988	640	97.3170894664494
-0.47949547000052917	2514	64.01009510018471
0.06731055454019952	414	127.3177260404951
0.0696591938540223	142	67.48113136633913
-0.00716513853512879	491	116.9211908753536
-0.2719415789899813	530	61.9233616919025
-0.08347262619554385	359	68.58461247286887
0.53144655504002	39	232.7196604982333
-0.07988836264917154	429	70.79013127730435
0.1727866016376538	17	64.80895983880738
0.05058579915998962	739	61.96458234789083
-1.3171792612283753	272	134.52792683579258
0.6040147910889573	164	82.72844713453121
-0.029077840005356848	479	63.63302630362235
-0.04684860119255063	57	63.23451210812129
-0.20653592339476745	716	60.555641127953045
-0.39151967855559633	726	60.20341874307938
-0.05056985454939422	909	74.01228341637895
-0.05518241481831865	433	62.82148411151127
-3.4233396605950475	1265	85.85295292567814
0.16014489673762	249	66.02114824069028
0.0769469028509775	1431	109.39306739404954
3.039774109634891	589	158.65109977007344
-0.026698525033680198	725	68.7886945859162
-0.18705388080525154	3081	91.80334530499292
0.04956516725360416	270	142.3074808465501
-4.436162853087808	393	115.50315335680459
-1.5691673632063612	12	146.39384854679352
-0.1771705127016503	132	84.12727565488686
-0.9746509427313867	449	303.5386571344347
-0.0039345755549220485	282	71.76151515389651
0.03853919374705583	295	73.63826232155667
0.1454334017162182	881	72.46345810233609
0.17162087838460138	341	98.29233137508744
-6.838863453682279	353	206.33448419536927
0.45052975460021116	812	117.93758394497489
-0.0006401269979505742	1358	61.774139416795705
0.06928829739081266	1028	71.1035120207054
0.004055937906286999	869	68.1078827498016
-0.9674452636622846	1255	77.19777131354441
-1.0242110011531622	1371	105.41183718018544
0.05697175927753051	1191	77.65409689127242
-3.27775881782145	21	207.79514969983163
0.39719538200643	734	133.1012909480992
0.2683150851589744	79	82.87005515774685
-0.4913042790412874	1019	85.53051389117604
0.6784664927254198	763	166.53545524393658
-0.07316261417327041	516	60.0049407064261
0.15682701743344296	534	87.53557135093801
0.14050681931621511	21	63.241790823370714
0.04296550811250199	246	121.53242701358673
-0.26807950535294367	495	204.4957670323377
0.013649235113916802	305	101.79072527351916
-0.4396080528481434	1053	64.52516016525077
0.17221401504866662	203	65.83810396943683
-0.1351618480775869	1289	69.65398316069657
-0.042434322836925276	93	72.33033677666984
-0.028428712423192337	1007	65.53635360851804
-4.337049670790293	1044	134.5840621708023
0.18623048274457688	265	78.83231112427671
-0.018044794317574997	593	72.37801472315581
0.012244805825048388	3	77.18848546015167
-0.10037275101603882	1340	127.47837337319736
-0.0720611584836206	592	70.57642160832293
0.3258004876170162	225	116.08002274985229
-0.06144149189867676	1120	67.25361021659909
-0.3849518655861175	553	96.26641836574694
-0.49508450611756416	2002	191.89647533414035
-0.22466271506164048	320	105.66706961119124
-0.16232295865484048	688	72.62328477540598
-0.3199691535846796	423	131.4973563674995
0.1299165055447702	258	64.72673354943294
-0.2513558692510287	533	64.22066233301197
0.06914867450586826	357	77.40144797369666
-1.1573181969761208	124	165.52565378685452
0.008055597769271117	441	77.06946927864286
-0.9640120442777516	277	85.84159767277329
-0.16205055950922542	408	63.942416935351844
-0.3820822014627083	1670	70.55479520428635
0.009999385868923127	1025	60.54011674796566
-0.11728107351245853	85	82.01244484972067
-1.6979136530935648	248	198.240480303956
0.508723115801331	1297	138.05698086372195
-0.30728918073509703	608	153.19517852557212
-0.0297408800897756	454	70.04018608978583
0.07994893522391067	964	73.0168960917659
-0.017768594767858303	2425	62.958485785805685
-0.0886361534317075	1412	61.893173471819516
0.04938168700800816	1081	64.06632890713017
-0.21515725654899143	198	162.42711314836353
-1.5218329588642519	2306	227.2977299850222
1.0527449852143036	855	101.70319560131674
0.26769879417770426	518	168.51256479061075
0.18386826975438453	62	65.96482491063696
-0.697150487138515	1543	78.26400544438476
0.025380666390447004	111	108.75106104135135
-0.48448287763721964	1152	64.00545738204809
-0.0009803223315429932	1431	62.20334189504731
0.3041952208022849	95	105.08113176947494
-4.412957893218845	53	416.71902371555814
-0.026952861641348136	1454	61.13463590864028
1.487786962240989	1244	82.26026467955455
0.004709787587671599	360	65.67989588283159
0.06709471448311888	88	61.59582575628432
-0.09432123904116452	542	65.0494645887403
-0.5364811356184873	272	68.15620239400576
0.6793218450002314	185	265.4332693821335
0.10912116431200047	166	66.85719249080384
-0.049117841306724586	1501	63.31857278464304
-0.12774726072484555	343	65.45428341896076
0.07169758750092114	73	66.80399123235367
-6.009787577146199	54	300.25298529572996
0.5079554680996807	230	71.5447591214263
0.03154330918096093	1821	90.74679049178161
0.014511931775132325	641	60.85708163355132
-1.4582226188308596	1080	77.1382828875293
-0.041188177899584844	1587	108.88508430099608
0.011200560687939287	1063	70.4024416817123
0.1431274807750924	441	66.58055372953903
0.03210525988106383	535	154.97081106013675
-0.08544555769094586	143	99.86066358318776
-0.5450070034476084	293	115.4087987780895
-0.10688277348936026	1571	76.90402816412114
-0.3426921147474786	852	169.5565862022197
10.454263405656093	489	322.46082042890595
0.04060990704692813	1086	78.15834699083659
0.24258498783456162	109	187.46983861978632
0.03643308671507839	562	151.88130884956536
0.1491331409806662	460	103.20042727516045
-0.11965025664267159	303	63.75065458736561
-0.1792033048027406	436	62.655730536139444
-0.09373623772080464	2632	93.66199405605171
0.31155675537593197	268	304.790846295185
-0.13242953600092733	1147	76.09851613400785
0.05789736250835631	1189	63.14573261248897
-0.04647668749385048	461	64.12849473119658
-0.030821116963579698	356	68.35062457756646
0.4575385104653833	197	133.02655430842532
0.37171200998045606	68	61.12170059722495
-0.08826961329759797	52	61.13598762741087
0.14280340165942107	1114	76.42568578931653
-0.4525611656677029	332	62.75055767863883
0.008731963876925875	327	123.50626727874885
-0.1935948168147661	193	80.67433987273893
0.28444599483555066	289	82.75949370929723
-1.1961851687228773	1542	182.74746055040177
