# Memory Log BF	Trials	Network SNR
0.4029894142277044	797	103.9356038487565
0.2154083226887451	4365	101.44541374365193
0.1973993299175163	1865	65.29133208469017
-0.434616054279104	1276	136.65338285862853
0.18869373425172853	3276	63.221224841899044
-0.1782553197681409	5107	109.10161800341515
-1.390335766289354	1490	130.78808596708933
-0.26093921288338606	1074	115.76533617819088
0.04621550854812995	2208	60.75673169078981
-0.088666969913902	507	71.17439533128555
0.011124678921078157	1659	60.24790475824462
0.18588199668829475	881	112.42305759739354
0.4131897872589434	835	74.41972015421516
-0.5501652880643633	30	73.61053357441439
0.05132869219596614	3781	147.66079476484418
0.9034216097320495	334	65.11830080593835
0.013585702858563309	3497	66.6525959681097
-0.023685775130616094	66	75.06616737511675
0.13245181271486217	915	205.07966991990452
-0.05074201885304319	1106	68.95357080883491
0.014348337178034853	5	72.06042879683743
-0.14526513222881476	1156	96.29556889254933
0.5182149237884914	75	60.64808399860217
-0.20516554244045437	276	66.81174540410686
-1.191485103067862	1357	79.89726985033364
-0.08249735662593594	204	82.28536365014622
-0.05805206716104294	842	145.62234023243707
-0.16197678373964663	440	69.62938561566574
-0.16252999692801495	1344	61.25726797787205
0.03618562150950311	86	144.4295674219575
-2.2792531398590654	347	702.1288774567086
0.10303326682242187	375	70.72583933864128
-0.025375304784574837	928	95.95185489992139
-0.06449448953935644	40	288.941709131132
-0.3479414257917597	348	101.43011727791335
-0.06763142829549906	354	150.2877221934239
0.33769652922683235	780	91.44851712266454
-2.3042031695986225	1650	113.66080583928041
-0.10633980541888377	883	71.80067848067101
0.45825123763643205	259	181.79505541321586
-0.14642868029113743	121	149.718283253512
-0.7523655407076149	2300	136.27270812989426
-0.004959297482855618	266	95.03338504148896
-1.2601395899509953	385	179.75280382490408
3.4435478095656435	997	270.24056148558583
-0.06372203495902795	807	74.55964908685323
-0.42870904282517586	71	62.01044199848199
-0.11519077012962953	1237	60.54231409281917
-0.04260492571029317	373	74.40596222667425
0.0007292319855878304	218	60.004129220579564
0.0757192443961685	3270	154.3769866325984
-0.13439810744421266	558	120.04646238172694
-3.279532246555391	198	129.32315596315738
-1.666736906816368	1927	281.6479048166282
0.03699644202970376	232	92.37383101630675
0.32509515429228486	1262	83.25503826855319
-0.13059858318956685	4526	70.8758362533807
0.16592549352208152	696	252.70125089061204
-0.14550172524650407	1705	83.1196791693344
0.15320710163541662	2339	78.74703478957713
0.3156410618184964	210	76.76406961376507
-0.16970545932053938	296	118.6013979470858
-0.03248795536273974	1686	61.122043728262575
-0.07382911815011539	1510	69.02953726991309
0.1253536700969562	342	281.77934438397216
-0.13632398059417028	208	115.09149933317529
-0.15250455420527942	23	85.39850615946409
0.07495595423142731	998	65.19182216875059
-0.3133145349934239	1724	70.08390713406614
-0.015101595842224924	71	69.33382464194892
-0.3512108280647226	157	138.92152495317976
0.13388170440885006	938	68.21532694208584
-0.03423882802258049	760	64.94623103570672
-0.2534582714552016	1453	75.3051025139549
-0.9423576832041363	2242	107.7148876449512
3.0965526804502588	1200	221.7466351825281
0.5437809593795464	2153	71.84831225578915
0.07281741377300932	346	75.70686657834467
2.864527236941285	522	122.47048689752249
0.025850368271676416	139	62.95760934868131
0.1784754871223413	1085	131.9779614089852
0.6029994628488566	80	60.82381251880288
-0.07180549885106302	1096	94.55605047111392
0.1491995754540767	238	104.48140672471055
-0.335579738261913	154	67.07450910121152
-1.828415870666504	1651	170.72954593052978
-0.05919949618601095	295	88.99405559330913
-0.1729843661596533	430	110.51538719772708
1.0908629951870807	893	60.32221100192389
-0.5641164610242413	1740	120.04853582280028
-0.16011298490525405	273	64.52727385599306
0.2708017558898064	122	96.46107640504557
0.29812669525790625	217	91.18576059530514
0.9550373420606775	813	93.63613548137768
0.17201617004320724	54	137.0757834384458
0.36200167509377934	1435	213.60342716692728
0.5337221768188556	535	63.03746008062572
0.09380542345570575	226	71.08448447050485
-0.30847141999038286	55	75.7430423891713
0.0689468938680875	206	96.76489622593388
-0.001282979160805553	4511	65.3681710911979
-0.0460019611473399	1061	68.86573277868897
-0.35709554583627323	1082	80.07963634992818
-1.775800685557897	726	109.88504423940836
-0.028274954966036603	43	71.91244879045591
-0.05795085421550539	2011	82.39506650566366
-0.6103311369370203	2310	343.8308742985515
-0.08523139231829191	124	66.95201921861816
-0.007513374258451222	389	79.49952728380961
0.04517313295036729	96	86.14835918248987
-0.22056678409899177	331	116.29000859234529
-0.602074974909101	808	80.04251877709348
-0.17969688434186537	457	73.5628867393212
0.008494554743265326	1328	93.85118761515967
-0.05400825125570918	366	71.87203140791489
-0.32221200252161	34	66.53638168897723
0.2480098104379067	89	76.12657829117235
-0.044971342895905764	753	72.3150659399136
-1.4856664450055632	67	61.81735363662249
-0.8655832319777801	117	87.84986651337323
-0.03277023800819734	3628	65.12290682723665
7.545212863455163	793	214.66659063842533
0.08940963525310508	1676	62.07430648530472
-1.5181347448960878	810	202.31916707062103
1.0498501934907836	773	99.4741860406958
-0.01855906595574197	1592	76.19840717249504
-1.9130015136870497	503	127.95793133927174
-0.05029582388488052	215	60.14844119418297
-3.2528189377044328	21	151.62429946138198
-0.23596399189500517	140	67.85971354195655
0.05354269973577175	383	83.46589588625116
-3.736272001362522	1832	415.24211396690004
0.06555114915317972	597	85.39839195195579
0.01129199196702757	641	79.62589786596875
0.5020522811246337	31	105.6710354653801
0.21089863277484255	432	73.40152013809065
-0.06859064286118155	846	73.15364617162216
0.8627246845526315	990	98.96863509694018
-0.2864515767441844	387	72.32963207718586
0.14645832983296714	2316	229.45587507168156
-0.6816346677551337	477	226.1277075822707
0.42875673866547004	1195	69.76965355599461
-0.026505661323426466	46	87.2428583476745
-0.20394377845559575	931	81.18489222331375
0.08928668160569941	192	97.65046182024292
-0.15227418958602357	2302	72.44369848995916
-0.025004669525515055	1054	130.1144626004745
1.8491314117563888	322	145.50232395298335
-0.020457312112966974	670	61.42026000057376
-0.16785830948720104	1627	76.43164956163628
1.6466533693246674	1804	72.70047237311766
1.1283325751319353	3500	205.9634864950117
-0.059200685975156375	69	127.75569443267906
-0.9261143329804327	349	89.13083420379301
0.5425188015542517	1897	107.83146411682635
-0.9150334743626445	124	82.25163830739379
0.0035343433696652937	1270	66.8189537138927
0.14998695990698252	408	83.2614564267015
-0.018303200238278805	285	67.68375799075295
-0.039105406386624963	2143	92.3920941631515
-0.1362259284001084	1111	60.24797091455702
1.1161733671524416	1995	74.4766524815326
0.007915141192825104	4358	81.15821622826854
-0.21660067539278316	1674	96.44326575871087
-0.5176137872283562	1862	68.85603546242052
-0.0524007430740312	483	110.28427913242545
-0.08958326723313803	671	102.64271969227634
-0.07572244373932335	1351	118.01420755721891
-0.6035554110112571	599	132.247050414185
0.009653893981067085	1509	80.3321134274271
0.13469567742959043	353	80.03260459007143
-0.04710659932652561	1247	62.20285968807552
0.23430290998066994	2585	66.22219669689545
0.0030091513131083047	2179	108.53146482873196
0.08927277381371823	830	67.20318127425556
-0.06448984216058307	2298	97.33943040894408
-0.27850351223787584	558	113.79628296155704
-0.12510807725266204	250	104.04671245219939
-0.1048385964732006	641	84.56151233639807
0.0037430746688187355	1421	68.54712006551689
-6.000669823697535	931	298.02466212074995
0.019249181172881435	165	62.062905394306966
0.0345246379706623	283	61.05279791895961
-0.01545397338031762	221	72.29573310783638
0.7760705731698181	892	101.75081123921703
0.15362908497081662	1112	64.52174528504318
-0.8077496880878243	594	101.77575593075339
2.914052662832546	1174	359.6002508403029
0.20612201518997608	1334	119.26333007079727
-8.254549157107249	82	153.36878099514223
-0.03578562854499978	618	64.65447288907454
-3.48666370333558	419	127.44623544364026
0.05474555235423395	347	114.4758686637123
0.23459517152696208	971	61.64613747141949
0.03784294496745133	3059	96.31473278418562
-0.14582702716052154	4853	100.9729880338645
-1.2260800554759044	82	212.0810324282647
-0.3039992503072426	524	98.21358315258223
-0.3392853861405456	240	125.2962240696642
-0.0063045548347417935	6864	62.43637547948401
-0.06358143858597032	490	95.06976601335897
-0.015224530900013633	543	98.42590252026675
-0.058495260937888816	558	82.54860096505551
-0.5964298665403476	419	70.69227974370546
-0.6224866511620348	486	107.89001082204815
-0.006309493128810573	836	60.12338408982137
-0.20702647230473303	131	77.36154377474509
0.002750584135810641	212	81.96011375092439
0.014821940898400499	1087	83.1838721671371
-0.5429794276842586	1118	123.30769731612705
-2.5308812546879835	1978	75.01594939101463
0.034201450625005236	1924	61.46068166065344
0.3121108207187717	1499	64.8871756102448
-1.0484741738182493	1485	479.3604621847918
0.04804908073538172	1395	68.07067026342565
-0.7667902719890662	167	73.22158981139383
-0.009230311106875888	2051	62.73311850737546
0.23262578620779095	1381	64.9636476863705
-0.08947624981919944	2407	139.73063856235876
-0.1611956162300885	107	75.6648656954134
0.033123449552476814	2320	63.741687946530796
-0.07697434905276168	113	375.402769717562
0.08578092866264342	224	77.24577495936452
0.9088548367853946	193	64.6004841227808
-0.0232248671409252	6	98.89275221378097
0.24232803931113267	1916	77.0963495804079
-0.0005970326417354954	550	60.60791931929627
-0.17737283907990786	201	66.39819248338888
0.06372724217089853	1548	60.57531011530339
0.8014971963493736	374	88.10119432547914
-0.0067508100446502795	1543	85.66845738962951
0.014145064649710548	197	77.85939612890125
0.0019816395847556123	799	71.00431926180565
-0.47003240230242227	1824	62.123178934408465
0.2153702502073429	149	76.29592142332547
0.003126921544662764	497	73.35010530206905
2.084481639680689	837	68.37875272074432
-0.027438026571871887	1197	76.03145986993367
-0.09590184731496265	2489	254.04430569797051
-0.02798439325556501	604	61.54554889102817
0.12634691159018985	446	74.54026270734765
-0.22650795665049372	1824	84.89858411052904
0.36112272856917116	2164	94.62397362059798
-0.04230031665406386	258	60.731326702599816
-0.2779922063627964	3005	79.57564532037793
-0.3029817888254911	2017	107.96794115974706
-0.3146055949418951	1638	166.88303949212315
-0.07281879143192782	876	108.49058988733177
0.018547038938322657	305	77.02879175247953
-0.0007036074730422115	278	70.5402972144457
0.686161202983385	1761	74.49324080796221
0.16865391812552843	880	91.06120046957963
-3.2889414077039874	561	99.33471236405524
-0.10973876886055223	1832	178.01683412288105
-0.53128723297732	1001	69.01693363314845
-0.1336080917135405	346	71.70035588820605
1.1749274354301633	263	104.71432325760482
0.37135548095784543	842	94.81680672510376
0.42807160508436937	1027	99.82072508757625
0.06528421701136722	1809	70.97061134741996
-0.1919259593228162	1710	66.07435550934159
-0.3668089713801237	310	61.6825253941455
-0.06935129201247037	1082	99.07161299200547
0.3147964523000155	639	62.232070137587954
0.060065678005003065	998	66.91761599420298
-1.0889865749968521	909	100.74369852037263
0.5410747253208683	3934	112.96569332906985
0.11237997626267315	1817	84.02600578718165
0.11014032208368008	2043	77.48045137148402
-0.013139218426658772	59	69.27277346356279
-7.003161487926263	772	326.63942131768954
0.154629753088102	424	64.00277034617051
-2.749575583693513	2778	205.0050766517673
-0.10073195182030759	149	61.05022263169076
7.107074274961633	811	129.1307307211216
0.5832255636532864	694	100.8327010079364
4.72837458824506	1250	352.8604257535019
0.6396317932230886	748	241.3135535189683
-0.04974211356829983	11	63.53223149434502
-0.09760336647741497	4628	98.06738130679744
-0.09646910494484473	1949	241.93289060741665
-0.059917670882896346	753	82.80050356492751
0.0030824629579910834	3766	70.24682981808542
-0.01856510228208208	1209	73.18703246225623
-0.1239510050172612	545	71.28542401160506
0.004523336222064245	2540	60.99050701247501
-6.088967637730093	1633	289.4865940786701
1.8630221545445238	11	86.11736587199061
-0.11603283493877825	1048	68.54175966147875
-0.18248142632046438	332	92.03632713349589
-0.3507486080166018	3308	72.16097709369909
-1.9143470658273145	1086	76.84510310137037
-0.03802625553817052	477	62.487167220977646
0.754183508476217	2701	78.60972799188806
-0.08931218863654067	391	171.94291820237035
-19.652472310699522	699	890.4189084572575
5.052072860813496	2784	215.7499911496772
-0.41478556042170567	38	68.94551441000804
-0.27654751170121017	920	97.5916844485907
-0.07218618460501602	238	68.89434284009161
-0.041831243578144495	813	64.20352886647721
-0.8297659006420872	1580	287.2597586190717
-0.06119020482583437	1046	63.5341342261015
0.012201637707448754	1304	63.49326679285608
-0.8669975882676226	422	64.43575632410607
0.754261875260454	366	85.71151024826109
0.4441769376812772	1682	74.30443790479877
-0.13130017102957936	753	96.98328376697694
-0.35123999322445343	291	74.26694209660525
-0.6526808375947439	125	166.83593478250899
0.8556401709624879	259	68.06865811437817
-0.046483919793899986	510	61.85499874775235
-11.38111693027895	12	282.12548249648785
0.01058732871842949	1407	91.05673396637516
0.4589796368154566	69	110.79667926161535
-0.8626052879903909	2029	69.58064859854045
-1.3611524413408915	747	121.59589563265571
-0.2001183100039725	1394	72.62974188375541
0.39525355074874824	42	71.18026985457298
-0.42628786175555433	25	165.87863454508394
0.007707953427598113	70	69.63465066389149
-0.059873961402445275	490	73.87021642067678
-1.2242039976658816	606	67.71097827739025
-0.03284845612643039	936	64.27761290733106
-0.016311952773321536	1841	68.09206962025647
0.05800857170379459	409	77.99762944693437
0.24819358029412797	2073	69.43480022788955
-0.023073979117270937	442	102.07192687563494
0.8357471667022764	990	96.07677604182504
-0.019221612477849703	782	204.74699266943057
0.03129655947759602	91	76.91249477601582
-0.006590846984408927	739	69.7988786737992
0.07976834099713415	34	72.33261669637267
-0.21975733242288698	409	122.14850697173937
0.07093540208734339	4540	180.04534865523183
2.8509131448972767	28	220.68097845069863
-21.422515361235128	1702	590.4149636038554
-0.024973833784315502	569	168.0699834159289
-0.4469581043972539	78	66.7592304974215
-0.20055574221805728	1428	83.58803735516499
-0.07546874694526196	411	91.60924334532714
0.11257430745672536	1674	73.57831286271319
-0.23556375665702944	1466	84.63675685280008
-0.26077635206274863	924	66.33890136834265
-0.2565849550628627	592	244.76457573747743
-0.7028643856974668	320	108.96082304490822
5.887289685771975	181	198.6518527203319
-0.022108860204753	2093	61.974392814280655
0.5569811739737816	22	62.92314940848564
-0.0472147598520678	1699	92.63104302038073
-0.07249162554580835	2585	71.09287016210483
0.1707785482244617	2975	61.951180199648746
-0.017589855645383068	822	98.51038649908276
-0.06021881176502575	670	69.05891895209709
0.4239291253788906	2039	76.70629663283512
-0.03531704998567875	599	185.15245828614675
-0.017034297691679967	1930	93.71728218088742
0.2645933384537784	217	149.7914249203223
0.08553014885728771	8	92.03872363646485
0.0613882361785727	25	69.45886791430003
0.6014199608325725	125	63.182964980303936
-0.2549110109380308	169	64.88885387655236
0.020265374289920146	1487	91.56337825588788
0.11879146851561018	927	73.34025745993968
0.11672314783345428	403	63.49897703393068
-1.8836939489119686e-05	1935	61.331762883978165
0.01202306527284236	323	79.3668704936549
-0.480355038165726	5333	95.00113248802066
-0.07470539042242308	681	89.7983168315681
0.05113399463061796	464	108.02337530309516
-0.14411273020959925	1487	70.50873235353261
-0.004758827924433717	1770	73.2136246623803
-0.05924049334407755	115	95.89550283724452
0.0798143784450076	711	211.49031105629848
-0.13961293062311597	352	78.02928457850523
0.13209622911381302	47	60.11274187465216
-0.010687763502573944	948	86.82582413311754
-0.4385005888689193	618	215.9897603102527
0.38651000501613453	349	92.37461381769334
-0.006169355852762237	161	204.46273783868318
0.4306805692904163	66	329.1519294859191
-0.11218944818028831	1738	156.58676328805961
0.028283834545391073	342	70.54290158737726
-0.14355781227823172	1678	87.66492764343154
-0.04891917306576943	483	92.39563338523658
-0.01059068788526929	59	95.19076136332183
0.06718460898810008	68	67.10324578666489
-0.022836280080809956	786	135.85680979201715
0.011988515716438997	244	63.4284382085444
0.1002235789437691	2754	134.39751764292544
1.1216565813429042	46	114.92150897267653
0.10360565102155306	471	68.63087660225845
0.5161633490642998	2561	104.45309378129046
-0.16837875740202435	93	77.90800487508601
-0.030509156924381386	3531	85.50855229243052
0.008104803989454012	2278	71.50373595832
0.023550709292294414	318	62.718198767597094
0.05107754197683789	1137	73.20985860325293
0.2197839792115701	2996	138.06547576240212
-0.5552550564884768	864	74.23701745033458
-0.5290239066098366	1388	92.6705305068375
0.21671615289596957	832	107.23600282940832
1.201673082947309	952	68.03056349183053
8.78560325701983	2803	260.54097083722746
0.43327781665720977	1436	68.91936096155483
0.007009538166585116	2624	71.84805718090777
0.05055681817339064	180	74.24063326779326
0.40847046858561953	386	87.22009977538464
-0.13321758767415304	1144	129.82362546697297
-0.0721553945281812	228	69.02095816474558
0.10858807880890708	92	65.71321780812698
-0.22951190768253582	611	69.07854229377432
0.1401665408302506	1876	70.45855318154773
0.3754235732399138	716	90.14600749819225
-0.10594034305950117	928	91.05608610604456
0.323313088993018	64	144.78245997072622
-0.30054880916554794	33	60.32726249744849
-1.3276374280103482	391	164.8328141298238
-1.5439996337172488	257	78.02381445747527
-0.0411668882579761	357	62.43593829117131
0.534115763382033	612	80.49349495433121
-0.06990672341726167	45	84.319091982181
-0.020653591083373612	290	109.87592522654816
-0.717017756520363	1004	113.20324067949387
0.07840261291494244	78	86.20223045396978
-0.034000007837676094	799	115.92159395459983
-0.06127251585894555	2884	77.30075489433685
-3.3967667711767717	946	160.61055169363527
-0.16402638342333375	146	182.8906351464628
0.013474731596033962	1661	60.980304621361846
-2.163046220837714	124	80.59435956085383
-1.4633434624538495	1969	156.9407250423884
-0.0762000889965293	40	70.42230819017264
-0.39100851736657205	664	162.31448300538872
-0.1978025210191845	3609	70.10339132815291
-0.08220296864055854	702	76.2356291109222
0.019594440282162395	848	60.05579710482734
45.593906011694344	11	344.858286574134
0.188716250473135	306	69.89548100657868
-0.16752910587229053	950	97.61673958312485
-0.12792711654947198	234	76.11675822464456
0.2016787118263892	1198	249.09190056211625
0.12815516865089194	1164	68.98751284960066
1.1024928023243774	3388	87.71729324739738
-0.08374321682367736	311	89.67383641409685
-0.7820973742791466	423	150.7178894355082
-1.6180810781388573	976	184.82260654987573
0.006178682920108258	244	85.2041094378271
-0.5692649200309461	802	106.95312065459888
-0.09202439516957384	1862	96.69862870234572
0.029001301924836298	2562	63.756301840309874
0.11123281843356381	448	68.07992553272587
0.5371120607660487	78	95.7033720541886
0.029304444805347885	754	88.42235071498153
-0.4434547304554144	2683	153.67574777064542
0.11581992594437907	765	99.04365548976692
0.6956556273798924	622	198.92503694652035
-0.2917259760724846	1154	130.72128634611846
-0.2576603267657447	1204	60.86672357417654
0.11321307684238491	3191	60.80234392454519
-0.053470385684704524	666	111.35714638187913
-0.822172971960299	21	96.86730439448208
-1.2341129868282223	246	80.69151107917534
-18.521836090745637	564	566.9231741597123
-0.007871955324390001	142	64.24899959454469
0.02761127805842989	2335	110.63552820267303
2.9279443280174746	1326	250.68493653551238
0.183241243725206	620	64.11607486182984
0.3993058379683134	1964	88.07244904174448
-0.07526787447932293	651	65.7800847257355
0.03367255720968387	1533	91.71539465949051
-0.3967861544970219	1178	65.68458580407723
-0.5264346377389302	1331	81.92161857235094
0.4156536402090296	1565	61.14044440969862
-0.41993901391356303	1019	70.97788603722758
0.21267391931996826	166	64.67262112046576
-0.08992542011355908	385	71.28180945551499
-0.48301719547180255	192	75.22054961725375
-0.013816574688689798	737	61.32436231535623
-1.8563230462887077	454	104.6038855569076
0.7885667898462998	238	67.1987824925004
0.07700070610189869	75	74.42096571784519
0.160922131539337	617	80.3389622673478
0.16325043507549708	90	67.55639551474214
-0.01738288458182069	495	65.39425052655143
-0.2059988867113134	8	119.62846305548092
0.03020190313600324	76	80.42224331589773
0.09344109464927897	63	79.48669004043504
0.07623651584890467	345	68.64656354420039
-0.06718531683122819	1975	61.3424056519377
-0.09578009015604039	10	92.66780338147024
-0.08741226828806248	1206	72.28297412639974
0.024042215414738166	2503	121.12389803958685
-0.008736899700124923	1274	69.21548966120271
-0.4085591375464901	120	98.27539634658419
0.4816806540311518	1789	104.11051181581652
0.023224315048082644	16	75.54510043282363
-0.04490743351561832	1038	92.73366775732012
0.435564310994323	2647	63.25558490435457
0.13143597722682898	10	75.63976805116421
-0.19268010736959695	263	150.42466002900636
-0.6319706912172478	2232	62.75201967581189
0.1062352097422945	65	61.98521104117312
-0.9207351103977999	412	404.89395668303405
-0.06425131213109125	513	127.70938247842338
-0.0021170419286136166	934	75.2316338902346
0.002043798733211588	200	80.18748999350136
0.0560057485768084	150	67.06013738995026
0.18185662870564556	392	85.31480643308898
0.00823772894295871	1053	60.80810914801635
0.0175757017586875	74	115.11550086084448
0.22464147124446754	848	89.02981794021073
-46.77477225419716	1072	459.1365228453816
0.12325858658209654	23	69.06016563661511
11.597756648285213	592	168.54392307235383
-1.7462937544587476	827	148.51547217134146
-0.1777606363993982	1174	140.95837515623776
-0.8883830419254082	201	145.7425581285176
0.01814624642747731	651	70.59096731921534
0.2789297101144257	710	85.83803057950986
-0.06498768429264601	722	80.44532173978814
0.03630813757035867	1333	66.6803832882453
0.003267744531513017	97	74.71142168105703
-0.0013860050621588016	773	87.4899406003819
0.315845513469867	99	61.4767232826567
-0.013201241599745117	955	60.353205173448245
-0.008172336086772702	1088	63.44127702953994
0.19891157913934876	325	118.46214240669596
-0.005743842950323597	7240	65.3105039797732
-0.033523401637694406	1130	64.58988703199225
0.09818311878370878	2510	63.54003984295401
0.15626675864314166	1792	102.05605740554178
0.32157918856228207	1698	79.71242119256398
-0.07322078330616932	176	81.77635387153022
-0.13415438680726766	440	65.53363268123238
-0.06637534460560346	4549	68.85283906807058
-0.24631717148440657	1294	81.7482131942396
0.07916963350089645	785	82.90328067740093
-0.11376776556517143	709	104.90488175774486
-0.08130956948025414	1727	85.0072553824635
-0.016025179265398037	1053	68.43786101949154
0.6739589810231337	1623	76.65436517766923
-0.10009971534600481	1215	386.7279476005647
0.3019158094175509	916	60.49389065540824
-0.2516584018426329	3144	86.06319452180018
-0.3677167576897773	176	193.51590430788076
-0.05630499441349457	694	61.84175330248082
-0.047829475606249616	593	74.29508220567341
0.0024861306296770636	434	79.3889880368881
-0.038243337516178144	173	63.73148288588128
0.032229272311724344	1618	72.12093145014518
0.018275242846812034	611	69.87443038165816
-0.37811185472628495	311	64.92410204449106
0.13767266883223783	997	97.08261096485768
-0.5090907329467882	798	118.23650230735291
-0.14115909439078678	1343	78.10445166628979
0.026073441025801003	670	78.63641232400909
0.20719304248632398	37	239.45273574102796
-0.7961273816226822	335	68.33048382938519
0.11422743582647854	308	69.95699380980263
0.021724133892348618	160	92.1292910878923
0.05810892264889844	1005	79.90760380781437
-0.0844519309084717	263	117.07538390293374
0.04243811077776627	1667	67.46179246171741
0.7673097162733029	1018	247.86082665122692
-0.12407080710090668	567	69.45217050036864
0.003144577347484301	3811	61.30731638918455
-1.6804630392616673	906	184.40549532206768
0.002055302737517195	2967	62.94931243144456
-2.4312332040135516	160	303.9435651876195
-0.742561026407202	2238	71.28685695226172
-0.0500464401766294	8	62.98014016424549
-0.10641319873730026	1281	102.51819073249453
-0.012173844627795916	221	61.96642836042567
-0.028476261330069974	737	271.9402382314064
0.14926359642959142	105	74.40423081507173
0.004989115313037473	1922	64.01802215151503
-0.29927119169951766	1164	72.04334837245206
0.5117432312772507	4648	76.24767625627443
0.014511311665046378	1486	66.20260377119878
-0.01295394004046102	1386	63.674087196398084
0.010656979418399715	763	72.26536714582095
-0.007449586379607354	524	79.18215563454251
0.1522763271605072	1141	107.14338185362885
-0.7389672742906441	22	84.74346088169558
-0.028039459804404032	71	77.2006570818809
0.0942972395932884	1414	72.31158086902255
-1.11265873853813	2473	60.026449988493994
-1.0282196574567024	1449	70.4195059676172
-0.05425173684488982	528	78.49891245246035
0.13854113193065132	3475	75.80114942997491
0.19025487977887678	1321	75.48369425638556
0.14645291652414016	1496	67.76235594825839
-0.06213695498627203	489	67.86127394519407
-9.758702454924787	115	223.26744489380167
-0.4574633012762206	1477	108.35440342025466
4.536975635084673	60	223.938533959276
