0.000000000000000000e+00 5.000000000000000000e-01
2.500000000000000000e-01 5.000000000000000000e-01
5.000000000000000000e-01 5.000000000000000000e-01
7.500000000000000000e-01 5.000000000000000000e-01
1.000000000000000000e+00 5.000000000000000000e-01
1.250000000000000000e+00 5.000000000000000000e-01
1.500000000000000000e+00 5.000000000000000000e-01
1.750000000000000000e+00 5.000000000000000000e-01
2.000000000000000000e+00 5.000000000000000000e-01
2.250000000000000000e+00 5.000000000000000000e-01
2.500000000000000000e+00 5.000000000000000000e-01
2.750000000000000000e+00 5.000000000000000000e-01
3.000000000000000000e+00 5.000000000000000000e-01
3.250000000000000000e+00 5.000000000000000000e-01
3.500000000000000000e+00 5.000000000000000000e-01
3.750000000000000000e+00 5.000000000000000000e-01
4.000000000000000000e+00 5.000000000000000000e-01
4.250000000000000000e+00 5.000000000000000000e-01
4.500000000000000000e+00 5.000000000000000000e-01
4.750000000000000000e+00 5.000000000000000000e-01
5.000000000000000000e+00 5.000000000000000000e-01
5.250000000000000000e+00 5.000000000000000000e-01
5.500000000000000000e+00 5.000000000000000000e-01
5.750000000000000000e+00 5.000000000000000000e-01
6.000000000000000000e+00 5.000000000000000000e-01
6.250000000000000000e+00 5.000000000000000000e-01
6.500000000000000000e+00 5.000000000000000000e-01
6.750000000000000000e+00 5.000000000000000000e-01
7.000000000000000000e+00 5.000000000000000000e-01
7.250000000000000000e+00 5.000000000000000000e-01
7.500000000000000000e+00 5.000000000000000000e-01
7.750000000000000000e+00 5.000000000000000000e-01
8.000000000000000000e+00 5.000000000000000000e-01
8.250000000000000000e+00 5.000000000000000000e-01
8.500000000000000000e+00 5.000000000000000000e-01
8.750000000000000000e+00 5.000000000000000000e-01
9.000000000000000000e+00 5.000000000000000000e-01
9.250000000000000000e+00 5.000000000000000000e-01
9.500000000000000000e+00 5.000000000000000000e-01
9.750000000000000000e+00 5.000000000000000000e-01
1.000000000000000000e+01 5.000000000000000000e-01
1.025000000000000000e+01 5.000000000000000000e-01
1.050000000000000000e+01 5.000000000000000000e-01
1.075000000000000000e+01 5.000000000000000000e-01
1.100000000000000000e+01 5.000000000000000000e-01
1.125000000000000000e+01 5.000000000000000000e-01
1.150000000000000000e+01 5.000000000000000000e-01
1.175000000000000000e+01 5.000000000000000000e-01
1.200000000000000000e+01 5.000000000000000000e-01
1.225000000000000000e+01 5.000000000000000000e-01
1.250000000000000000e+01 5.000000000000000000e-01
1.275000000000000000e+01 5.000000000000000000e-01
1.300000000000000000e+01 5.000000000000000000e-01
1.325000000000000000e+01 5.000000000000000000e-01
1.350000000000000000e+01 5.000000000000000000e-01
1.375000000000000000e+01 5.000000000000000000e-01
1.400000000000000000e+01 5.000000000000000000e-01
1.425000000000000000e+01 5.000000000000000000e-01
1.450000000000000000e+01 5.000000000000000000e-01
1.475000000000000000e+01 5.000000000000000000e-01
1.500000000000000000e+01 5.000000000000000000e-01
1.525000000000000000e+01 5.000000000000000000e-01
1.550000000000000000e+01 5.000000000000000000e-01
1.575000000000000000e+01 5.000000000000000000e-01
1.600000000000000000e+01 2.266250000000000115e-42
1.625000000000000000e+01 1.819980000000000118e-42
1.650000000000000000e+01 1.461500000000000010e-42
1.675000000000000000e+01 1.176380000000000077e-42
1.700000000000000000e+01 9.446240000000000112e-43
1.725000000000000000e+01 7.583129999999999920e-43
1.750000000000000000e+01 6.111449999999999975e-43
1.775000000000000000e+01 4.926509999999999737e-43
1.800000000000000000e+01 3.983949999999999709e-43
1.825000000000000000e+01 3.229200000000000076e-43
1.850000000000000000e+01 2.624089999999999980e-43
1.875000000000000000e+01 2.139149999999999895e-43
1.900000000000000000e+01 1.749000000000000055e-43
1.925000000000000000e+01 1.434319999999999968e-43
1.950000000000000000e+01 1.180939999999999915e-43
1.975000000000000000e+01 9.808150000000000329e-44
2.000000000000000000e+01 8.195320000000000383e-44
2.025000000000000000e+01 6.882140000000000414e-44
2.050000000000000000e+01 5.810410000000000195e-44
2.075000000000000000e+01 4.935400000000000121e-44
2.100000000000000000e+01 4.221850000000000190e-44
2.125000000000000000e+01 3.627910000000000118e-44
2.150000000000000000e+01 3.135599999999999808e-44
2.175000000000000000e+01 2.723969999999999912e-44
2.200000000000000000e+01 2.379509999999999782e-44
2.225000000000000000e+01 2.088169999999999923e-44
2.250000000000000000e+01 1.842059999999999983e-44
2.275000000000000000e+01 1.633599999999999929e-44
2.300000000000000000e+01 1.454939999999999931e-44
2.325000000000000000e+01 1.301429999999999929e-44
2.350000000000000000e+01 1.170499999999999927e-44
2.375000000000000000e+01 1.057429999999999946e-44
2.400000000000000000e+01 9.590250000000000317e-45
2.425000000000000000e+01 8.741200000000000127e-45
2.450000000000000000e+01 7.987550000000000140e-45
2.475000000000000000e+01 7.330979999999999670e-45
2.500000000000000000e+01 6.749079999999999945e-45
2.525000000000000000e+01 6.229360000000000210e-45
2.550000000000000000e+01 5.772489999999999517e-45
2.575000000000000000e+01 5.365980000000000225e-45
2.600000000000000000e+01 5.002990000000000150e-45
2.625000000000000000e+01 4.678809999999999819e-45
2.650000000000000000e+01 4.383060000000000052e-45
2.675000000000000000e+01 4.111329999999999695e-45
2.700000000000000000e+01 3.872999999999999790e-45
2.725000000000000000e+01 3.656260000000000134e-45
2.750000000000000000e+01 3.459140000000000235e-45
2.775000000000000000e+01 3.277529999999999752e-45
2.800000000000000000e+01 3.113869999999999969e-45
2.825000000000000000e+01 2.961289999999999805e-45
2.850000000000000000e+01 2.820129999999999847e-45
2.875000000000000000e+01 2.691240000000000007e-45
2.900000000000000000e+01 2.573390000000000009e-45
2.925000000000000000e+01 2.464050000000000007e-45
2.950000000000000000e+01 2.364689999999999866e-45
2.975000000000000000e+01 2.271849999999999964e-45
3.000000000000000000e+01 2.186309999999999982e-45
3.025000000000000000e+01 2.106540000000000078e-45
3.050000000000000000e+01 2.031209999999999914e-45
3.075000000000000000e+01 1.962000000000000049e-45
3.100000000000000000e+01 1.895559999999999934e-45
3.125000000000000000e+01 1.832300000000000074e-45
3.150000000000000000e+01 1.772249999999999990e-45
3.175000000000000000e+01 1.715400000000000051e-45
3.200000000000000000e+01 1.660469999999999948e-45
3.225000000000000000e+01 1.607479999999999883e-45
3.250000000000000000e+01 1.556369999999999879e-45
3.275000000000000000e+01 1.507060000000000072e-45
3.300000000000000000e+01 1.460230000000000081e-45
3.325000000000000000e+01 1.415140000000000001e-45
3.350000000000000000e+01 1.372709999999999974e-45
3.375000000000000000e+01 1.331880000000000020e-45
3.400000000000000000e+01 1.293019999999999934e-45
3.425000000000000000e+01 1.255729999999999932e-45
3.450000000000000000e+01 1.219540000000000000e-45
3.475000000000000000e+01 1.184819999999999933e-45
3.500000000000000000e+01 1.151630000000000018e-45
3.525000000000000000e+01 1.119639999999999924e-45
3.550000000000000000e+01 1.088440000000000077e-45
3.575000000000000000e+01 1.058119999999999975e-45
3.600000000000000000e+01 1.029259999999999950e-45
3.625000000000000000e+01 1.002669999999999982e-45
3.650000000000000000e+01 9.760269999999999990e-46
3.675000000000000000e+01 9.505639999999999488e-46
3.700000000000000000e+01 9.255230000000000269e-46
3.725000000000000000e+01 9.020820000000000213e-46
3.750000000000000000e+01 8.788860000000000452e-46
3.775000000000000000e+01 8.569480000000000320e-46
3.800000000000000000e+01 8.358420000000000312e-46
3.825000000000000000e+01 8.155900000000000754e-46
3.850000000000000000e+01 7.963220000000000596e-46
3.875000000000000000e+01 7.776869999999999251e-46
3.900000000000000000e+01 7.594300000000000094e-46
3.925000000000000000e+01 7.416240000000000597e-46
3.950000000000000000e+01 7.242690000000000760e-46
3.975000000000000000e+01 7.072830000000000504e-46
4.000000000000000000e+01 6.909380000000000168e-46
4.025000000000000000e+01 6.746379999999999648e-46
4.050000000000000000e+01 6.587640000000000187e-46
4.075000000000000000e+01 6.430090000000000292e-46
4.100000000000000000e+01 6.276200000000000145e-46
4.125000000000000000e+01 6.129220000000000232e-46
4.150000000000000000e+01 5.985320000000000202e-46
4.175000000000000000e+01 5.846720000000000079e-46
4.200000000000000000e+01 5.712759999999999666e-46
4.225000000000000000e+01 5.582970000000000038e-46
4.250000000000000000e+01 5.459389999999999894e-46
4.275000000000000000e+01 5.339389999999999946e-46
4.300000000000000000e+01 5.222660000000000372e-46
4.325000000000000000e+01 5.111460000000000197e-46
4.350000000000000000e+01 5.004670000000000241e-46
4.375000000000000000e+01 4.903470000000000127e-46
4.400000000000000000e+01 4.809210000000000079e-46
4.425000000000000000e+01 4.721399999999999728e-46
4.450000000000000000e+01 4.642519999999999979e-46
4.475000000000000000e+01 4.576270000000000356e-46
4.500000000000000000e+01 4.526000000000000008e-46
4.525000000000000000e+01 4.497320000000000220e-46
4.550000000000000000e+01 4.499260000000000257e-46
4.575000000000000000e+01 4.541199999999999758e-46
4.600000000000000000e+01 1.000000000000000000e+00
4.625000000000000000e+01 1.000000000000000000e+00
4.650000000000000000e+01 1.000000000000000000e+00
4.675000000000000000e+01 1.000000000000000000e+00
4.700000000000000000e+01 1.000000000000000000e+00
4.725000000000000000e+01 1.000000000000000000e+00
4.750000000000000000e+01 1.000000000000000000e+00
4.775000000000000000e+01 1.000000000000000000e+00
4.800000000000000000e+01 1.000000000000000000e+00
4.825000000000000000e+01 1.000000000000000000e+00
4.850000000000000000e+01 1.000000000000000000e+00
4.875000000000000000e+01 1.000000000000000000e+00
4.900000000000000000e+01 1.000000000000000000e+00
4.925000000000000000e+01 1.000000000000000000e+00
4.950000000000000000e+01 1.000000000000000000e+00
4.975000000000000000e+01 1.000000000000000000e+00
5.000000000000000000e+01 1.000000000000000000e+00
5.025000000000000000e+01 1.000000000000000000e+00
5.050000000000000000e+01 1.000000000000000000e+00
5.075000000000000000e+01 1.000000000000000000e+00
5.100000000000000000e+01 1.000000000000000000e+00
5.125000000000000000e+01 5.423389999999999832e-46
5.150000000000000000e+01 4.505009999999999981e-46
5.175000000000000000e+01 3.873359999999999954e-46
5.200000000000000000e+01 3.456529999999999902e-46
5.225000000000000000e+01 3.169209999999999878e-46
5.250000000000000000e+01 2.960579999999999888e-46
5.275000000000000000e+01 2.800520000000000033e-46
5.300000000000000000e+01 2.675240000000000066e-46
5.325000000000000000e+01 2.575149999999999964e-46
5.350000000000000000e+01 2.494620000000000111e-46
5.375000000000000000e+01 2.429919999999999984e-46
5.400000000000000000e+01 2.375149999999999920e-46
5.425000000000000000e+01 2.328250000000000166e-46
5.450000000000000000e+01 2.285500000000000140e-46
5.475000000000000000e+01 2.246650000000000076e-46
5.500000000000000000e+01 2.210580000000000017e-46
5.525000000000000000e+01 2.177089999999999914e-46
5.550000000000000000e+01 2.145580000000000012e-46
5.575000000000000000e+01 2.115219999999999900e-46
5.600000000000000000e+01 2.086009999999999966e-46
5.625000000000000000e+01 2.058849999999999842e-46
5.650000000000000000e+01 2.032559999999999907e-46
5.675000000000000000e+01 2.007700000000000139e-46
5.700000000000000000e+01 1.982999999999999865e-46
5.725000000000000000e+01 1.959859999999999809e-46
5.750000000000000000e+01 1.937630000000000107e-46
5.775000000000000000e+01 1.917000000000000010e-46
5.800000000000000000e+01 1.898739999999999878e-46
5.825000000000000000e+01 1.882179999999999958e-46
5.850000000000000000e+01 1.867999999999999947e-46
5.875000000000000000e+01 1.858930000000000129e-46
5.900000000000000000e+01 1.855880000000000079e-46
5.925000000000000000e+01 1.859620000000000158e-46
5.950000000000000000e+01 1.876370000000000182e-46
5.975000000000000000e+01 1.910079999999999832e-46
6.000000000000000000e+01 1.965100000000000053e-46
6.025000000000000000e+01 2.054060000000000193e-46
6.050000000000000000e+01 2.204180000000000040e-46
6.075000000000000000e+01 2.489210000000000041e-46
6.100000000000000000e+01 3.022780000000000000e-46
6.125000000000000000e+01 4.103030000000000081e-46
6.150000000000000000e+01 9.271860000000000575e-46
6.175000000000000000e+01 8.025699999999999531e-46
6.200000000000000000e+01 1.368750000000000038e-45
6.225000000000000000e+01 2.822199999999999779e-45
6.250000000000000000e+01 7.206959999999999654e-45
6.275000000000000000e+01 1.423020000000000098e-45
6.300000000000000000e+01 6.947649999999999976e-46
6.325000000000000000e+01 4.422449999999999817e-46
6.350000000000000000e+01 3.249870000000000170e-46
6.375000000000000000e+01 2.514350000000000187e-46
6.400000000000000000e+01 2.076200000000000009e-46
6.425000000000000000e+01 1.829289999999999878e-46
6.450000000000000000e+01 1.685829999999999914e-46
6.475000000000000000e+01 1.593340000000000076e-46
6.500000000000000000e+01 1.527340000000000026e-46
6.525000000000000000e+01 1.478950000000000051e-46
6.550000000000000000e+01 1.441130000000000059e-46
6.575000000000000000e+01 1.413279999999999906e-46
6.600000000000000000e+01 1.389319999999999964e-46
6.625000000000000000e+01 1.369870000000000072e-46
6.650000000000000000e+01 1.353290000000000070e-46
6.675000000000000000e+01 1.338819999999999931e-46
6.700000000000000000e+01 1.326120000000000002e-46
6.725000000000000000e+01 1.314160000000000017e-46
6.750000000000000000e+01 1.303539999999999925e-46
6.775000000000000000e+01 1.293319999999999928e-46
6.800000000000000000e+01 1.283640000000000022e-46
6.825000000000000000e+01 1.274239999999999911e-46
6.850000000000000000e+01 1.265119999999999983e-46
6.875000000000000000e+01 1.256420000000000039e-46
6.900000000000000000e+01 1.248320000000000045e-46
6.925000000000000000e+01 1.240309999999999935e-46
6.950000000000000000e+01 1.232750000000000031e-46
6.975000000000000000e+01 1.225130000000000074e-46
7.000000000000000000e+01 1.217900000000000074e-46
7.025000000000000000e+01 1.210859999999999983e-46
7.050000000000000000e+01 1.204170000000000073e-46
7.075000000000000000e+01 1.197500000000000051e-46
7.100000000000000000e+01 1.191310000000000067e-46
7.125000000000000000e+01 1.184880000000000064e-46
7.150000000000000000e+01 1.178959999999999930e-46
7.175000000000000000e+01 1.173109999999999988e-46
7.200000000000000000e+01 1.167339999999999987e-46
7.225000000000000000e+01 1.161679999999999954e-46
7.250000000000000000e+01 1.156569999999999956e-46
7.275000000000000000e+01 1.151149999999999942e-46
7.300000000000000000e+01 1.146300000000000045e-46
7.325000000000000000e+01 1.141099999999999967e-46
7.350000000000000000e+01 1.136150000000000046e-46
7.375000000000000000e+01 1.131220000000000013e-46
7.400000000000000000e+01 1.126429999999999974e-46
7.425000000000000000e+01 1.122070000000000059e-46
7.450000000000000000e+01 1.117539999999999927e-46
7.475000000000000000e+01 1.113280000000000035e-46
7.500000000000000000e+01 1.109339999999999908e-46
7.525000000000000000e+01 1.105390000000000032e-46
7.550000000000000000e+01 1.101420000000000074e-46
7.575000000000000000e+01 1.097630000000000080e-46
7.600000000000000000e+01 1.093670000000000066e-46
7.625000000000000000e+01 1.089850000000000046e-46
7.650000000000000000e+01 1.086259999999999906e-46
7.675000000000000000e+01 1.083119999999999971e-46
7.700000000000000000e+01 1.079819999999999958e-46
7.725000000000000000e+01 1.076829999999999962e-46
7.750000000000000000e+01 1.073629999999999974e-46
7.775000000000000000e+01 1.070679999999999948e-46
7.800000000000000000e+01 1.067470000000000016e-46
7.825000000000000000e+01 1.064879999999999921e-46
7.850000000000000000e+01 1.062000000000000087e-46
7.875000000000000000e+01 1.059120000000000059e-46
7.900000000000000000e+01 1.056429999999999940e-46
7.925000000000000000e+01 1.053959999999999951e-46
7.950000000000000000e+01 1.051330000000000080e-46
7.975000000000000000e+01 1.049099999999999916e-46
8.000000000000000000e+01 1.046540000000000042e-46
8.025000000000000000e+01 1.044469999999999955e-46
8.050000000000000000e+01 1.042220000000000096e-46
8.075000000000000000e+01 1.040010000000000015e-46
8.100000000000000000e+01 1.037780000000000045e-46
8.125000000000000000e+01 1.035900000000000061e-46
8.150000000000000000e+01 1.033799999999999948e-46
8.175000000000000000e+01 1.031849999999999967e-46
8.200000000000000000e+01 1.030070000000000007e-46
8.225000000000000000e+01 1.028430000000000043e-46
8.250000000000000000e+01 1.026849999999999937e-46
8.275000000000000000e+01 1.025330000000000078e-46
8.300000000000000000e+01 1.023919999999999994e-46
8.325000000000000000e+01 1.022590000000000045e-46
8.350000000000000000e+01 1.021559999999999973e-46
8.375000000000000000e+01 1.020640000000000064e-46
8.400000000000000000e+01 1.019749999999999987e-46
8.425000000000000000e+01 1.018830000000000078e-46
8.450000000000000000e+01 1.017879999999999948e-46
8.475000000000000000e+01 1.016960000000000039e-46
8.500000000000000000e+01 1.016300000000000036e-46
8.525000000000000000e+01 1.015689999999999948e-46
8.550000000000000000e+01 1.015089999999999999e-46
8.575000000000000000e+01 1.014569999999999991e-46
8.600000000000000000e+01 1.014129999999999925e-46
8.625000000000000000e+01 1.013609999999999917e-46
8.650000000000000000e+01 1.013259999999999931e-46
8.675000000000000000e+01 1.012949999999999915e-46
8.700000000000000000e+01 1.013009999999999968e-46
8.725000000000000000e+01 1.012900000000000000e-46
8.750000000000000000e+01 1.012669999999999925e-46
8.775000000000000000e+01 1.012720000000000035e-46
8.800000000000000000e+01 1.012710000000000091e-46
8.825000000000000000e+01 1.012710000000000091e-46
8.850000000000000000e+01 1.013079999999999965e-46
8.875000000000000000e+01 1.013399999999999925e-46
8.900000000000000000e+01 1.013860000000000074e-46
8.925000000000000000e+01 1.014429999999999997e-46
8.950000000000000000e+01 1.015150000000000052e-46
8.975000000000000000e+01 1.015449999999999930e-46
9.000000000000000000e+01 1.016169999999999986e-46
9.025000000000000000e+01 1.016680000000000049e-46
9.050000000000000000e+01 1.017340000000000052e-46
9.075000000000000000e+01 1.018059999999999913e-46
9.100000000000000000e+01 1.018949999999999990e-46
9.125000000000000000e+01 1.019789999999999958e-46
9.150000000000000000e+01 1.020799999999999947e-46
9.175000000000000000e+01 1.021820000000000074e-46
9.200000000000000000e+01 1.022900000000000060e-46
9.225000000000000000e+01 1.024039999999999906e-46
9.250000000000000000e+01 1.025340000000000022e-46
9.275000000000000000e+01 1.026769999999999995e-46
9.300000000000000000e+01 1.028229999999999995e-46
9.325000000000000000e+01 1.029650000000000024e-46
9.350000000000000000e+01 1.031180000000000020e-46
9.375000000000000000e+01 1.032990000000000006e-46
9.400000000000000000e+01 1.035049999999999955e-46
9.425000000000000000e+01 1.037579999999999997e-46
9.450000000000000000e+01 1.040399999999999972e-46
9.475000000000000000e+01 1.044010000000000000e-46
9.500000000000000000e+01 1.047849999999999908e-46
9.525000000000000000e+01 1.053029999999999904e-46
9.550000000000000000e+01 1.058180000000000067e-46
9.575000000000000000e+01 1.064729999999999982e-46
9.600000000000000000e+01 1.072659999999999956e-46
9.625000000000000000e+01 1.082690000000000043e-46
9.650000000000000000e+01 1.094099999999999993e-46
9.675000000000000000e+01 1.106939999999999917e-46
9.700000000000000000e+01 1.120620000000000003e-46
9.725000000000000000e+01 1.135530000000000014e-46
9.750000000000000000e+01 1.152089999999999934e-46
9.775000000000000000e+01 1.170630000000000055e-46
9.800000000000000000e+01 1.192229999999999976e-46
9.825000000000000000e+01 1.217649999999999917e-46
9.850000000000000000e+01 1.257040000000000071e-46
9.875000000000000000e+01 1.322990000000000011e-46
9.900000000000000000e+01 1.451100000000000093e-46
9.925000000000000000e+01 1.733649999999999967e-46
9.950000000000000000e+01 2.573359999999999866e-46
9.975000000000000000e+01 6.485030000000000183e-46
1.000000000000000000e+02 3.615830000000000119e-45
1.002500000000000000e+02 5.706260000000000249e-46
1.005000000000000000e+02 3.315269999999999881e-46
1.007500000000000000e+02 4.778539999999999757e-46
1.010000000000000000e+02 2.051409999999999850e-45
1.012500000000000000e+02 1.892260000000000038e-45
1.015000000000000000e+02 4.202779999999999751e-46
1.017500000000000000e+02 2.258060000000000027e-46
1.020000000000000000e+02 1.684889999999999922e-46
1.022500000000000000e+02 1.451900000000000090e-46
1.025000000000000000e+02 1.340279999999999931e-46
1.027500000000000000e+02 1.280759999999999994e-46
1.030000000000000000e+02 1.246330000000000093e-46
1.032500000000000000e+02 1.220779999999999908e-46
1.035000000000000000e+02 1.199760000000000048e-46
1.037500000000000000e+02 1.182259999999999942e-46
1.040000000000000000e+02 1.167950000000000075e-46
1.042500000000000000e+02 1.156490000000000015e-46
1.045000000000000000e+02 1.147520000000000026e-46
1.047500000000000000e+02 1.140239999999999916e-46
1.050000000000000000e+02 1.135380000000000075e-46
1.052500000000000000e+02 1.131829999999999906e-46
1.055000000000000000e+02 1.129650000000000045e-46
1.057500000000000000e+02 1.128530000000000088e-46
1.060000000000000000e+02 1.128209999999999934e-46
1.062500000000000000e+02 1.128199999999999990e-46
1.065000000000000000e+02 1.128839999999999910e-46
1.067500000000000000e+02 1.129599999999999936e-46
1.070000000000000000e+02 1.130830000000000056e-46
1.072500000000000000e+02 1.132209999999999919e-46
1.075000000000000000e+02 1.133799999999999969e-46
1.077500000000000000e+02 1.135550000000000097e-46
1.080000000000000000e+02 1.137430000000000080e-46
1.082500000000000000e+02 1.139329999999999951e-46
1.085000000000000000e+02 1.141589999999999948e-46
1.087500000000000000e+02 1.143609999999999926e-46
1.090000000000000000e+02 1.145890000000000005e-46
1.092500000000000000e+02 1.147790000000000071e-46
1.095000000000000000e+02 1.149990000000000014e-46
1.097500000000000000e+02 1.152329999999999952e-46
1.100000000000000000e+02 1.154460000000000093e-46
1.102500000000000000e+02 1.156849999999999945e-46
1.105000000000000000e+02 1.159169999999999995e-46
1.107500000000000000e+02 1.161310000000000080e-46
1.110000000000000000e+02 1.163459999999999914e-46
1.112500000000000000e+02 1.165679999999999940e-46
1.115000000000000000e+02 1.168100000000000013e-46
1.117500000000000000e+02 1.170450000000000090e-46
1.120000000000000000e+02 1.172729999999999975e-46
1.122500000000000000e+02 1.175169999999999936e-46
1.125000000000000000e+02 1.177399999999999906e-46
1.127500000000000000e+02 1.179780000000000009e-46
1.130000000000000000e+02 1.182110000000000003e-46
1.132500000000000000e+02 1.184780000000000040e-46
1.135000000000000000e+02 1.187100000000000090e-46
1.137500000000000000e+02 1.189610000000000049e-46
1.140000000000000000e+02 1.191770000000000021e-46
1.142500000000000000e+02 1.194139999999999986e-46
1.145000000000000000e+02 1.196679999999999972e-46
1.147500000000000000e+02 1.198960000000000051e-46
1.150000000000000000e+02 1.201269999999999962e-46
1.152500000000000000e+02 1.203660000000000009e-46
1.155000000000000000e+02 1.206029999999999974e-46
1.157500000000000000e+02 1.208319999999999997e-46
1.160000000000000000e+02 1.210629999999999908e-46
1.162500000000000000e+02 1.212909999999999987e-46
1.165000000000000000e+02 1.215340000000000005e-46
1.167500000000000000e+02 1.217819999999999938e-46
1.170000000000000000e+02 1.220279999999999982e-46
1.172500000000000000e+02 1.222959999999999963e-46
1.175000000000000000e+02 1.225569999999999946e-46
1.177500000000000000e+02 1.228150000000000097e-46
1.180000000000000000e+02 1.230630000000000029e-46
1.182500000000000000e+02 1.232979999999999911e-46
1.185000000000000000e+02 1.235439999999999956e-46
1.187500000000000000e+02 1.237960000000000054e-46
1.190000000000000000e+02 1.240390000000000071e-46
1.192500000000000000e+02 1.243240000000000073e-46
1.195000000000000000e+02 1.245699999999999923e-46
1.197500000000000000e+02 1.248409999999999930e-46
1.200000000000000000e+02 1.250820000000000060e-46
1.202500000000000000e+02 1.253409999999999960e-46
1.205000000000000000e+02 1.255940000000000002e-46
1.207500000000000000e+02 1.258530000000000097e-46
1.210000000000000000e+02 1.261239999999999910e-46
1.212500000000000000e+02 1.263710000000000093e-46
1.215000000000000000e+02 1.266320000000000076e-46
1.217500000000000000e+02 1.268800000000000008e-46
1.220000000000000000e+02 1.271489999999999933e-46
1.222500000000000000e+02 1.274089999999999972e-46
1.225000000000000000e+02 1.276699999999999955e-46
1.227500000000000000e+02 1.279290000000000050e-46
1.230000000000000000e+02 1.281830000000000036e-46
1.232500000000000000e+02 1.284440000000000019e-46
1.235000000000000000e+02 1.286930000000000090e-46
1.237500000000000000e+02 1.289300000000000055e-46
1.240000000000000000e+02 1.292129999999999974e-46
1.242500000000000000e+02 1.294830000000000037e-46
1.245000000000000000e+02 1.297409999999999993e-46
1.247500000000000000e+02 1.300129999999999944e-46
1.250000000000000000e+02 1.302839999999999951e-46
1.252500000000000000e+02 1.305390000000000076e-46
1.255000000000000000e+02 1.307900000000000035e-46
1.257500000000000000e+02 1.310519999999999962e-46
1.260000000000000000e+02 1.313309999999999911e-46
1.262500000000000000e+02 1.316089999999999915e-46
1.265000000000000000e+02 1.318750000000000007e-46
1.267500000000000000e+02 1.321530000000000012e-46
1.270000000000000000e+02 1.324170000000000021e-46
1.272500000000000000e+02 1.326919999999999999e-46
1.275000000000000000e+02 1.329410000000000070e-46
1.277500000000000000e+02 1.332279999999999960e-46
1.280000000000000000e+02 1.334879999999999999e-46
1.282500000000000000e+02 1.337610000000000089e-46
1.285000000000000000e+02 1.340349999999999928e-46
1.287500000000000000e+02 1.343390000000000033e-46
1.290000000000000000e+02 1.346189999999999926e-46
1.292500000000000000e+02 1.348789999999999965e-46
1.295000000000000000e+02 1.351340000000000089e-46
1.297500000000000000e+02 1.353999999999999987e-46
1.300000000000000000e+02 1.356670000000000024e-46
1.302500000000000000e+02 1.359389999999999975e-46
1.305000000000000000e+02 1.361840000000000075e-46
1.307500000000000000e+02 1.364399999999999949e-46
1.310000000000000000e+02 1.367069999999999985e-46
1.312500000000000000e+02 1.369829999999999907e-46
1.315000000000000000e+02 1.372340000000000061e-46
1.317500000000000000e+02 1.375109999999999927e-46
1.320000000000000000e+02 1.377919999999999958e-46
1.322500000000000000e+02 1.380589999999999994e-46
1.325000000000000000e+02 1.383160000000000007e-46
1.327500000000000000e+02 1.385510000000000083e-46
1.330000000000000000e+02 1.388090000000000039e-46
1.332500000000000000e+02 1.390539999999999945e-46
1.335000000000000000e+02 1.393149999999999929e-46
1.337500000000000000e+02 1.395880000000000018e-46
1.340000000000000000e+02 1.398550000000000055e-46
1.342500000000000000e+02 1.401090000000000040e-46
1.345000000000000000e+02 1.403630000000000026e-46
1.347500000000000000e+02 1.406020000000000073e-46
1.350000000000000000e+02 1.408789999999999939e-46
1.352500000000000000e+02 1.411240000000000040e-46
1.355000000000000000e+02 1.413680000000000001e-46
1.357500000000000000e+02 1.416219999999999987e-46
1.360000000000000000e+02 1.418710000000000058e-46
1.362500000000000000e+02 1.421360000000000012e-46
1.365000000000000000e+02 1.423869999999999971e-46
1.367500000000000000e+02 1.426360000000000042e-46
1.370000000000000000e+02 1.428870000000000002e-46
1.372500000000000000e+02 1.431239999999999966e-46
1.375000000000000000e+02 1.433630000000000013e-46
1.377500000000000000e+02 1.436109999999999946e-46
1.380000000000000000e+02 1.438660000000000070e-46
1.382500000000000000e+02 1.441109999999999976e-46
1.385000000000000000e+02 1.443330000000000002e-46
1.387500000000000000e+02 1.445799999999999990e-46
1.390000000000000000e+02 1.448180000000000094e-46
1.392500000000000000e+02 1.450420000000000007e-46
1.395000000000000000e+02 1.453009999999999908e-46
1.397500000000000000e+02 1.455380000000000067e-46
1.400000000000000000e+02 1.457689999999999978e-46
1.402500000000000000e+02 1.460040000000000055e-46
1.405000000000000000e+02 1.462270000000000025e-46
1.407500000000000000e+02 1.464700000000000043e-46
1.410000000000000000e+02 1.467090000000000090e-46
1.412500000000000000e+02 1.469220000000000036e-46
1.415000000000000000e+02 1.471349999999999982e-46
1.417500000000000000e+02 1.473679999999999976e-46
1.420000000000000000e+02 1.475990000000000081e-46
1.422500000000000000e+02 1.478339999999999963e-46
1.425000000000000000e+02 1.480590000000000016e-46
1.427500000000000000e+02 1.483109999999999919e-46
1.430000000000000000e+02 1.485849999999999953e-46
1.432500000000000000e+02 1.489119999999999938e-46
1.435000000000000000e+02 1.493359999999999942e-46
1.437500000000000000e+02 1.498130000000000092e-46
1.440000000000000000e+02 1.504309999999999938e-46
1.442500000000000000e+02 1.512849999999999999e-46
1.445000000000000000e+02 1.524000000000000044e-46
1.447500000000000000e+02 1.539580000000000001e-46
1.450000000000000000e+02 1.561169999999999978e-46
1.452500000000000000e+02 1.594460000000000033e-46
1.455000000000000000e+02 1.644429999999999920e-46
1.457500000000000000e+02 1.718629999999999988e-46
1.460000000000000000e+02 1.832040000000000050e-46
1.462500000000000000e+02 2.015300000000000014e-46
1.465000000000000000e+02 2.315130000000000058e-46
1.467500000000000000e+02 2.815510000000000180e-46
1.470000000000000000e+02 3.657469999999999743e-46
1.472500000000000000e+02 5.098390000000000199e-46
1.475000000000000000e+02 7.613980000000000449e-46
1.477500000000000000e+02 1.216179999999999973e-45
1.480000000000000000e+02 2.061090000000000145e-45
1.482500000000000000e+02 3.692899999999999883e-45
1.485000000000000000e+02 7.032189999999999486e-45
1.487500000000000000e+02 1.441919999999999964e-44
1.490000000000000000e+02 3.248260000000000154e-44
1.492500000000000000e+02 7.711019999999999506e-44
1.495000000000000000e+02 2.029050000000000063e-43
1.497500000000000000e+02 1.384410000000000045e-42
1.500000000000000000e+02 3.905850000000000150e-42
1.502500000000000000e+02 2.883599999999999976e-43
1.505000000000000000e+02 9.583410000000000749e-44
1.507500000000000000e+02 4.041779999999999928e-44
1.510000000000000000e+02 1.737269999999999978e-44
1.512500000000000000e+02 8.263930000000000306e-45
1.515000000000000000e+02 4.253179999999999838e-45
1.517500000000000000e+02 2.331249999999999950e-45
1.520000000000000000e+02 1.356620000000000070e-45
1.522500000000000000e+02 8.369750000000000710e-46
1.525000000000000000e+02 5.522959999999999731e-46
1.527500000000000000e+02 3.902469999999999670e-46
1.530000000000000000e+02 2.972609999999999871e-46
1.532500000000000000e+02 2.427520000000000188e-46
1.535000000000000000e+02 2.105549999999999938e-46
1.537500000000000000e+02 1.912390000000000132e-46
1.540000000000000000e+02 1.792309999999999853e-46
1.542500000000000000e+02 1.716369999999999991e-46
1.545000000000000000e+02 1.667340000000000096e-46
1.547500000000000000e+02 1.635839999999999944e-46
1.550000000000000000e+02 1.615189999999999959e-46
1.552500000000000000e+02 1.602749999999999937e-46
1.555000000000000000e+02 1.594810000000000019e-46
1.557500000000000000e+02 1.590880000000000031e-46
1.560000000000000000e+02 1.589429999999999976e-46
1.562500000000000000e+02 1.589280000000000037e-46
1.565000000000000000e+02 1.589779999999999963e-46
1.567500000000000000e+02 1.590439999999999965e-46
1.570000000000000000e+02 1.591600000000000087e-46
1.572500000000000000e+02 1.592979999999999951e-46
1.575000000000000000e+02 1.594469999999999977e-46
1.577500000000000000e+02 1.595150000000000062e-46
1.580000000000000000e+02 1.596249999999999936e-46
1.582500000000000000e+02 1.597019999999999907e-46
1.585000000000000000e+02 1.597170000000000040e-46
1.587500000000000000e+02 1.598499999999999989e-46
1.590000000000000000e+02 1.598019999999999952e-46
1.592500000000000000e+02 1.598159999999999946e-46
1.595000000000000000e+02 1.598299999999999941e-46
1.597500000000000000e+02 1.598479999999999906e-46
1.600000000000000000e+02 1.598679999999999954e-46
1.602500000000000000e+02 1.599180000000000074e-46
1.605000000000000000e+02 1.599169999999999935e-46
1.607500000000000000e+02 1.599659999999999917e-46
1.610000000000000000e+02 1.599929999999999962e-46
1.612500000000000000e+02 1.600729999999999959e-46
1.615000000000000000e+02 1.601359999999999935e-46
1.617500000000000000e+02 1.602340000000000091e-46
1.620000000000000000e+02 1.603120000000000006e-46
1.622500000000000000e+02 1.603880000000000032e-46
1.625000000000000000e+02 1.605049999999999904e-46
1.627500000000000000e+02 1.605960000000000064e-46
1.630000000000000000e+02 1.607010000000000023e-46
1.632500000000000000e+02 1.608120000000000036e-46
1.635000000000000000e+02 1.608939999999999921e-46
1.637500000000000000e+02 1.609839999999999942e-46
1.640000000000000000e+02 1.610669999999999966e-46
1.642500000000000000e+02 1.611579999999999931e-46
1.645000000000000000e+02 1.612710000000000027e-46
1.647500000000000000e+02 1.613300000000000032e-46
1.650000000000000000e+02 1.614389999999999962e-46
1.652500000000000000e+02 1.615399999999999951e-46
1.655000000000000000e+02 1.615940000000000041e-46
1.657500000000000000e+02 1.617010000000000084e-46
1.660000000000000000e+02 1.617869999999999940e-46
1.662500000000000000e+02 1.618639999999999910e-46
1.665000000000000000e+02 1.619240000000000054e-46
1.667500000000000000e+02 1.619970000000000053e-46
1.670000000000000000e+02 1.620660000000000082e-46
1.672500000000000000e+02 1.621339999999999973e-46
1.675000000000000000e+02 1.621980000000000087e-46
1.677500000000000000e+02 1.622750000000000058e-46
1.680000000000000000e+02 1.623140000000000015e-46
1.682500000000000000e+02 1.623699999999999994e-46
1.685000000000000000e+02 1.624549999999999905e-46
1.687500000000000000e+02 1.625129999999999966e-46
1.690000000000000000e+02 1.625770000000000081e-46
1.692500000000000000e+02 1.626080000000000097e-46
1.695000000000000000e+02 1.626629999999999937e-46
1.697500000000000000e+02 1.627170000000000027e-46
1.700000000000000000e+02 1.627520000000000014e-46
1.702500000000000000e+02 1.628030000000000077e-46
1.705000000000000000e+02 1.628789999999999909e-46
1.707500000000000000e+02 1.629350000000000082e-46
1.710000000000000000e+02 1.629740000000000039e-46
1.712500000000000000e+02 1.630190000000000050e-46
1.715000000000000000e+02 1.630659999999999949e-46
1.717500000000000000e+02 1.630899999999999967e-46
1.720000000000000000e+02 1.631340000000000034e-46
1.722500000000000000e+02 1.631580000000000052e-46
1.725000000000000000e+02 1.632070000000000033e-46
1.727500000000000000e+02 1.632459999999999991e-46
1.730000000000000000e+02 1.632840000000000004e-46
1.732500000000000000e+02 1.633269999999999932e-46
1.735000000000000000e+02 1.633509999999999950e-46
1.737500000000000000e+02 1.633950000000000017e-46
1.740000000000000000e+02 1.634040000000000097e-46
1.742500000000000000e+02 1.634080000000000067e-46
1.745000000000000000e+02 1.634330000000000030e-46
1.747500000000000000e+02 1.634390000000000083e-46
1.750000000000000000e+02 1.634600000000000075e-46
1.752500000000000000e+02 1.635190000000000080e-46
1.755000000000000000e+02 1.635440000000000043e-46
1.757500000000000000e+02 1.635279999999999966e-46
1.760000000000000000e+02 1.635370000000000045e-46
1.762500000000000000e+02 1.635550000000000011e-46
1.765000000000000000e+02 1.635419999999999960e-46
1.767500000000000000e+02 1.635309999999999992e-46
1.770000000000000000e+02 1.635440000000000043e-46
1.772500000000000000e+02 1.635620000000000008e-46
1.775000000000000000e+02 1.635570000000000093e-46
1.777500000000000000e+02 1.635389999999999934e-46
1.780000000000000000e+02 1.635529999999999928e-46
1.782500000000000000e+02 1.635669999999999923e-46
1.785000000000000000e+02 1.635599999999999926e-46
1.787500000000000000e+02 1.635510000000000040e-46
1.790000000000000000e+02 1.635400000000000072e-46
1.792500000000000000e+02 1.635540000000000067e-46
1.795000000000000000e+02 1.635440000000000043e-46
1.797500000000000000e+02 1.635419999999999960e-46
1.800000000000000000e+02 1.635400000000000072e-46
1.802500000000000000e+02 1.635300000000000048e-46
1.805000000000000000e+02 1.635060000000000030e-46
1.807500000000000000e+02 1.635190000000000080e-46
1.810000000000000000e+02 1.635270000000000022e-46
1.812500000000000000e+02 1.634850000000000038e-46
1.815000000000000000e+02 1.634570000000000048e-46
1.817500000000000000e+02 1.634619999999999963e-46
1.820000000000000000e+02 1.634640000000000046e-46
1.822500000000000000e+02 1.634649999999999990e-46
1.825000000000000000e+02 1.634729999999999931e-46
1.827500000000000000e+02 1.634519999999999939e-46
1.830000000000000000e+02 1.634169999999999953e-46
1.832500000000000000e+02 1.634139999999999926e-46
1.835000000000000000e+02 1.634300000000000003e-46
1.837500000000000000e+02 1.634390000000000083e-46
1.840000000000000000e+02 1.634269999999999977e-46
1.842500000000000000e+02 1.634209999999999923e-46
1.845000000000000000e+02 1.634339999999999974e-46
1.847500000000000000e+02 1.634489999999999913e-46
1.850000000000000000e+02 1.634370000000000001e-46
1.852500000000000000e+02 1.634670000000000072e-46
1.855000000000000000e+02 1.634629999999999907e-46
1.857500000000000000e+02 1.634589999999999937e-46
1.860000000000000000e+02 1.634759999999999958e-46
1.862500000000000000e+02 1.634780000000000040e-46
1.865000000000000000e+02 1.634840000000000094e-46
1.867500000000000000e+02 1.635230000000000051e-46
1.870000000000000000e+02 1.635650000000000035e-46
1.872500000000000000e+02 1.636030000000000048e-46
1.875000000000000000e+02 1.636599999999999970e-46
1.877500000000000000e+02 1.637259999999999973e-46
1.880000000000000000e+02 1.638040000000000082e-46
1.882500000000000000e+02 1.638810000000000052e-46
1.885000000000000000e+02 1.639809999999999903e-46
1.887500000000000000e+02 1.641049999999999966e-46
1.890000000000000000e+02 1.642350000000000083e-46
1.892500000000000000e+02 1.644090000000000072e-46
1.895000000000000000e+02 1.645879999999999975e-46
1.897500000000000000e+02 1.648480000000000014e-46
1.900000000000000000e+02 1.651020000000000000e-46
1.902500000000000000e+02 1.654140000000000047e-46
1.905000000000000000e+02 1.657629999999999969e-46
1.907500000000000000e+02 1.661839999999999946e-46
1.910000000000000000e+02 1.666279999999999998e-46
1.912500000000000000e+02 1.671730000000000038e-46
1.915000000000000000e+02 1.678389999999999922e-46
1.917500000000000000e+02 1.685889999999999967e-46
1.920000000000000000e+02 1.694420000000000084e-46
1.922500000000000000e+02 1.704759999999999992e-46
1.925000000000000000e+02 1.717050000000000076e-46
1.927500000000000000e+02 1.730890000000000045e-46
1.930000000000000000e+02 1.747820000000000034e-46
1.932500000000000000e+02 1.768560000000000099e-46
1.935000000000000000e+02 1.792120000000000138e-46
1.937500000000000000e+02 1.822069999999999822e-46
1.940000000000000000e+02 1.857649999999999900e-46
1.942500000000000000e+02 1.902019999999999808e-46
1.945000000000000000e+02 1.955309999999999984e-46
1.947500000000000000e+02 2.021760000000000044e-46
1.950000000000000000e+02 2.104249999999999821e-46
1.952500000000000000e+02 2.202170000000000006e-46
1.955000000000000000e+02 2.295759999999999913e-46
1.957500000000000000e+02 2.406769999999999984e-46
1.960000000000000000e+02 2.545529999999999990e-46
1.962500000000000000e+02 2.721940000000000161e-46
1.965000000000000000e+02 2.952810000000000186e-46
1.967500000000000000e+02 3.260160000000000164e-46
1.970000000000000000e+02 3.689080000000000252e-46
1.972500000000000000e+02 4.306369999999999718e-46
1.975000000000000000e+02 5.223940000000000212e-46
1.977500000000000000e+02 6.651610000000000120e-46
1.980000000000000000e+02 9.041320000000000648e-46
1.982500000000000000e+02 1.344909999999999931e-45
1.985000000000000000e+02 2.304269999999999986e-45
1.987500000000000000e+02 5.025280000000000217e-45
1.990000000000000000e+02 1.638750000000000053e-44
1.992500000000000000e+02 4.317799999999999868e-44
1.995000000000000000e+02 9.176860000000000311e-45
1.997500000000000000e+02 3.457190000000000255e-45
2.000000000000000000e+02 1.812620000000000029e-45
2.002500000000000000e+02 1.136420000000000013e-45
2.005000000000000000e+02 7.934390000000000092e-46
2.007500000000000000e+02 5.983979999999999920e-46
2.010000000000000000e+02 4.764820000000000283e-46
2.012500000000000000e+02 3.981449999999999637e-46
2.015000000000000000e+02 3.452250000000000122e-46
2.017500000000000000e+02 3.078670000000000021e-46
2.020000000000000000e+02 2.804869999999999811e-46
2.022500000000000000e+02 2.596219999999999933e-46
2.025000000000000000e+02 2.438580000000000152e-46
2.027500000000000000e+02 2.312719999999999928e-46
2.030000000000000000e+02 2.209880000000000043e-46
2.032500000000000000e+02 2.117159999999999937e-46
2.035000000000000000e+02 2.024489999999999939e-46
2.037500000000000000e+02 1.950459999999999892e-46
2.040000000000000000e+02 1.892020000000000136e-46
2.042500000000000000e+02 1.843689999999999825e-46
2.045000000000000000e+02 1.804640000000000102e-46
2.047500000000000000e+02 1.772330000000000009e-46
2.050000000000000000e+02 1.744879999999999952e-46
2.052500000000000000e+02 1.722319999999999957e-46
2.055000000000000000e+02 1.702870000000000065e-46
2.057500000000000000e+02 1.686419999999999919e-46
2.060000000000000000e+02 1.672490000000000065e-46
2.062500000000000000e+02 1.660659999999999936e-46
2.065000000000000000e+02 1.649849999999999934e-46
2.067500000000000000e+02 1.640599999999999956e-46
2.070000000000000000e+02 1.632919999999999945e-46
2.072500000000000000e+02 1.626410000000000001e-46
2.075000000000000000e+02 1.620259999999999987e-46
2.077500000000000000e+02 1.614909999999999970e-46
2.080000000000000000e+02 1.609949999999999910e-46
2.082500000000000000e+02 1.605699999999999962e-46
2.085000000000000000e+02 1.601960000000000078e-46
2.087500000000000000e+02 1.598280000000000053e-46
2.090000000000000000e+02 1.595220000000000059e-46
2.092500000000000000e+02 1.592659999999999991e-46
2.095000000000000000e+02 1.590180000000000058e-46
2.097500000000000000e+02 1.587850000000000064e-46
2.100000000000000000e+02 1.585919999999999972e-46
2.102500000000000000e+02 1.584000000000000018e-46
2.105000000000000000e+02 1.582549999999999962e-46
2.107500000000000000e+02 1.580830000000000056e-46
2.110000000000000000e+02 1.579130000000000038e-46
2.112500000000000000e+02 1.577640000000000012e-46
2.115000000000000000e+02 1.575949999999999938e-46
2.117500000000000000e+02 1.574599999999999906e-46
2.120000000000000000e+02 1.573129999999999963e-46
2.122500000000000000e+02 1.571790000000000070e-46
2.125000000000000000e+02 1.570500000000000092e-46
2.127500000000000000e+02 1.569640000000000041e-46
2.130000000000000000e+02 1.568590000000000082e-46
2.132500000000000000e+02 1.567590000000000037e-46
2.135000000000000000e+02 1.566669999999999933e-46
2.137500000000000000e+02 1.565610000000000029e-46
2.140000000000000000e+02 1.564789999999999950e-46
2.142500000000000000e+02 1.563770000000000017e-46
2.145000000000000000e+02 1.562769999999999972e-46
2.147500000000000000e+02 1.561990000000000057e-46
2.150000000000000000e+02 1.561150000000000090e-46
2.152500000000000000e+02 1.560169999999999933e-46
2.155000000000000000e+02 1.559280000000000050e-46
2.157500000000000000e+02 1.558539999999999912e-46
2.160000000000000000e+02 1.557710000000000083e-46
2.162500000000000000e+02 1.556929999999999974e-46
2.165000000000000000e+02 1.556110000000000089e-46
2.167500000000000000e+02 1.555420000000000060e-46
2.170000000000000000e+02 1.554639999999999951e-46
2.172500000000000000e+02 1.554019999999999919e-46
2.175000000000000000e+02 1.553589999999999991e-46
2.177500000000000000e+02 1.552839999999999909e-46
2.180000000000000000e+02 1.552390000000000093e-46
2.182500000000000000e+02 1.551940000000000082e-46
2.185000000000000000e+02 1.551269999999999941e-46
2.187500000000000000e+02 1.550499999999999971e-46
2.190000000000000000e+02 1.549809999999999942e-46
2.192500000000000000e+02 1.549400000000000096e-46
2.195000000000000000e+02 1.548659999999999958e-46
2.197500000000000000e+02 1.547889999999999987e-46
2.200000000000000000e+02 1.547239999999999929e-46
2.202500000000000000e+02 1.546649999999999924e-46
2.205000000000000000e+02 1.545979999999999977e-46
2.207500000000000000e+02 1.545410000000000055e-46
2.210000000000000000e+02 1.544829999999999994e-46
2.212500000000000000e+02 1.544200000000000018e-46
2.215000000000000000e+02 1.543689999999999954e-46
2.217500000000000000e+02 1.543080000000000061e-46
2.220000000000000000e+02 1.542649999999999939e-46
2.222500000000000000e+02 1.542070000000000072e-46
2.225000000000000000e+02 1.541630000000000006e-46
2.227500000000000000e+02 1.541079999999999971e-46
2.230000000000000000e+02 1.540499999999999910e-46
2.232500000000000000e+02 1.539789999999999993e-46
2.235000000000000000e+02 1.539039999999999911e-46
2.237500000000000000e+02 1.538600000000000039e-46
2.240000000000000000e+02 1.538220000000000025e-46
2.242500000000000000e+02 1.537739999999999988e-46
2.245000000000000000e+02 1.536909999999999965e-46
2.247500000000000000e+02 1.536709999999999917e-46
2.250000000000000000e+02 1.536230000000000074e-46
2.252500000000000000e+02 1.535519999999999962e-46
2.255000000000000000e+02 1.535090000000000034e-46
2.257500000000000000e+02 1.534889999999999987e-46
2.260000000000000000e+02 1.534659999999999912e-46
2.262500000000000000e+02 1.534649999999999968e-46
2.265000000000000000e+02 1.535130000000000005e-46
2.267500000000000000e+02 1.535909999999999920e-46
2.270000000000000000e+02 1.537200000000000092e-46
2.272500000000000000e+02 1.540039999999999956e-46
2.275000000000000000e+02 1.545070000000000012e-46
2.277500000000000000e+02 1.553270000000000031e-46
2.280000000000000000e+02 1.545830000000000039e-46
2.282500000000000000e+02 1.538810000000000031e-46
2.285000000000000000e+02 1.534320000000000064e-46
2.287500000000000000e+02 1.532049999999999929e-46
2.290000000000000000e+02 1.530859999999999975e-46
2.292500000000000000e+02 1.529719999999999935e-46
2.295000000000000000e+02 1.528819999999999914e-46
2.297500000000000000e+02 1.527970000000000002e-46
2.300000000000000000e+02 1.527190000000000088e-46
2.302500000000000000e+02 1.526600000000000083e-46
2.305000000000000000e+02 1.525969999999999912e-46
2.307500000000000000e+02 1.524870000000000038e-46
2.310000000000000000e+02 1.524089999999999929e-46
2.312500000000000000e+02 1.523419999999999983e-46
2.315000000000000000e+02 1.522549999999999988e-46
2.317500000000000000e+02 1.521740000000000047e-46
2.320000000000000000e+02 1.520980000000000021e-46
2.322500000000000000e+02 1.520119999999999970e-46
2.325000000000000000e+02 1.519520000000000021e-46
2.327500000000000000e+02 1.518720000000000024e-46
2.330000000000000000e+02 1.517560000000000096e-46
2.332500000000000000e+02 1.516369999999999948e-46
2.335000000000000000e+02 1.515060000000000081e-46
2.337500000000000000e+02 1.513990000000000039e-46
2.340000000000000000e+02 1.513069999999999935e-46
2.342500000000000000e+02 1.512029999999999920e-46
2.345000000000000000e+02 1.510909999999999963e-46
2.347500000000000000e+02 1.509780000000000062e-46
2.350000000000000000e+02 1.508600000000000052e-46
2.352500000000000000e+02 1.507679999999999948e-46
2.355000000000000000e+02 1.506650000000000071e-46
2.357500000000000000e+02 1.505589999999999973e-46
2.360000000000000000e+02 1.504990000000000023e-46
2.362500000000000000e+02 1.504299999999999994e-46
2.365000000000000000e+02 1.503609999999999965e-46
2.367500000000000000e+02 1.502580000000000088e-46
2.370000000000000000e+02 1.501030000000000009e-46
2.372500000000000000e+02 1.499070000000000084e-46
2.375000000000000000e+02 1.497109999999999965e-46
2.377500000000000000e+02 1.494269999999999907e-46
2.380000000000000000e+02 1.491589999999999927e-46
2.382500000000000000e+02 1.488370000000000050e-46
2.385000000000000000e+02 1.484580000000000057e-46
2.387500000000000000e+02 1.479489999999999947e-46
2.390000000000000000e+02 1.474400000000000031e-46
2.392500000000000000e+02 1.468819999999999940e-46
2.395000000000000000e+02 1.462349999999999966e-46
2.397500000000000000e+02 1.455140000000000049e-46
2.400000000000000000e+02 1.448519999999999942e-46
2.402500000000000000e+02 1.441860000000000058e-46
2.405000000000000000e+02 1.434609999999999976e-46
2.407500000000000000e+02 1.427440000000000029e-46
2.410000000000000000e+02 1.417829999999999925e-46
2.412500000000000000e+02 1.408059999999999939e-46
2.415000000000000000e+02 1.398189999999999929e-46
2.417500000000000000e+02 1.389750000000000087e-46
2.420000000000000000e+02 1.381049999999999949e-46
2.422500000000000000e+02 1.373830000000000087e-46
2.425000000000000000e+02 1.364760000000000074e-46
2.427500000000000000e+02 1.357220000000000058e-46
2.430000000000000000e+02 1.352369999999999966e-46
2.432500000000000000e+02 1.349829999999999981e-46
2.435000000000000000e+02 1.347129999999999918e-46
2.437500000000000000e+02 1.345139999999999966e-46
2.440000000000000000e+02 1.342989999999999938e-46
2.442500000000000000e+02 1.340610000000000029e-46
2.445000000000000000e+02 1.338560000000000024e-46
2.447500000000000000e+02 1.336220000000000087e-46
2.450000000000000000e+02 1.333590000000000021e-46
2.452500000000000000e+02 1.331050000000000035e-46
2.455000000000000000e+02 1.328780000000000094e-46
2.457500000000000000e+02 1.327010000000000079e-46
2.460000000000000000e+02 1.325770000000000015e-46
2.462500000000000000e+02 1.327179999999999906e-46
2.465000000000000000e+02 1.335129999999999962e-46
2.467500000000000000e+02 1.345680000000000057e-46
2.470000000000000000e+02 1.356080000000000018e-46
2.472500000000000000e+02 1.362799999999999955e-46
2.475000000000000000e+02 1.376979999999999966e-46
2.477500000000000000e+02 1.396090000000000010e-46
2.480000000000000000e+02 1.414489999999999943e-46
2.482500000000000000e+02 1.453809999999999905e-46
2.485000000000000000e+02 1.512919999999999997e-46
2.487500000000000000e+02 1.557599999999999920e-46
2.490000000000000000e+02 1.551609999999999984e-46
2.492500000000000000e+02 1.521980000000000066e-46
2.495000000000000000e+02 1.478090000000000001e-46
2.497500000000000000e+02 1.416859999999999907e-46
2.500000000000000000e+02 1.328920000000000089e-46
2.502500000000000000e+02 1.210519999999999940e-46
2.505000000000000000e+02 1.077030000000000010e-46
2.507500000000000000e+02 9.496460000000000285e-47
2.510000000000000000e+02 8.296549999999999520e-47
2.512500000000000000e+02 7.137080000000000231e-47
2.515000000000000000e+02 6.050320000000000401e-47
2.517500000000000000e+02 5.010060000000000034e-47
2.520000000000000000e+02 4.052579999999999768e-47
2.522500000000000000e+02 3.326409999999999884e-47
2.525000000000000000e+02 2.913269999999999802e-47
2.527500000000000000e+02 2.707050000000000233e-47
2.530000000000000000e+02 2.649350000000000226e-47
2.532500000000000000e+02 2.717699999999999963e-47
2.535000000000000000e+02 2.913659999999999759e-47
2.537500000000000000e+02 3.264840000000000040e-47
2.540000000000000000e+02 3.799050000000000113e-47
2.542500000000000000e+02 4.564220000000000096e-47
2.545000000000000000e+02 5.641359999999999685e-47
2.547500000000000000e+02 7.172169999999999551e-47
2.550000000000000000e+02 9.338089999999999921e-47
2.552500000000000000e+02 1.242949999999999945e-46
2.555000000000000000e+02 1.660869999999999928e-46
2.557500000000000000e+02 1.077089999999999978e-44
